#                                                          
# SPHERE/IRDIS NB N_PaB filter transmission                
#                                                          
# Updated with final values on 2015-04-16 by Arthur Vigan  
# For any information, please contact <arthur.vigan@lam.fr>
#                                                          
# wavelength   N_PaB                                       
#                                                          
       400.0   0.000000000
       401.0   0.000000090
       402.0   0.000000088
       403.0   0.000000058
       404.0   0.000000012
       405.0   0.000000054
       406.0   0.000000016
       407.0   0.000000095
       408.0   0.000000029
       409.0   0.000000098
       410.0   0.000000029
       411.0   0.000000000
       412.0   0.000000000
       413.0   0.000000000
       414.0   0.000000000
       415.0   0.000000020
       416.0   0.000000006
       417.0   0.000000057
       418.0   0.000000017
       419.0   0.000000000
       420.0   0.000000068
       421.0   0.000000026
       422.0   0.000000002
       423.0   0.000000059
       424.0   0.000000035
       425.0   0.000000005
       426.0   0.000000000
       427.0   0.000000000
       428.0   0.000000000
       429.0   0.000000031
       430.0   0.000000009
       431.0   0.000000009
       432.0   0.000000003
       433.0   0.000000000
       434.0   0.000000000
       435.0   0.000000000
       436.0   0.000000000
       437.0   0.000000000
       438.0   0.000000000
       439.0   0.000000016
       440.0   0.000000005
       441.0   0.000000000
       442.0   0.000000000
       443.0   0.000000000
       444.0   0.000000000
       445.0   0.000000000
       446.0   0.000000000
       447.0   0.000000000
       448.0   0.000000000
       449.0   0.000000000
       450.0   0.000000000
       451.0   0.000000000
       452.0   0.000000000
       453.0   0.000000000
       454.0   0.000000000
       455.0   0.000000000
       456.0   0.000000000
       457.0   0.000000000
       458.0   0.000000000
       459.0   0.000000000
       460.0   0.000000000
       461.0   0.000000000
       462.0   0.000000000
       463.0   0.000000000
       464.0   0.000000000
       465.0   0.000000000
       466.0   0.000000000
       467.0   0.000000000
       468.0   0.000000000
       469.0   0.000000000
       470.0   0.000000000
       471.0   0.000000000
       472.0   0.000000000
       473.0   0.000000000
       474.0   0.000000000
       475.0   0.000000000
       476.0   0.000000000
       477.0   0.000000000
       478.0   0.000000000
       479.0   0.000000000
       480.0   0.000000000
       481.0   0.000000000
       482.0   0.000000000
       483.0   0.000000000
       484.0   0.000000000
       485.0   0.000000000
       486.0   0.000000000
       487.0   0.000000000
       488.0   0.000000000
       489.0   0.000000000
       490.0   0.000000000
       491.0   0.000000000
       492.0   0.000000000
       493.0   0.000000000
       494.0   0.000000000
       495.0   0.000000000
       496.0   0.000000000
       497.0   0.000000000
       498.0   0.000000000
       499.0   0.000000000
       500.0   0.000000000
       501.0   0.000000000
       502.0   0.000000000
       503.0   0.000000000
       504.0   0.000000040
       505.0   0.000000012
       506.0   0.000000013
       507.0   0.000000004
       508.0   0.000000000
       509.0   0.000000000
       510.0   0.000000000
       511.0   0.000000000
       512.0   0.000000040
       513.0   0.000000012
       514.0   0.000000000
       515.0   0.000000000
       516.0   0.000000000
       517.0   0.000000037
       518.0   0.000000011
       519.0   0.000000019
       520.0   0.000000016
       521.0   0.000000003
       522.0   0.000000000
       523.0   0.000000003
       524.0   0.000000001
       525.0   0.000000000
       526.0   0.000000026
       527.0   0.000000023
       528.0   0.000000005
       529.0   0.000000000
       530.0   0.000000002
       531.0   0.000000001
       532.0   0.000000000
       533.0   0.000000000
       534.0   0.000000125
       535.0   0.000000038
       536.0   0.000000000
       537.0   0.000000020
       538.0   0.000000006
       539.0   0.000000010
       540.0   0.000000003
       541.0   0.000000000
       542.0   0.000000011
       543.0   0.000000003
       544.0   0.000000008
       545.0   0.000000042
       546.0   0.000000012
       547.0   0.000000000
       548.0   0.000000000
       549.0   0.000000000
       550.0   0.000000001
       551.0   0.000000000
       552.0   0.000000000
       553.0   0.000000024
       554.0   0.000000007
       555.0   0.000000023
       556.0   0.000000007
       557.0   0.000000000
       558.0   0.000000149
       559.0   0.000000045
       560.0   0.000000000
       561.0   0.000000031
       562.0   0.000000009
       563.0   0.000000000
       564.0   0.000000000
       565.0   0.000000000
       566.0   0.000000000
       567.0   0.000000000
       568.0   0.000000000
       569.0   0.000000000
       570.0   0.000000000
       571.0   0.000000003
       572.0   0.000000039
       573.0   0.000000011
       574.0   0.000000000
       575.0   0.000000004
       576.0   0.000000001
       577.0   0.000000075
       578.0   0.000000022
       579.0   0.000000000
       580.0   0.000000000
       581.0   0.000000000
       582.0   0.000000040
       583.0   0.000000012
       584.0   0.000000000
       585.0   0.000000028
       586.0   0.000000008
       587.0   0.000000084
       588.0   0.000000067
       589.0   0.000000013
       590.0   0.000000057
       591.0   0.000000104
       592.0   0.000000026
       593.0   0.000000101
       594.0   0.000000047
       595.0   0.000000005
       596.0   0.000000000
       597.0   0.000000000
       598.0   0.000000011
       599.0   0.000000014
       600.0   0.000000003
       601.0   0.000000000
       602.0   0.000000055
       603.0   0.000000017
       604.0   0.000000021
       605.0   0.000000006
       606.0   0.000000000
       607.0   0.000000000
       608.0   0.000000000
       609.0   0.000000000
       610.0   0.000000000
       611.0   0.000000042
       612.0   0.000000013
       613.0   0.000000000
       614.0   0.000000000
       615.0   0.000000000
       616.0   0.000000000
       617.0   0.000000000
       618.0   0.000000065
       619.0   0.000000053
       620.0   0.000000021
       621.0   0.000000003
       622.0   0.000000059
       623.0   0.000000018
       624.0   0.000000045
       625.0   0.000000024
       626.0   0.000000083
       627.0   0.000000024
       628.0   0.000000023
       629.0   0.000000042
       630.0   0.000000011
       631.0   0.000000020
       632.0   0.000000006
       633.0   0.000000000
       634.0   0.000000000
       635.0   0.000000000
       636.0   0.000000048
       637.0   0.000000020
       638.0   0.000000002
       639.0   0.000000060
       640.0   0.000000018
       641.0   0.000000016
       642.0   0.000000005
       643.0   0.000000000
       644.0   0.000000000
       645.0   0.000000000
       646.0   0.000000000
       647.0   0.000000000
       648.0   0.000000000
       649.0   0.000000000
       650.0   0.000000035
       651.0   0.000000071
       652.0   0.000000093
       653.0   0.000000023
       654.0   0.000000000
       655.0   0.000000049
       656.0   0.000000015
       657.0   0.000000000
       658.0   0.000000000
       659.0   0.000000000
       660.0   0.000000003
       661.0   0.000000001
       662.0   0.000000034
       663.0   0.000000244
       664.0   0.000000791
       665.0   0.000000672
       666.0   0.000000204
       667.0   0.000000158
       668.0   0.000000352
       669.0   0.000000572
       670.0   0.000001440
       671.0   0.000002665
       672.0   0.000002990
       673.0   0.000001943
       674.0   0.000001340
       675.0   0.000002351
       676.0   0.000005564
       677.0   0.000009431
       678.0   0.000013108
       679.0   0.000018056
       680.0   0.000020079
       681.0   0.000015899
       682.0   0.000010006
       683.0   0.000007160
       684.0   0.000007733
       685.0   0.000009338
       686.0   0.000009661
       687.0   0.000009778
       688.0   0.000011599
       689.0   0.000016266
       690.0   0.000019189
       691.0   0.000015988
       692.0   0.000010893
       693.0   0.000008395
       694.0   0.000008428
       695.0   0.000009175
       696.0   0.000009274
       697.0   0.000008607
       698.0   0.000008476
       699.0   0.000009066
       700.0   0.000010098
       701.0   0.000011014
       702.0   0.000011681
       703.0   0.000012649
       704.0   0.000013774
       705.0   0.000013903
       706.0   0.000011329
       707.0   0.000007340
       708.0   0.000004112
       709.0   0.000002579
       710.0   0.000001872
       711.0   0.000001812
       712.0   0.000002506
       713.0   0.000004210
       714.0   0.000005245
       715.0   0.000003957
       716.0   0.000001873
       717.0   0.000000538
       718.0   0.000000094
       719.0   0.000000014
       720.0   0.000000019
       721.0   0.000000005
       722.0   0.000000000
       723.0   0.000000000
       724.0   0.000000000
       725.0   0.000000101
       726.0   0.000000030
       727.0   0.000000000
       728.0   0.000000049
       729.0   0.000000015
       730.0   0.000000033
       731.0   0.000000087
       732.0   0.000000039
       733.0   0.000000187
       734.0   0.000000054
       735.0   0.000000000
       736.0   0.000000088
       737.0   0.000000034
       738.0   0.000000105
       739.0   0.000000071
       740.0   0.000000012
       741.0   0.000000053
       742.0   0.000000082
       743.0   0.000000020
       744.0   0.000000007
       745.0   0.000000003
       746.0   0.000000041
       747.0   0.000000012
       748.0   0.000000000
       749.0   0.000000158
       750.0   0.000000047
       751.0   0.000000000
       752.0   0.000000000
       753.0   0.000000000
       754.0   0.000000000
       755.0   0.000000000
       756.0   0.000000000
       757.0   0.000000033
       758.0   0.000000028
       759.0   0.000000032
       760.0   0.000000082
       761.0   0.000000031
       762.0   0.000000003
       763.0   0.000000000
       764.0   0.000000000
       765.0   0.000000000
       766.0   0.000000000
       767.0   0.000000000
       768.0   0.000000000
       769.0   0.000000000
       770.0   0.000000007
       771.0   0.000000074
       772.0   0.000000022
       773.0   0.000000000
       774.0   0.000000000
       775.0   0.000000000
       776.0   0.000000000
       777.0   0.000000030
       778.0   0.000000049
       779.0   0.000000078
       780.0   0.000000020
       781.0   0.000000081
       782.0   0.000000044
       783.0   0.000000006
       784.0   0.000000067
       785.0   0.000000020
       786.0   0.000000007
       787.0   0.000000052
       788.0   0.000000015
       789.0   0.000000059
       790.0   0.000000018
       791.0   0.000000000
       792.0   0.000000090
       793.0   0.000000043
       794.0   0.000000005
       795.0   0.000000098
       796.0   0.000000124
       797.0   0.000000028
       798.0   0.000000199
       799.0   0.000000060
       800.0   0.000000000
       801.0   0.000000000
       802.0   0.000000000
       803.0   0.000000000
       804.0   0.000000000
       805.0   0.000000077
       806.0   0.000000023
       807.0   0.000000067
       808.0   0.000000020
       809.0   0.000000000
       810.0   0.000000000
       811.0   0.000000115
       812.0   0.000000076
       813.0   0.000000012
       814.0   0.000000151
       815.0   0.000000045
       816.0   0.000000000
       817.0   0.000000000
       818.0   0.000000000
       819.0   0.000000227
       820.0   0.000000192
       821.0   0.000000190
       822.0   0.000000099
       823.0   0.000000031
       824.0   0.000000127
       825.0   0.000000069
       826.0   0.000000010
       827.0   0.000000000
       828.0   0.000000000
       829.0   0.000000316
       830.0   0.000000094
       831.0   0.000000343
       832.0   0.000000102
       833.0   0.000000018
       834.0   0.000000146
       835.0   0.000000171
       836.0   0.000000063
       837.0   0.000000007
       838.0   0.000000431
       839.0   0.000000326
       840.0   0.000000716
       841.0   0.000000196
       842.0   0.000000028
       843.0   0.000000009
       844.0   0.000000049
       845.0   0.000000015
       846.0   0.000000083
       847.0   0.000000134
       848.0   0.000000033
       849.0   0.000000000
       850.0   0.000000000
       851.0   0.000000765
       852.0   0.000000968
       853.0   0.000001047
       854.0   0.000000562
       855.0   0.000000094
       856.0   0.000000000
       857.0   0.000000056
       858.0   0.000000017
       859.0   0.000000336
       860.0   0.000000112
       861.0   0.000000004
       862.0   0.000000305
       863.0   0.000000091
       864.0   0.000000024
       865.0   0.000000007
       866.0   0.000000000
       867.0   0.000000074
       868.0   0.000000022
       869.0   0.000000000
       870.0   0.000000000
       871.0   0.000001547
       872.0   0.000000719
       873.0   0.000000138
       874.0   0.000000018
       875.0   0.000000000
       876.0   0.000001567
       877.0   0.000001672
       878.0   0.000001229
       879.0   0.000001877
       880.0   0.000000795
       881.0   0.000000093
       882.0   0.000000000
       883.0   0.000002823
       884.0   0.000000843
       885.0   0.000000000
       886.0   0.000003102
       887.0   0.000003697
       888.0   0.000000828
       889.0   0.000000000
       890.0   0.000000000
       891.0   0.000000000
       892.0   0.000000000
       893.0   0.000006234
       894.0   0.000003011
       895.0   0.000000343
       896.0   0.000000000
       897.0   0.000000000
       898.0   0.000000000
       899.0   0.000000000
       900.0   0.000000000
       901.0   0.000004724
       902.0   0.000001411
       903.0   0.000000000
       904.0   0.000000000
       905.0   0.000001065
       906.0   0.000002830
       907.0   0.000004179
       908.0   0.000001484
       909.0   0.000000137
       910.0   0.000003054
       911.0   0.000000912
       912.0   0.000004014
       913.0   0.000001199
       914.0   0.000001773
       915.0   0.000000530
       916.0   0.000000000
       917.0   0.000007189
       918.0   0.000002147
       919.0   0.000001485
       920.0   0.000005004
       921.0   0.000001362
       922.0   0.000000000
       923.0   0.000000000
       924.0   0.000001634
       925.0   0.000008747
       926.0   0.000010029
       927.0   0.000007572
       928.0   0.000008454
       929.0   0.000002051
       930.0   0.000000000
       931.0   0.000000000
       932.0   0.000003149
       933.0   0.000002358
       934.0   0.000000423
       935.0   0.000001267
       936.0   0.000003572
       937.0   0.000000954
       938.0   0.000003175
       939.0   0.000000948
       940.0   0.000000000
       941.0   0.000000000
       942.0   0.000000000
       943.0   0.000009976
       944.0   0.000002980
       945.0   0.000000000
       946.0   0.000000000
       947.0   0.000002727
       948.0   0.000000815
       949.0   0.000000000
       950.0   0.000005068
       951.0   0.000006716
       952.0   0.000001554
       953.0   0.000003724
       954.0   0.000001112
       955.0   0.000000000
       956.0   0.000000000
       957.0   0.000000000
       958.0   0.000000000
       959.0   0.000004120
       960.0   0.000003738
       961.0   0.000004678
       962.0   0.000006787
       963.0   0.000006836
       964.0   0.000006418
       965.0   0.000001457
       966.0   0.000005356
       967.0   0.000001600
       968.0   0.000003011
       969.0   0.000009934
       970.0   0.000012101
       971.0   0.000005425
       972.0   0.000000782
       973.0   0.000001472
       974.0   0.000002531
       975.0   0.000007984
       976.0   0.000008653
       977.0   0.000001928
       978.0   0.000000639
       979.0   0.000000191
       980.0   0.000002308
       981.0   0.000001144
       982.0   0.000004216
       983.0   0.000001219
       984.0   0.000002687
       985.0   0.000003441
       986.0   0.000000788
       987.0   0.000000000
       988.0   0.000005503
       989.0   0.000005917
       990.0   0.000001276
       991.0   0.000002029
       992.0   0.000000849
       993.0   0.000000073
       994.0   0.000004624
       995.0   0.000001381
       996.0   0.000004749
       997.0   0.000001563
       998.0   0.000005053
       999.0   0.000001722
      1000.0   0.000000067
      1001.0   0.000000000
      1002.0   0.000000000
      1003.0   0.000000000
      1004.0   0.000002116
      1005.0   0.000002426
      1006.0   0.000002196
      1007.0   0.000000496
      1008.0   0.000000227
      1009.0   0.000000068
      1010.0   0.000002976
      1011.0   0.000003201
      1012.0   0.000000691
      1013.0   0.000008584
      1014.0   0.000005165
      1015.0   0.000000777
      1016.0   0.000000000
      1017.0   0.000000000
      1018.0   0.000000000
      1019.0   0.000003463
      1020.0   0.000002937
      1021.0   0.000003125
      1022.0   0.000006788
      1023.0   0.000002490
      1024.0   0.000002107
      1025.0   0.000000568
      1026.0   0.000000000
      1027.0   0.000000000
      1028.0   0.000005562
      1029.0   0.000004766
      1030.0   0.000001959
      1031.0   0.000000308
      1032.0   0.000007850
      1033.0   0.000002345
      1034.0   0.000000905
      1035.0   0.000003526
      1036.0   0.000000972
      1037.0   0.000000000
      1038.0   0.000000000
      1039.0   0.000000000
      1040.0   0.000004513
      1041.0   0.000001348
      1042.0   0.000003437
      1043.0   0.000001027
      1044.0   0.000004672
      1045.0   0.000014664
      1046.0   0.000010468
      1047.0   0.000001943
      1048.0   0.000003985
      1049.0   0.000001190
      1050.0   0.000000000
      1051.0   0.000000000
      1052.0   0.000005449
      1053.0   0.000004378
      1054.0   0.000005861
      1055.0   0.000001505
      1056.0   0.000001623
      1057.0   0.000002901
      1058.0   0.000000722
      1059.0   0.000006770
      1060.0   0.000004064
      1061.0   0.000000610
      1062.0   0.000007992
      1063.0   0.000005334
      1064.0   0.000003914
      1065.0   0.000002488
      1066.0   0.000000472
      1067.0   0.000001022
      1068.0   0.000004004
      1069.0   0.000005361
      1070.0   0.000001271
      1071.0   0.000000000
      1072.0   0.000008892
      1073.0   0.000003190
      1074.0   0.000000160
      1075.0   0.000004683
      1076.0   0.000001399
      1077.0   0.000001268
      1078.0   0.000000379
      1079.0   0.000008121
      1080.0   0.000007392
      1081.0   0.000011593
      1082.0   0.000014895
      1083.0   0.000003547
      1084.0   0.000002724
      1085.0   0.000005718
      1086.0   0.000001769
      1087.0   0.000000091
      1088.0   0.000004782
      1089.0   0.000001428
      1090.0   0.000000000
      1091.0   0.000001536
      1092.0   0.000000459
      1093.0   0.000002586
      1094.0   0.000001559
      1095.0   0.000000235
      1096.0   0.000002104
      1097.0   0.000004837
      1098.0   0.000001257
      1099.0   0.000007356
      1100.0   0.000002197
      1101.0   0.000000000
      1102.0   0.000001146
      1103.0   0.000000342
      1104.0   0.000000000
      1105.0   0.000006180
      1106.0   0.000001846
      1107.0   0.000000000
      1108.0   0.000000000
      1109.0   0.000001738
      1110.0   0.000003402
      1111.0   0.000007117
      1112.0   0.000001869
      1113.0   0.000000000
      1114.0   0.000000000
      1115.0   0.000000000
      1116.0   0.000000000
      1117.0   0.000000000
      1118.0   0.000001003
      1119.0   0.000000300
      1120.0   0.000009219
      1121.0   0.000012593
      1122.0   0.000002939
      1123.0   0.000003079
      1124.0   0.000000920
      1125.0   0.000000719
      1126.0   0.000000215
      1127.0   0.000001528
      1128.0   0.000002428
      1129.0   0.000001765
      1130.0   0.000010928
      1131.0   0.000012311
      1132.0   0.000002734
      1133.0   0.000000000
      1134.0   0.000000000
      1135.0   0.000000000
      1136.0   0.000003568
      1137.0   0.000001779
      1138.0   0.000001130
      1139.0   0.000003358
      1140.0   0.000008884
      1141.0   0.000002378
      1142.0   0.000007197
      1143.0   0.000002150
      1144.0   0.000000000
      1145.0   0.000000000
      1146.0   0.000001954
      1147.0   0.000000584
      1148.0   0.000005278
      1149.0   0.000001576
      1150.0   0.000000000
      1151.0   0.000000000
      1152.0   0.000008932
      1153.0   0.000002668
      1154.0   0.000000333
      1155.0   0.000000100
      1156.0   0.000002855
      1157.0   0.000006206
      1158.0   0.000001599
      1159.0   0.000000000
      1160.0   0.000004458
      1161.0   0.000003867
      1162.0   0.000002652
      1163.0   0.000000566
      1164.0   0.000000000
      1165.0   0.000001064
      1166.0   0.000000318
      1167.0   0.000000634
      1168.0   0.000000189
      1169.0   0.000002728
      1170.0   0.000000815
      1171.0   0.000001160
      1172.0   0.000003901
      1173.0   0.000001062
      1174.0   0.000000000
      1175.0   0.000000000
      1176.0   0.000004646
      1177.0   0.000007119
      1178.0   0.000001712
      1179.0   0.000006735
      1180.0   0.000002346
      1181.0   0.000000100
      1182.0   0.000000000
      1183.0   0.000003442
      1184.0   0.000001028
      1185.0   0.000004811
      1186.0   0.000001437
      1187.0   0.000000000
      1188.0   0.000005608
      1189.0   0.000001675
      1190.0   0.000000324
      1191.0   0.000000097
      1192.0   0.000000000
      1193.0   0.000000035
      1194.0   0.000000011
      1195.0   0.000000000
      1196.0   0.000004556
      1197.0   0.000006486
      1198.0   0.000001531
      1199.0   0.000014152
      1200.0   0.000005612
      1201.0   0.000003532
      1202.0   0.000000931
      1203.0   0.000000000
      1204.0   0.000011797
      1205.0   0.000010264
      1206.0   0.000008793
      1207.0   0.000010632
      1208.0   0.000005040
      1209.0   0.000003966
      1210.0   0.000003930
      1211.0   0.000004491
      1212.0   0.000007089
      1213.0   0.000001891
      1214.0   0.000004373
      1215.0   0.000007703
      1216.0   0.000009312
      1217.0   0.000011311
      1218.0   0.000005843
      1219.0   0.000016302
      1220.0   0.000017997
      1221.0   0.000020382
      1222.0   0.000019294
      1223.0   0.000014886
      1224.0   0.000015440
      1225.0   0.000018964
      1226.0   0.000017436
      1227.0   0.000024632
      1228.0   0.000028579
      1229.0   0.000020857
      1230.0   0.000029775
      1231.0   0.000028435
      1232.0   0.000032146
      1233.0   0.000036512
      1234.0   0.000034646
      1235.0   0.000041559
      1236.0   0.000040357
      1237.0   0.000051331
      1238.0   0.000067624
      1239.0   0.000069780
      1240.0   0.000078140
      1241.0   0.000094888
      1242.0   0.000100426
      1243.0   0.000122328
      1244.0   0.000137398
      1245.0   0.000157041
      1246.0   0.000177557
      1247.0   0.000211619
      1248.0   0.000252922
      1249.0   0.000300044
      1250.0   0.000358079
      1251.0   0.000418974
      1252.0   0.000506872
      1253.0   0.000608385
      1254.0   0.000736609
      1255.0   0.000908608
      1256.0   0.001138490
      1257.0   0.001455540
      1258.0   0.001871600
      1259.0   0.002435630
      1260.0   0.003212580
      1261.0   0.004330700
      1262.0   0.005897700
      1263.0   0.008252690
      1264.0   0.011777500
      1265.0   0.016804799
      1266.0   0.024551401
      1267.0   0.036650501
      1268.0   0.051395200
      1269.0   0.071562998
      1270.0   0.104098998
      1271.0   0.153762996
      1272.0   0.229084000
      1273.0   0.340124011
      1274.0   0.480331004
      1275.0   0.627233982
      1276.0   0.757930994
      1277.0   0.832548022
      1278.0   0.871474028
      1279.0   0.889271021
      1280.0   0.896580994
      1281.0   0.898320973
      1282.0   0.895148993
      1283.0   0.885616004
      1284.0   0.869899988
      1285.0   0.848820984
      1286.0   0.825393975
      1287.0   0.802125990
      1288.0   0.776696026
      1289.0   0.742808998
      1290.0   0.691721976
      1291.0   0.612266004
      1292.0   0.502070010
      1293.0   0.380005002
      1294.0   0.274544001
      1295.0   0.190355003
      1296.0   0.131987005
      1297.0   0.093344301
      1298.0   0.068815097
      1299.0   0.049380701
      1300.0   0.033836499
      1301.0   0.023115000
      1302.0   0.015963299
      1303.0   0.011352700
      1304.0   0.008215180
      1305.0   0.006038110
      1306.0   0.004540990
      1307.0   0.003430900
      1308.0   0.002629040
      1309.0   0.002065320
      1310.0   0.001645100
      1311.0   0.001327310
      1312.0   0.001081890
      1313.0   0.000877925
      1314.0   0.000727698
      1315.0   0.000607768
      1316.0   0.000506224
      1317.0   0.000420681
      1318.0   0.000353793
      1319.0   0.000299479
      1320.0   0.000260430
      1321.0   0.000227309
      1322.0   0.000200402
      1323.0   0.000171450
      1324.0   0.000154610
      1325.0   0.000136166
      1326.0   0.000115748
      1327.0   0.000107621
      1328.0   0.000091861
      1329.0   0.000083164
      1330.0   0.000069493
      1331.0   0.000062303
      1332.0   0.000047207
      1333.0   0.000046636
      1334.0   0.000042604
      1335.0   0.000030892
      1336.0   0.000033259
      1337.0   0.000035174
      1338.0   0.000028071
      1339.0   0.000025852
      1340.0   0.000019917
      1341.0   0.000016367
      1342.0   0.000024228
      1343.0   0.000015651
      1344.0   0.000017924
      1345.0   0.000009871
      1346.0   0.000001836
      1347.0   0.000003102
      1348.0   0.000004664
      1349.0   0.000006318
      1350.0   0.000001552
      1351.0   0.000000000
      1352.0   0.000000000
      1353.0   0.000000000
      1354.0   0.000001129
      1355.0   0.000005080
      1356.0   0.000001416
      1357.0   0.000004401
      1358.0   0.000001314
      1359.0   0.000000000
      1360.0   0.000000000
      1361.0   0.000000000
      1362.0   0.000004766
      1363.0   0.000001423
      1364.0   0.000009854
      1365.0   0.000002943
      1366.0   0.000000000
      1367.0   0.000003302
      1368.0   0.000000986
      1369.0   0.000000041
      1370.0   0.000012637
      1371.0   0.000009158
      1372.0   0.000001609
      1373.0   0.000009156
      1374.0   0.000002735
      1375.0   0.000001460
      1376.0   0.000001050
      1377.0   0.000000183
      1378.0   0.000000000
      1379.0   0.000005454
      1380.0   0.000004993
      1381.0   0.000002408
      1382.0   0.000000419
      1383.0   0.000003192
      1384.0   0.000003575
      1385.0   0.000000783
      1386.0   0.000000000
      1387.0   0.000000000
      1388.0   0.000005341
      1389.0   0.000006117
      1390.0   0.000001350
      1391.0   0.000000000
      1392.0   0.000009225
      1393.0   0.000002755
      1394.0   0.000000000
      1395.0   0.000000000
      1396.0   0.000000000
      1397.0   0.000000000
      1398.0   0.000000000
      1399.0   0.000000000
      1400.0   0.000008091
      1401.0   0.000006355
      1402.0   0.000001176
      1403.0   0.000000000
      1404.0   0.000000000
      1405.0   0.000002871
      1406.0   0.000002295
      1407.0   0.000003776
      1408.0   0.000002011
      1409.0   0.000001254
      1410.0   0.000002987
      1411.0   0.000002854
      1412.0   0.000004839
      1413.0   0.000001341
      1414.0   0.000005477
      1415.0   0.000003068
      1416.0   0.000003913
      1417.0   0.000001664
      1418.0   0.000001801
      1419.0   0.000002563
      1420.0   0.000002254
      1421.0   0.000000488
      1422.0   0.000000000
      1423.0   0.000000000
      1424.0   0.000000000
      1425.0   0.000000417
      1426.0   0.000004217
      1427.0   0.000006556
      1428.0   0.000001593
      1429.0   0.000000911
      1430.0   0.000000272
      1431.0   0.000000000
      1432.0   0.000000000
      1433.0   0.000000000
      1434.0   0.000000000
      1435.0   0.000000000
      1436.0   0.000003114
      1437.0   0.000000930
      1438.0   0.000000000
      1439.0   0.000003182
      1440.0   0.000007731
      1441.0   0.000002025
      1442.0   0.000000000
      1443.0   0.000001635
      1444.0   0.000000488
      1445.0   0.000001863
      1446.0   0.000000556
      1447.0   0.000001429
      1448.0   0.000001128
      1449.0   0.000000210
      1450.0   0.000000000
      1451.0   0.000000980
      1452.0   0.000004541
      1453.0   0.000006349
      1454.0   0.000001517
      1455.0   0.000009251
      1456.0   0.000002763
      1457.0   0.000000000
      1458.0   0.000007424
      1459.0   0.000005937
      1460.0   0.000001111
      1461.0   0.000000000
      1462.0   0.000000000
      1463.0   0.000000000
      1464.0   0.000002507
      1465.0   0.000000749
      1466.0   0.000000000
      1467.0   0.000000000
      1468.0   0.000016207
      1469.0   0.000007088
      1470.0   0.000004229
      1471.0   0.000002394
      1472.0   0.000000398
      1473.0   0.000000000
      1474.0   0.000001020
      1475.0   0.000002129
      1476.0   0.000001666
      1477.0   0.000000335
      1478.0   0.000000236
      1479.0   0.000000071
      1480.0   0.000002582
      1481.0   0.000001491
      1482.0   0.000000215
      1483.0   0.000000000
      1484.0   0.000000000
      1485.0   0.000004454
      1486.0   0.000001330
      1487.0   0.000000000
      1488.0   0.000000000
      1489.0   0.000000000
      1490.0   0.000001276
      1491.0   0.000001511
      1492.0   0.000000338
      1493.0   0.000000148
      1494.0   0.000000176
      1495.0   0.000000040
      1496.0   0.000000000
      1497.0   0.000000000
      1498.0   0.000000000
      1499.0   0.000000000
      1500.0   0.000000000
      1501.0   0.000001119
      1502.0   0.000004637
      1503.0   0.000001285
      1504.0   0.000000000
      1505.0   0.000000000
      1506.0   0.000000000
      1507.0   0.000002117
      1508.0   0.000000632
      1509.0   0.000005938
      1510.0   0.000001774
      1511.0   0.000007938
      1512.0   0.000003351
      1513.0   0.000000293
      1514.0   0.000009660
      1515.0   0.000002885
      1516.0   0.000000000
      1517.0   0.000006028
      1518.0   0.000008773
      1519.0   0.000004345
      1520.0   0.000002917
      1521.0   0.000000669
      1522.0   0.000000480
      1523.0   0.000002893
      1524.0   0.000004356
      1525.0   0.000003532
      1526.0   0.000000740
      1527.0   0.000003216
      1528.0   0.000004228
      1529.0   0.000000976
      1530.0   0.000000000
      1531.0   0.000000348
      1532.0   0.000001008
      1533.0   0.000000519
      1534.0   0.000000074
      1535.0   0.000002569
      1536.0   0.000000767
      1537.0   0.000002455
      1538.0   0.000004683
      1539.0   0.000001180
      1540.0   0.000001457
      1541.0   0.000000435
      1542.0   0.000001186
      1543.0   0.000000354
      1544.0   0.000000389
      1545.0   0.000000116
      1546.0   0.000000000
      1547.0   0.000001567
      1548.0   0.000000468
      1549.0   0.000002717
      1550.0   0.000000812
      1551.0   0.000005746
      1552.0   0.000001716
      1553.0   0.000000000
      1554.0   0.000001506
      1555.0   0.000008521
      1556.0   0.000003664
      1557.0   0.000000374
      1558.0   0.000002021
      1559.0   0.000003502
      1560.0   0.000000866
      1561.0   0.000000374
      1562.0   0.000000112
      1563.0   0.000000232
      1564.0   0.000000069
      1565.0   0.000000000
      1566.0   0.000006603
      1567.0   0.000001972
      1568.0   0.000000000
      1569.0   0.000001136
      1570.0   0.000002476
      1571.0   0.000000638
      1572.0   0.000000000
      1573.0   0.000000000
      1574.0   0.000000000
      1575.0   0.000000047
      1576.0   0.000000014
      1577.0   0.000007283
      1578.0   0.000002175
      1579.0   0.000000208
      1580.0   0.000000062
      1581.0   0.000004203
      1582.0   0.000001255
      1583.0   0.000004398
      1584.0   0.000001314
      1585.0   0.000001020
      1586.0   0.000002934
      1587.0   0.000000785
      1588.0   0.000005518
      1589.0   0.000002791
      1590.0   0.000002172
      1591.0   0.000000547
      1592.0   0.000002717
      1593.0   0.000001353
      1594.0   0.000002350
      1595.0   0.000006739
      1596.0   0.000003101
      1597.0   0.000000383
      1598.0   0.000011255
      1599.0   0.000003362
      1600.0   0.000000000
      1601.0   0.000000000
      1602.0   0.000000100
      1603.0   0.000003743
      1604.0   0.000002807
      1605.0   0.000002692
      1606.0   0.000000653
      1607.0   0.000000000
      1608.0   0.000000000
      1609.0   0.000002067
      1610.0   0.000000617
      1611.0   0.000005928
      1612.0   0.000005778
      1613.0   0.000001197
      1614.0   0.000000000
      1615.0   0.000000000
      1616.0   0.000001801
      1617.0   0.000001679
      1618.0   0.000005971
      1619.0   0.000001682
      1620.0   0.000000000
      1621.0   0.000000000
      1622.0   0.000012379
      1623.0   0.000003697
      1624.0   0.000001500
      1625.0   0.000000448
      1626.0   0.000001111
      1627.0   0.000000332
      1628.0   0.000002692
      1629.0   0.000002436
      1630.0   0.000000488
      1631.0   0.000002242
      1632.0   0.000001253
      1633.0   0.000000174
      1634.0   0.000000000
      1635.0   0.000000908
      1636.0   0.000005982
      1637.0   0.000001706
      1638.0   0.000000000
      1639.0   0.000006986
      1640.0   0.000006243
      1641.0   0.000001241
      1642.0   0.000000000
      1643.0   0.000000000
      1644.0   0.000001443
      1645.0   0.000002519
      1646.0   0.000004184
      1647.0   0.000001063
      1648.0   0.000000000
      1649.0   0.000005615
      1650.0   0.000002088
      1651.0   0.000000123
      1652.0   0.000000000
      1653.0   0.000000000
      1654.0   0.000004805
      1655.0   0.000001695
      1656.0   0.000000078
      1657.0   0.000000000
      1658.0   0.000000000
      1659.0   0.000002171
      1660.0   0.000000649
      1661.0   0.000000000
      1662.0   0.000000000
      1663.0   0.000000000
      1664.0   0.000001542
      1665.0   0.000003998
      1666.0   0.000001057
      1667.0   0.000000820
      1668.0   0.000004587
      1669.0   0.000004601
      1670.0   0.000000987
      1671.0   0.000000000
      1672.0   0.000005247
      1673.0   0.000001567
      1674.0   0.000004254
      1675.0   0.000001271
      1676.0   0.000005582
      1677.0   0.000001667
      1678.0   0.000002232
      1679.0   0.000000667
      1680.0   0.000000000
      1681.0   0.000002287
      1682.0   0.000001879
      1683.0   0.000000357
      1684.0   0.000002913
      1685.0   0.000003103
      1686.0   0.000000667
      1687.0   0.000001244
      1688.0   0.000000372
      1689.0   0.000000000
      1690.0   0.000000450
      1691.0   0.000000134
      1692.0   0.000006948
      1693.0   0.000002075
      1694.0   0.000000677
      1695.0   0.000000202
      1696.0   0.000000000
      1697.0   0.000003005
      1698.0   0.000000897
      1699.0   0.000002958
      1700.0   0.000001953
      1701.0   0.000000320
      1702.0   0.000000000
      1703.0   0.000004081
      1704.0   0.000008466
      1705.0   0.000002164
      1706.0   0.000005260
      1707.0   0.000004025
      1708.0   0.000000733
      1709.0   0.000000000
      1710.0   0.000011267
      1711.0   0.000004690
      1712.0   0.000003988
      1713.0   0.000006729
      1714.0   0.000001689
      1715.0   0.000003287
      1716.0   0.000002143
      1717.0   0.000003478
      1718.0   0.000001402
      1719.0   0.000007295
      1720.0   0.000010867
      1721.0   0.000002607
      1722.0   0.000000000
      1723.0   0.000009273
      1724.0   0.000003778
      1725.0   0.000003088
      1726.0   0.000002478
      1727.0   0.000006529
      1728.0   0.000002295
      1729.0   0.000004091
      1730.0   0.000001178
      1731.0   0.000001225
      1732.0   0.000000869
      1733.0   0.000003764
      1734.0   0.000003701
      1735.0   0.000000783
      1736.0   0.000000000
      1737.0   0.000000000
      1738.0   0.000001709
      1739.0   0.000009124
      1740.0   0.000002870
      1741.0   0.000001057
      1742.0   0.000000289
      1743.0   0.000001451
      1744.0   0.000004863
      1745.0   0.000003486
      1746.0   0.000004286
      1747.0   0.000001087
      1748.0   0.000000689
      1749.0   0.000002030
      1750.0   0.000000545
      1751.0   0.000000000
      1752.0   0.000000000
      1753.0   0.000000000
      1754.0   0.000000000
      1755.0   0.000002244
      1756.0   0.000000670
      1757.0   0.000000000
      1758.0   0.000000000
      1759.0   0.000000060
      1760.0   0.000008131
      1761.0   0.000002423
      1762.0   0.000000000
      1763.0   0.000004093
      1764.0   0.000001873
      1765.0   0.000001533
      1766.0   0.000003298
      1767.0   0.000000866
      1768.0   0.000004062
      1769.0   0.000001433
      1770.0   0.000000170
      1771.0   0.000002731
      1772.0   0.000004712
      1773.0   0.000001166
      1774.0   0.000000000
      1775.0   0.000001145
      1776.0   0.000000342
      1777.0   0.000000000
      1778.0   0.000000000
      1779.0   0.000001850
      1780.0   0.000001333
      1781.0   0.000006657
      1782.0   0.000004112
      1783.0   0.000000655
      1784.0   0.000001405
      1785.0   0.000004698
      1786.0   0.000003545
      1787.0   0.000000677
      1788.0   0.000002896
      1789.0   0.000000865
      1790.0   0.000000000
      1791.0   0.000000000
      1792.0   0.000000000
      1793.0   0.000000115
      1794.0   0.000000034
      1795.0   0.000000000
      1796.0   0.000000000
      1797.0   0.000000000
      1798.0   0.000002849
      1799.0   0.000004848
      1800.0   0.000003681
      1801.0   0.000001924
      1802.0   0.000000353
      1803.0   0.000000000
      1804.0   0.000000000
      1805.0   0.000004263
      1806.0   0.000002781
      1807.0   0.000003664
      1808.0   0.000000960
      1809.0   0.000000000
      1810.0   0.000000000
      1811.0   0.000003809
      1812.0   0.000001138
      1813.0   0.000002481
      1814.0   0.000000741
      1815.0   0.000000257
      1816.0   0.000001016
      1817.0   0.000001914
      1818.0   0.000000488
      1819.0   0.000006551
      1820.0   0.000001957
      1821.0   0.000003212
      1822.0   0.000000959
      1823.0   0.000000000
      1824.0   0.000001028
      1825.0   0.000004303
      1826.0   0.000001193
      1827.0   0.000002615
      1828.0   0.000003584
      1829.0   0.000000837
      1830.0   0.000007006
      1831.0   0.000007759
      1832.0   0.000003804
      1833.0   0.000002109
      1834.0   0.000000442
      1835.0   0.000000000
      1836.0   0.000000000
      1837.0   0.000010004
      1838.0   0.000008275
      1839.0   0.000001579
      1840.0   0.000000000
      1841.0   0.000002078
      1842.0   0.000003420
      1843.0   0.000000836
      1844.0   0.000000000
      1845.0   0.000007163
      1846.0   0.000005670
      1847.0   0.000009089
      1848.0   0.000008520
      1849.0   0.000001828
      1850.0   0.000000000
      1851.0   0.000005028
      1852.0   0.000001502
      1853.0   0.000000851
      1854.0   0.000005202
      1855.0   0.000003649
      1856.0   0.000002995
      1857.0   0.000000701
      1858.0   0.000000701
      1859.0   0.000006884
      1860.0   0.000006219
      1861.0   0.000005702
      1862.0   0.000003686
      1863.0   0.000000705
      1864.0   0.000002364
      1865.0   0.000000706
      1866.0   0.000000243
      1867.0   0.000007088
      1868.0   0.000008115
      1869.0   0.000001798
      1870.0   0.000000000
      1871.0   0.000003941
      1872.0   0.000001875
      1873.0   0.000002214
      1874.0   0.000000599
      1875.0   0.000000000
      1876.0   0.000004066
      1877.0   0.000001215
      1878.0   0.000000000
      1879.0   0.000000000
      1880.0   0.000003693
      1881.0   0.000001103
      1882.0   0.000002584
      1883.0   0.000006037
      1884.0   0.000001573
      1885.0   0.000000251
      1886.0   0.000000075
      1887.0   0.000000000
      1888.0   0.000000000
      1889.0   0.000000000
      1890.0   0.000002783
      1891.0   0.000002152
      1892.0   0.000000394
      1893.0   0.000000000
      1894.0   0.000000000
      1895.0   0.000000000
      1896.0   0.000004758
      1897.0   0.000002894
      1898.0   0.000000651
      1899.0   0.000000063
      1900.0   0.000000000
      1901.0   0.000000000
      1902.0   0.000004293
      1903.0   0.000001282
      1904.0   0.000000000
      1905.0   0.000000000
      1906.0   0.000001867
      1907.0   0.000000558
      1908.0   0.000000000
      1909.0   0.000005649
      1910.0   0.000001687
      1911.0   0.000000000
      1912.0   0.000000000
      1913.0   0.000000000
      1914.0   0.000007157
      1915.0   0.000004183
      1916.0   0.000000611
      1917.0   0.000003308
      1918.0   0.000000988
      1919.0   0.000000492
      1920.0   0.000002663
      1921.0   0.000000752
      1922.0   0.000000000
      1923.0   0.000000000
      1924.0   0.000013276
      1925.0   0.000003965
      1926.0   0.000000000
      1927.0   0.000000436
      1928.0   0.000004695
      1929.0   0.000001364
      1930.0   0.000004107
      1931.0   0.000001227
      1932.0   0.000002190
      1933.0   0.000006831
      1934.0   0.000006940
      1935.0   0.000002965
      1936.0   0.000008787
      1937.0   0.000002496
      1938.0   0.000003410
      1939.0   0.000001760
      1940.0   0.000000222
      1941.0   0.000000805
      1942.0   0.000000241
      1943.0   0.000001608
      1944.0   0.000000480
      1945.0   0.000000000
      1946.0   0.000007193
      1947.0   0.000002148
      1948.0   0.000000000
      1949.0   0.000004291
      1950.0   0.000001282
      1951.0   0.000005063
      1952.0   0.000004412
      1953.0   0.000004654
      1954.0   0.000004667
      1955.0   0.000001056
      1956.0   0.000007602
      1957.0   0.000003355
      1958.0   0.000000520
      1959.0   0.000004600
      1960.0   0.000001356
      1961.0   0.000000000
      1962.0   0.000004184
      1963.0   0.000001250
      1964.0   0.000005338
      1965.0   0.000001594
      1966.0   0.000006063
      1967.0   0.000001811
      1968.0   0.000000000
      1969.0   0.000000290
      1970.0   0.000000087
      1971.0   0.000000000
      1972.0   0.000006304
      1973.0   0.000005104
      1974.0   0.000000962
      1975.0   0.000005823
      1976.0   0.000002010
      1977.0   0.000002292
      1978.0   0.000000660
      1979.0   0.000004133
      1980.0   0.000008268
      1981.0   0.000002101
      1982.0   0.000002056
      1983.0   0.000005002
      1984.0   0.000001311
      1985.0   0.000001235
      1986.0   0.000000369
      1987.0   0.000002865
      1988.0   0.000001443
      1989.0   0.000004255
      1990.0   0.000002819
      1991.0   0.000008582
      1992.0   0.000002795
      1993.0   0.000000473
      1994.0   0.000000108
      1995.0   0.000000000
      1996.0   0.000004914
      1997.0   0.000001468
      1998.0   0.000000000
      1999.0   0.000002859
      2000.0   0.000002410
      2001.0   0.000002894
      2002.0   0.000000726
      2003.0   0.000000000
      2004.0   0.000000000
      2005.0   0.000006565
      2006.0   0.000001961
      2007.0   0.000000000
      2008.0   0.000000004
      2009.0   0.000004463
      2010.0   0.000001333
      2011.0   0.000003579
      2012.0   0.000006368
      2013.0   0.000001583
      2014.0   0.000000000
      2015.0   0.000000000
      2016.0   0.000000000
      2017.0   0.000000000
      2018.0   0.000000000
      2019.0   0.000000000
      2020.0   0.000000000
      2021.0   0.000004597
      2022.0   0.000001674
      2023.0   0.000001967
      2024.0   0.000000561
      2025.0   0.000000859
      2026.0   0.000003282
      2027.0   0.000000904
      2028.0   0.000000000
      2029.0   0.000000873
      2030.0   0.000000261
      2031.0   0.000000000
      2032.0   0.000000269
      2033.0   0.000000080
      2034.0   0.000000636
      2035.0   0.000005108
      2036.0   0.000001469
      2037.0   0.000000000
      2038.0   0.000004236
      2039.0   0.000001265
      2040.0   0.000000331
      2041.0   0.000000429
      2042.0   0.000004772
      2043.0   0.000006015
      2044.0   0.000001380
      2045.0   0.000001009
      2046.0   0.000005161
      2047.0   0.000001451
      2048.0   0.000000469
      2049.0   0.000003764
      2050.0   0.000001700
      2051.0   0.000003859
      2052.0   0.000001097
      2053.0   0.000000000
      2054.0   0.000000000
      2055.0   0.000000000
      2056.0   0.000000999
      2057.0   0.000000299
      2058.0   0.000000000
      2059.0   0.000003518
      2060.0   0.000001482
      2061.0   0.000000129
      2062.0   0.000001783
      2063.0   0.000005920
      2064.0   0.000004461
      2065.0   0.000001627
      2066.0   0.000004698
      2067.0   0.000001334
      2068.0   0.000006238
      2069.0   0.000001863
      2070.0   0.000000019
      2071.0   0.000002087
      2072.0   0.000000622
      2073.0   0.000008121
      2074.0   0.000002426
      2075.0   0.000000000
      2076.0   0.000001310
      2077.0   0.000000391
      2078.0   0.000000000
      2079.0   0.000001713
      2080.0   0.000005537
      2081.0   0.000008903
      2082.0   0.000002211
      2083.0   0.000001390
      2084.0   0.000000415
      2085.0   0.000006092
      2086.0   0.000006881
      2087.0   0.000001512
      2088.0   0.000005876
      2089.0   0.000001755
      2090.0   0.000004469
      2091.0   0.000001335
      2092.0   0.000001012
      2093.0   0.000000302
      2094.0   0.000000172
      2095.0   0.000003373
      2096.0   0.000004588
      2097.0   0.000007881
      2098.0   0.000007614
      2099.0   0.000001667
      2100.0   0.000000000
      2101.0   0.000000000
      2102.0   0.000000000
      2103.0   0.000004896
      2104.0   0.000002181
      2105.0   0.000000215
      2106.0   0.000001046
      2107.0   0.000006762
      2108.0   0.000002938
      2109.0   0.000000302
      2110.0   0.000000378
      2111.0   0.000005620
      2112.0   0.000001645
      2113.0   0.000007871
      2114.0   0.000002351
      2115.0   0.000003075
      2116.0   0.000004838
      2117.0   0.000001171
      2118.0   0.000000000
      2119.0   0.000000000
      2120.0   0.000003089
      2121.0   0.000000923
      2122.0   0.000000000
      2123.0   0.000000000
      2124.0   0.000000000
      2125.0   0.000000000
      2126.0   0.000000000
      2127.0   0.000000000
      2128.0   0.000000000
      2129.0   0.000006598
      2130.0   0.000002802
      2131.0   0.000000249
      2132.0   0.000004575
      2133.0   0.000001367
      2134.0   0.000001029
      2135.0   0.000000307
      2136.0   0.000001966
      2137.0   0.000000587
      2138.0   0.000000000
      2139.0   0.000000000
      2140.0   0.000000000
      2141.0   0.000000000
      2142.0   0.000003342
      2143.0   0.000009404
      2144.0   0.000003569
      2145.0   0.000005660
      2146.0   0.000005026
      2147.0   0.000007665
      2148.0   0.000008462
      2149.0   0.000003918
      2150.0   0.000012462
      2151.0   0.000005676
      2152.0   0.000000636
      2153.0   0.000000000
      2154.0   0.000000000
      2155.0   0.000000407
      2156.0   0.000000872
      2157.0   0.000005684
      2158.0   0.000001631
      2159.0   0.000004930
      2160.0   0.000001473
      2161.0   0.000000000
      2162.0   0.000001052
      2163.0   0.000003209
      2164.0   0.000009641
      2165.0   0.000005296
      2166.0   0.000003276
      2167.0   0.000002802
      2168.0   0.000000616
      2169.0   0.000000418
      2170.0   0.000000872
      2171.0   0.000005625
      2172.0   0.000004392
      2173.0   0.000000830
      2174.0   0.000000000
      2175.0   0.000000000
      2176.0   0.000001303
      2177.0   0.000000389
      2178.0   0.000000000
      2179.0   0.000001348
      2180.0   0.000002350
      2181.0   0.000004344
      2182.0   0.000012008
      2183.0   0.000003251
      2184.0   0.000001431
      2185.0   0.000000428
      2186.0   0.000000000
      2187.0   0.000001688
      2188.0   0.000000504
      2189.0   0.000000000
      2190.0   0.000005200
      2191.0   0.000001553
      2192.0   0.000000000
      2193.0   0.000000000
      2194.0   0.000000000
      2195.0   0.000000000
      2196.0   0.000004526
      2197.0   0.000001352
      2198.0   0.000000000
      2199.0   0.000000000
      2200.0   0.000003720
      2201.0   0.000004178
      2202.0   0.000001449
      2203.0   0.000002678
      2204.0   0.000000752
      2205.0   0.000000000
      2206.0   0.000000000
      2207.0   0.000000000
      2208.0   0.000000604
      2209.0   0.000000180
      2210.0   0.000006387
      2211.0   0.000001908
      2212.0   0.000004921
      2213.0   0.000004948
      2214.0   0.000001039
      2215.0   0.000000000
      2216.0   0.000000000
      2217.0   0.000002292
      2218.0   0.000002126
      2219.0   0.000002356
      2220.0   0.000000575
      2221.0   0.000004213
      2222.0   0.000002585
      2223.0   0.000000396
      2224.0   0.000002760
      2225.0   0.000000950
      2226.0   0.000000038
      2227.0   0.000005832
      2228.0   0.000001742
      2229.0   0.000000000
      2230.0   0.000000219
      2231.0   0.000000065
      2232.0   0.000003061
      2233.0   0.000000914
      2234.0   0.000000000
      2235.0   0.000000000
      2236.0   0.000000000
      2237.0   0.000000000
      2238.0   0.000000000
      2239.0   0.000000000
      2240.0   0.000000000
      2241.0   0.000001497
      2242.0   0.000000447
      2243.0   0.000000000
      2244.0   0.000000000
      2245.0   0.000000000
      2246.0   0.000001990
      2247.0   0.000000595
      2248.0   0.000000000
      2249.0   0.000000000
      2250.0   0.000001436
      2251.0   0.000001382
      2252.0   0.000000285
      2253.0   0.000001190
      2254.0   0.000000356
      2255.0   0.000000867
      2256.0   0.000000259
      2257.0   0.000006774
      2258.0   0.000003347
      2259.0   0.000003707
      2260.0   0.000000989
      2261.0   0.000000515
      2262.0   0.000000154
      2263.0   0.000000732
      2264.0   0.000001294
      2265.0   0.000001390
      2266.0   0.000001481
      2267.0   0.000000347
      2268.0   0.000001720
      2269.0   0.000003549
      2270.0   0.000000907
      2271.0   0.000000213
      2272.0   0.000007614
      2273.0   0.000006934
      2274.0   0.000011748
      2275.0   0.000003091
      2276.0   0.000003133
      2277.0   0.000000936
      2278.0   0.000000000
      2279.0   0.000004230
      2280.0   0.000001263
      2281.0   0.000000701
      2282.0   0.000002272
      2283.0   0.000000616
      2284.0   0.000000000
      2285.0   0.000000000
      2286.0   0.000000000
      2287.0   0.000001642
      2288.0   0.000000491
      2289.0   0.000000000
      2290.0   0.000003126
      2291.0   0.000003983
      2292.0   0.000000911
      2293.0   0.000006617
      2294.0   0.000005071
      2295.0   0.000001229
      2296.0   0.000010613
      2297.0   0.000003143
      2298.0   0.000000000
      2299.0   0.000002011
      2300.0   0.000009206
      2301.0   0.000002570
      2302.0   0.000000000
      2303.0   0.000000000
      2304.0   0.000000000
      2305.0   0.000000747
      2306.0   0.000001785
      2307.0   0.000000467
      2308.0   0.000000000
      2309.0   0.000000000
      2310.0   0.000000000
      2311.0   0.000000000
      2312.0   0.000001721
      2313.0   0.000000514
      2314.0   0.000000000
      2315.0   0.000007776
      2316.0   0.000002322
      2317.0   0.000000344
      2318.0   0.000000103
      2319.0   0.000002366
      2320.0   0.000000707
      2321.0   0.000000000
      2322.0   0.000000000
      2323.0   0.000000000
      2324.0   0.000002770
      2325.0   0.000000827
      2326.0   0.000008007
      2327.0   0.000002391
      2328.0   0.000000513
      2329.0   0.000010061
      2330.0   0.000003510
      2331.0   0.000000900
      2332.0   0.000002064
      2333.0   0.000000551
      2334.0   0.000003203
      2335.0   0.000000957
      2336.0   0.000000000
      2337.0   0.000000000
      2338.0   0.000000000
      2339.0   0.000007084
      2340.0   0.000006465
      2341.0   0.000001299
      2342.0   0.000000765
      2343.0   0.000000228
      2344.0   0.000000000
      2345.0   0.000005424
      2346.0   0.000010067
      2347.0   0.000002523
      2348.0   0.000000000
      2349.0   0.000002878
      2350.0   0.000002139
      2351.0   0.000004355
      2352.0   0.000001573
      2353.0   0.000003033
      2354.0   0.000000872
      2355.0   0.000000423
      2356.0   0.000001259
      2357.0   0.000000999
      2358.0   0.000004705
      2359.0   0.000001346
      2360.0   0.000002973
      2361.0   0.000002023
      2362.0   0.000000339
      2363.0   0.000000000
      2364.0   0.000000878
      2365.0   0.000001466
      2366.0   0.000000360
      2367.0   0.000005679
      2368.0   0.000009478
      2369.0   0.000008874
      2370.0   0.000001956
      2371.0   0.000000000
      2372.0   0.000003270
      2373.0   0.000003888
      2374.0   0.000000870
      2375.0   0.000000000
      2376.0   0.000000000
      2377.0   0.000001768
      2378.0   0.000000528
      2379.0   0.000000000
      2380.0   0.000000000
      2381.0   0.000006515
      2382.0   0.000004564
      2383.0   0.000001123
      2384.0   0.000003456
      2385.0   0.000001002
      2386.0   0.000000000
      2387.0   0.000000152
      2388.0   0.000000045
      2389.0   0.000000000
      2390.0   0.000004277
      2391.0   0.000001278
      2392.0   0.000003018
      2393.0   0.000000902
      2394.0   0.000014241
      2395.0   0.000004832
      2396.0   0.000008957
      2397.0   0.000002624
      2398.0   0.000000000
      2399.0   0.000000000
      2400.0   0.000000000
      2401.0   0.000002185
      2402.0   0.000000653
      2403.0   0.000000000
      2404.0   0.000003885
      2405.0   0.000001160
      2406.0   0.000003533
      2407.0   0.000001055
      2408.0   0.000007095
      2409.0   0.000002119
      2410.0   0.000001879
      2411.0   0.000004117
      2412.0   0.000001062
      2413.0   0.000006045
      2414.0   0.000001805
      2415.0   0.000008333
      2416.0   0.000002848
      2417.0   0.000000107
      2418.0   0.000005915
      2419.0   0.000003432
      2420.0   0.000000498
      2421.0   0.000000055
      2422.0   0.000000017
      2423.0   0.000004450
      2424.0   0.000001329
      2425.0   0.000000000
      2426.0   0.000000000
      2427.0   0.000000550
      2428.0   0.000000164
      2429.0   0.000000000
      2430.0   0.000005130
      2431.0   0.000003982
      2432.0   0.000001329
      2433.0   0.000003209
      2434.0   0.000001578
      2435.0   0.000000201
      2436.0   0.000000000
      2437.0   0.000004121
      2438.0   0.000002966
      2439.0   0.000008204
      2440.0   0.000006267
      2441.0   0.000003984
      2442.0   0.000000836
      2443.0   0.000000238
      2444.0   0.000000071
      2445.0   0.000001118
      2446.0   0.000002317
      2447.0   0.000010045
      2448.0   0.000005190
      2449.0   0.000000707
      2450.0   0.000009849
      2451.0   0.000002942
      2452.0   0.000005016
      2453.0   0.000001498
      2454.0   0.000000000
      2455.0   0.000000000
      2456.0   0.000001485
      2457.0   0.000004721
      2458.0   0.000001278
      2459.0   0.000001794
      2460.0   0.000003158
      2461.0   0.000000783
      2462.0   0.000000000
      2463.0   0.000002441
      2464.0   0.000000729
      2465.0   0.000000000
      2466.0   0.000003059
      2467.0   0.000008171
      2468.0   0.000002657
      2469.0   0.000003709
      2470.0   0.000001064
      2471.0   0.000000000
      2472.0   0.000000000
      2473.0   0.000000000
      2474.0   0.000000000
      2475.0   0.000000000
      2476.0   0.000000000
      2477.0   0.000002098
      2478.0   0.000004936
      2479.0   0.000006836
      2480.0   0.000001657
      2481.0   0.000006242
      2482.0   0.000004054
      2483.0   0.000000654
      2484.0   0.000000000
      2485.0   0.000001635
      2486.0   0.000000488
      2487.0   0.000002466
      2488.0   0.000009469
      2489.0   0.000006902
      2490.0   0.000001282
      2491.0   0.000000000
      2492.0   0.000003117
      2493.0   0.000000931
      2494.0   0.000003265
      2495.0   0.000000975
      2496.0   0.000000000
      2497.0   0.000000000
      2498.0   0.000001321
      2499.0   0.000000395
      2500.0   0.000003145
      2501.0   0.000000939
      2502.0   0.000000280
      2503.0   0.000000507
      2504.0   0.000007781
      2505.0   0.000004371
      2506.0   0.000000623
      2507.0   0.000000311
      2508.0   0.000003002
      2509.0   0.000003023
      2510.0   0.000000643
      2511.0   0.000006413
      2512.0   0.000001915
      2513.0   0.000000000
      2514.0   0.000002835
      2515.0   0.000001631
      2516.0   0.000000234
      2517.0   0.000005147
      2518.0   0.000007598
      2519.0   0.000006402
      2520.0   0.000001372
      2521.0   0.000000030
      2522.0   0.000002572
      2523.0   0.000000940
      2524.0   0.000000052
      2525.0   0.000000435
      2526.0   0.000000130
      2527.0   0.000000000
      2528.0   0.000000000
      2529.0   0.000000056
      2530.0   0.000002839
      2531.0   0.000000843
      2532.0   0.000000512
      2533.0   0.000000153
      2534.0   0.000007788
      2535.0   0.000002326
      2536.0   0.000000000
      2537.0   0.000000000
      2538.0   0.000004431
      2539.0   0.000001323
      2540.0   0.000000000
      2541.0   0.000002860
      2542.0   0.000000854
      2543.0   0.000000000
      2544.0   0.000000000
      2545.0   0.000004029
      2546.0   0.000001203
      2547.0   0.000000000
      2548.0   0.000012079
      2549.0   0.000009172
      2550.0   0.000001662
      2551.0   0.000003539
      2552.0   0.000009362
      2553.0   0.000002881
      2554.0   0.000000120
      2555.0   0.000005420
      2556.0   0.000001619
      2557.0   0.000006008
      2558.0   0.000001794
      2559.0   0.000000000
      2560.0   0.000004870
      2561.0   0.000007195
      2562.0   0.000003252
      2563.0   0.000000459
      2564.0   0.000000000
      2565.0   0.000000000
      2566.0   0.000000000
      2567.0   0.000000000
      2568.0   0.000005970
      2569.0   0.000001783
      2570.0   0.000001730
      2571.0   0.000000517
      2572.0   0.000000000
      2573.0   0.000006692
      2574.0   0.000016338
      2575.0   0.000004283
      2576.0   0.000000000
      2577.0   0.000000000
      2578.0   0.000010692
      2579.0   0.000005292
      2580.0   0.000014029
      2581.0   0.000013401
      2582.0   0.000010406
      2583.0   0.000002270
      2584.0   0.000009544
      2585.0   0.000006249
      2586.0   0.000001015
      2587.0   0.000000000
      2588.0   0.000000000
      2589.0   0.000001126
      2590.0   0.000006748
      2591.0   0.000018809
      2592.0   0.000005046
      2593.0   0.000010006
      2594.0   0.000019651
      2595.0   0.000013131
      2596.0   0.000008179
      2597.0   0.000001716
      2598.0   0.000000000
      2599.0   0.000000000
      2600.0   0.000025547
      2601.0   0.000021181
      2602.0   0.000013148
      2603.0   0.000015039
      2604.0   0.000017630
      2605.0   0.000014554
      2606.0   0.000022467
      2607.0   0.000018269
      2608.0   0.000003729
      2609.0   0.000008136
      2610.0   0.000009042
      2611.0   0.000007847
      2612.0   0.000001754
      2613.0   0.000000000
      2614.0   0.000011318
      2615.0   0.000004412
      2616.0   0.000003616
      2617.0   0.000000988
      2618.0   0.000006761
      2619.0   0.000002019
      2620.0   0.000000000
      2621.0   0.000005019
      2622.0   0.000001499
      2623.0   0.000009884
      2624.0   0.000012350
      2625.0   0.000002807
      2626.0   0.000000684
      2627.0   0.000001134
      2628.0   0.000011790
      2629.0   0.000013831
      2630.0   0.000003104
      2631.0   0.000016274
      2632.0   0.000004861
      2633.0   0.000000000
      2634.0   0.000002083
      2635.0   0.000007164
      2636.0   0.000003518
      2637.0   0.000012113
      2638.0   0.000003478
      2639.0   0.000002755
      2640.0   0.000007540
      2641.0   0.000013831
      2642.0   0.000013824
      2643.0   0.000007179
      2644.0   0.000007182
      2645.0   0.000007055
      2646.0   0.000018000
      2647.0   0.000004905
      2648.0   0.000019003
      2649.0   0.000014111
      2650.0   0.000018476
      2651.0   0.000004766
      2652.0   0.000000000
      2653.0   0.000000000
      2654.0   0.000000000
      2655.0   0.000000000
      2656.0   0.000000000
      2657.0   0.000000000
      2658.0   0.000000000
      2659.0   0.000000000
      2660.0   0.000000000
      2661.0   0.000000000
      2662.0   0.000000000
      2663.0   0.000000000
      2664.0   0.000000000
      2665.0   0.000000000
      2666.0   0.000000000
      2667.0   0.000000000
      2668.0   0.000000000
      2669.0   0.000000000
      2670.0   0.000000000
      2671.0   0.000000000
      2672.0   0.000000000
      2673.0   0.000000000
      2674.0   0.000000000
      2675.0   0.000000000
      2676.0   0.000000000
      2677.0   0.000000000
      2678.0   0.000000000
      2679.0   0.000000000
      2680.0   0.000000000
      2681.0   0.000000000
      2682.0   0.000000000
      2683.0   0.000000000
      2684.0   0.000000000
      2685.0   0.000000000
      2686.0   0.000000000
      2687.0   0.000000000
      2688.0   0.000000000
      2689.0   0.000000000
      2690.0   0.000000000
      2691.0   0.000000000
      2692.0   0.000000000
      2693.0   0.000000000
      2694.0   0.000000000
      2695.0   0.000000000
      2696.0   0.000000000
      2697.0   0.000000000
      2698.0   0.000000000
      2699.0   0.000000000
      2700.0   0.000000000
