#                                                          
# SPHERE/IRDIS DB D_H34 filters transmission               
#                                                          
# Updated with final values on 2015-04-16 by Arthur Vigan  
# For any information, please contact <arthur.vigan@lam.fr>
#                                                          
# wavelength   D_H3          D_H4                          
#                                                          
       400.0   0.000000970   0.000000970
       401.0   0.000000970   0.000000970
       402.0   0.000000970   0.000000970
       403.0   0.000000970   0.000000970
       404.0   0.000000970   0.000000970
       405.0   0.000000970   0.000000970
       406.0   0.000000970   0.000000970
       407.0   0.000000970   0.000000970
       408.0   0.000000970   0.000000970
       409.0   0.000000970   0.000000970
       410.0   0.000000970   0.000000970
       411.0   0.000000970   0.000000970
       412.0   0.000000970   0.000000970
       413.0   0.000000970   0.000000970
       414.0   0.000000970   0.000000970
       415.0   0.000000970   0.000000970
       416.0   0.000000970   0.000000970
       417.0   0.000000970   0.000000970
       418.0   0.000000970   0.000000970
       419.0   0.000000970   0.000000970
       420.0   0.000000970   0.000000970
       421.0   0.000000970   0.000000970
       422.0   0.000000970   0.000000970
       423.0   0.000000970   0.000000970
       424.0   0.000000970   0.000000970
       425.0   0.000000970   0.000000970
       426.0   0.000000970   0.000000970
       427.0   0.000000970   0.000000970
       428.0   0.000000970   0.000000970
       429.0   0.000000970   0.000000970
       430.0   0.000000970   0.000000970
       431.0   0.000000970   0.000000970
       432.0   0.000000970   0.000000970
       433.0   0.000000970   0.000000970
       434.0   0.000000970   0.000000970
       435.0   0.000000970   0.000000970
       436.0   0.000000970   0.000000970
       437.0   0.000000970   0.000000970
       438.0   0.000000970   0.000000970
       439.0   0.000000970   0.000000970
       440.0   0.000000970   0.000000970
       441.0   0.000000970   0.000000970
       442.0   0.000000970   0.000000970
       443.0   0.000000970   0.000000970
       444.0   0.000000970   0.000000970
       445.0   0.000000970   0.000000970
       446.0   0.000000970   0.000000970
       447.0   0.000000970   0.000000970
       448.0   0.000000970   0.000000970
       449.0   0.000000970   0.000000970
       450.0   0.000000970   0.000000970
       451.0   0.000000970   0.000000970
       452.0   0.000000970   0.000000970
       453.0   0.000000970   0.000000970
       454.0   0.000000970   0.000000970
       455.0   0.000000970   0.000000970
       456.0   0.000000970   0.000000970
       457.0   0.000000970   0.000000970
       458.0   0.000000970   0.000000970
       459.0   0.000000970   0.000000970
       460.0   0.000000970   0.000000970
       461.0   0.000000970   0.000000970
       462.0   0.000000970   0.000000970
       463.0   0.000000970   0.000000970
       464.0   0.000000970   0.000000970
       465.0   0.000000970   0.000000970
       466.0   0.000000970   0.000000970
       467.0   0.000000970   0.000000970
       468.0   0.000000970   0.000000970
       469.0   0.000000970   0.000000970
       470.0   0.000000970   0.000000970
       471.0   0.000000970   0.000000970
       472.0   0.000000970   0.000000970
       473.0   0.000000970   0.000000970
       474.0   0.000000970   0.000000970
       475.0   0.000000970   0.000000970
       476.0   0.000000970   0.000000970
       477.0   0.000000970   0.000000970
       478.0   0.000000970   0.000000970
       479.0   0.000000970   0.000000970
       480.0   0.000000970   0.000000970
       481.0   0.000000970   0.000000970
       482.0   0.000000970   0.000000970
       483.0   0.000000970   0.000000970
       484.0   0.000000970   0.000000970
       485.0   0.000000970   0.000000970
       486.0   0.000000970   0.000000970
       487.0   0.000000970   0.000000970
       488.0   0.000000970   0.000000970
       489.0   0.000000970   0.000000970
       490.0   0.000000970   0.000000970
       491.0   0.000000970   0.000000970
       492.0   0.000000970   0.000000970
       493.0   0.000000970   0.000000970
       494.0   0.000000970   0.000000970
       495.0   0.000000970   0.000000970
       496.0   0.000000970   0.000000970
       497.0   0.000000970   0.000000970
       498.0   0.000000970   0.000000970
       499.0   0.000000970   0.000000970
       500.0   0.000000970   0.000000970
       501.0   0.000000970   0.000000970
       502.0   0.000000970   0.000000970
       503.0   0.000000970   0.000000970
       504.0   0.000000970   0.000000970
       505.0   0.000000970   0.000000970
       506.0   0.000000970   0.000000970
       507.0   0.000000970   0.000000970
       508.0   0.000000970   0.000000970
       509.0   0.000000970   0.000000970
       510.0   0.000000970   0.000000970
       511.0   0.000000970   0.000000970
       512.0   0.000000970   0.000000970
       513.0   0.000000970   0.000000970
       514.0   0.000000970   0.000000970
       515.0   0.000000970   0.000000970
       516.0   0.000000970   0.000000970
       517.0   0.000000970   0.000000970
       518.0   0.000000970   0.000000970
       519.0   0.000000970   0.000000970
       520.0   0.000000970   0.000000970
       521.0   0.000000970   0.000000970
       522.0   0.000000970   0.000000970
       523.0   0.000000970   0.000000970
       524.0   0.000000970   0.000000970
       525.0   0.000000970   0.000000970
       526.0   0.000000970   0.000000970
       527.0   0.000000970   0.000000970
       528.0   0.000000970   0.000000970
       529.0   0.000000970   0.000000970
       530.0   0.000000970   0.000000970
       531.0   0.000000970   0.000000970
       532.0   0.000000970   0.000000970
       533.0   0.000000970   0.000000970
       534.0   0.000000970   0.000000970
       535.0   0.000000970   0.000000970
       536.0   0.000000970   0.000000970
       537.0   0.000000970   0.000000970
       538.0   0.000000970   0.000000970
       539.0   0.000000970   0.000000970
       540.0   0.000000970   0.000000970
       541.0   0.000000970   0.000000970
       542.0   0.000000970   0.000000970
       543.0   0.000000970   0.000000970
       544.0   0.000000970   0.000000970
       545.0   0.000000970   0.000000970
       546.0   0.000000970   0.000000970
       547.0   0.000000970   0.000000970
       548.0   0.000000970   0.000000970
       549.0   0.000000970   0.000000970
       550.0   0.000000970   0.000000970
       551.0   0.000000970   0.000000970
       552.0   0.000000970   0.000000970
       553.0   0.000000970   0.000000970
       554.0   0.000000970   0.000000970
       555.0   0.000000970   0.000000970
       556.0   0.000000970   0.000000970
       557.0   0.000000970   0.000000970
       558.0   0.000000970   0.000000970
       559.0   0.000000970   0.000000970
       560.0   0.000000970   0.000000970
       561.0   0.000000970   0.000000970
       562.0   0.000000970   0.000000970
       563.0   0.000000970   0.000000970
       564.0   0.000000970   0.000000970
       565.0   0.000000970   0.000000970
       566.0   0.000000970   0.000000970
       567.0   0.000000970   0.000000970
       568.0   0.000000970   0.000000970
       569.0   0.000000970   0.000000970
       570.0   0.000000970   0.000000970
       571.0   0.000000970   0.000000970
       572.0   0.000000970   0.000000970
       573.0   0.000000970   0.000000970
       574.0   0.000000970   0.000000970
       575.0   0.000000970   0.000000970
       576.0   0.000000970   0.000000970
       577.0   0.000000970   0.000000970
       578.0   0.000000970   0.000000970
       579.0   0.000000970   0.000000970
       580.0   0.000000970   0.000000970
       581.0   0.000000970   0.000000970
       582.0   0.000000970   0.000000970
       583.0   0.000000970   0.000000970
       584.0   0.000000970   0.000000970
       585.0   0.000000970   0.000000970
       586.0   0.000000970   0.000000970
       587.0   0.000000970   0.000000970
       588.0   0.000000970   0.000000970
       589.0   0.000000970   0.000000970
       590.0   0.000000970   0.000000970
       591.0   0.000000970   0.000000970
       592.0   0.000000970   0.000000970
       593.0   0.000000970   0.000000970
       594.0   0.000000970   0.000000970
       595.0   0.000000970   0.000000970
       596.0   0.000000970   0.000000970
       597.0   0.000000970   0.000000970
       598.0   0.000000970   0.000000970
       599.0   0.000000970   0.000000970
       600.0   0.000000970   0.000000970
       601.0   0.000000970   0.000000970
       602.0   0.000000970   0.000000970
       603.0   0.000000970   0.000000970
       604.0   0.000000970   0.000000970
       605.0   0.000000970   0.000000970
       606.0   0.000000970   0.000000970
       607.0   0.000000970   0.000000970
       608.0   0.000000970   0.000000970
       609.0   0.000000970   0.000000970
       610.0   0.000000970   0.000000970
       611.0   0.000000970   0.000000970
       612.0   0.000000970   0.000000970
       613.0   0.000000970   0.000000970
       614.0   0.000000970   0.000000970
       615.0   0.000000970   0.000000970
       616.0   0.000000970   0.000000970
       617.0   0.000000970   0.000000970
       618.0   0.000000970   0.000000970
       619.0   0.000000970   0.000000970
       620.0   0.000000970   0.000000970
       621.0   0.000000970   0.000000970
       622.0   0.000000970   0.000000970
       623.0   0.000000970   0.000000970
       624.0   0.000000970   0.000000970
       625.0   0.000000970   0.000000970
       626.0   0.000000970   0.000000970
       627.0   0.000000970   0.000000970
       628.0   0.000000970   0.000000970
       629.0   0.000000970   0.000000970
       630.0   0.000000970   0.000000970
       631.0   0.000000970   0.000000970
       632.0   0.000000970   0.000000970
       633.0   0.000000970   0.000000970
       634.0   0.000000970   0.000000970
       635.0   0.000000970   0.000000970
       636.0   0.000000970   0.000000970
       637.0   0.000000970   0.000000970
       638.0   0.000000970   0.000000970
       639.0   0.000000970   0.000000970
       640.0   0.000000970   0.000000970
       641.0   0.000000970   0.000000970
       642.0   0.000000970   0.000000970
       643.0   0.000000970   0.000000970
       644.0   0.000000970   0.000000970
       645.0   0.000000970   0.000000970
       646.0   0.000000970   0.000000970
       647.0   0.000000970   0.000000970
       648.0   0.000000970   0.000000970
       649.0   0.000000970   0.000000970
       650.0   0.000000970   0.000000970
       651.0   0.000000970   0.000000970
       652.0   0.000000970   0.000000970
       653.0   0.000000970   0.000000970
       654.0   0.000000970   0.000000970
       655.0   0.000000970   0.000000970
       656.0   0.000000970   0.000000970
       657.0   0.000000970   0.000000970
       658.0   0.000000970   0.000000970
       659.0   0.000000970   0.000000970
       660.0   0.000000970   0.000000970
       661.0   0.000000970   0.000000970
       662.0   0.000000970   0.000000970
       663.0   0.000000970   0.000000970
       664.0   0.000000970   0.000000970
       665.0   0.000000970   0.000000970
       666.0   0.000000970   0.000000970
       667.0   0.000000970   0.000000970
       668.0   0.000000970   0.000000970
       669.0   0.000000970   0.000000970
       670.0   0.000000970   0.000000970
       671.0   0.000000970   0.000000970
       672.0   0.000000970   0.000000970
       673.0   0.000000970   0.000000970
       674.0   0.000000970   0.000000970
       675.0   0.000000970   0.000000970
       676.0   0.000000970   0.000000970
       677.0   0.000000970   0.000000970
       678.0   0.000000970   0.000000970
       679.0   0.000000970   0.000000970
       680.0   0.000000970   0.000000970
       681.0   0.000000970   0.000000970
       682.0   0.000000970   0.000000970
       683.0   0.000000970   0.000000970
       684.0   0.000000970   0.000000970
       685.0   0.000000970   0.000000970
       686.0   0.000000970   0.000000970
       687.0   0.000000970   0.000000970
       688.0   0.000000970   0.000000970
       689.0   0.000000970   0.000000970
       690.0   0.000000970   0.000000970
       691.0   0.000000970   0.000000970
       692.0   0.000000970   0.000000970
       693.0   0.000000970   0.000000970
       694.0   0.000000970   0.000000970
       695.0   0.000000970   0.000000970
       696.0   0.000000970   0.000000970
       697.0   0.000000970   0.000000970
       698.0   0.000000970   0.000000970
       699.0   0.000000970   0.000000970
       700.0   0.000000970   0.000000970
       701.0   0.000000970   0.000000970
       702.0   0.000000970   0.000000970
       703.0   0.000000970   0.000000970
       704.0   0.000000970   0.000000970
       705.0   0.000000970   0.000000970
       706.0   0.000000970   0.000000970
       707.0   0.000000970   0.000000970
       708.0   0.000000970   0.000000970
       709.0   0.000000970   0.000000970
       710.0   0.000000970   0.000000970
       711.0   0.000000970   0.000000970
       712.0   0.000000970   0.000000970
       713.0   0.000000970   0.000000970
       714.0   0.000000970   0.000000970
       715.0   0.000000970   0.000000970
       716.0   0.000000970   0.000000970
       717.0   0.000000970   0.000000970
       718.0   0.000000970   0.000000970
       719.0   0.000000970   0.000000970
       720.0   0.000000970   0.000000970
       721.0   0.000000970   0.000000970
       722.0   0.000000970   0.000000970
       723.0   0.000000970   0.000000970
       724.0   0.000000970   0.000000970
       725.0   0.000000970   0.000000970
       726.0   0.000000970   0.000000970
       727.0   0.000000970   0.000000970
       728.0   0.000000970   0.000000970
       729.0   0.000000970   0.000000970
       730.0   0.000000970   0.000000970
       731.0   0.000000970   0.000000970
       732.0   0.000000970   0.000000970
       733.0   0.000000970   0.000000970
       734.0   0.000000970   0.000000970
       735.0   0.000000970   0.000000970
       736.0   0.000000970   0.000000970
       737.0   0.000000970   0.000000970
       738.0   0.000000970   0.000000970
       739.0   0.000000970   0.000000970
       740.0   0.000000970   0.000000970
       741.0   0.000000970   0.000000970
       742.0   0.000000970   0.000000970
       743.0   0.000000970   0.000000970
       744.0   0.000000970   0.000000970
       745.0   0.000000970   0.000000970
       746.0   0.000000970   0.000000970
       747.0   0.000000970   0.000000970
       748.0   0.000000970   0.000000970
       749.0   0.000000970   0.000000970
       750.0   0.000000970   0.000000970
       751.0   0.000000970   0.000000970
       752.0   0.000000970   0.000000970
       753.0   0.000000970   0.000000970
       754.0   0.000000970   0.000000970
       755.0   0.000000970   0.000000970
       756.0   0.000000970   0.000000970
       757.0   0.000000970   0.000000970
       758.0   0.000000970   0.000000970
       759.0   0.000000970   0.000000970
       760.0   0.000000970   0.000000970
       761.0   0.000000970   0.000000970
       762.0   0.000000970   0.000000970
       763.0   0.000000970   0.000000970
       764.0   0.000000970   0.000000970
       765.0   0.000000970   0.000000970
       766.0   0.000000970   0.000000970
       767.0   0.000000970   0.000000970
       768.0   0.000000970   0.000000970
       769.0   0.000000970   0.000000970
       770.0   0.000000970   0.000000970
       771.0   0.000000970   0.000000970
       772.0   0.000000970   0.000000970
       773.0   0.000000970   0.000000970
       774.0   0.000000970   0.000000970
       775.0   0.000000970   0.000000970
       776.0   0.000000970   0.000000970
       777.0   0.000000970   0.000000970
       778.0   0.000000970   0.000000970
       779.0   0.000000970   0.000000970
       780.0   0.000000970   0.000000970
       781.0   0.000000970   0.000000970
       782.0   0.000000970   0.000000970
       783.0   0.000000970   0.000000970
       784.0   0.000000970   0.000000970
       785.0   0.000000970   0.000000970
       786.0   0.000000970   0.000000970
       787.0   0.000000970   0.000000970
       788.0   0.000000970   0.000000970
       789.0   0.000000970   0.000000970
       790.0   0.000000970   0.000000970
       791.0   0.000000970   0.000000970
       792.0   0.000000970   0.000000970
       793.0   0.000000970   0.000000970
       794.0   0.000000970   0.000000970
       795.0   0.000000970   0.000000967
       796.0   0.000000970   0.000000859
       797.0   0.000000923   0.000000858
       798.0   0.000000803   0.000000854
       799.0   0.000000832   0.000000849
       800.0   0.000000844   0.000000840
       801.0   0.000000838   0.000000827
       802.0   0.000000819   0.000000812
       803.0   0.000000791   0.000000795
       804.0   0.000000763   0.000000778
       805.0   0.000000740   0.000000765
       806.0   0.000000727   0.000000756
       807.0   0.000000725   0.000000754
       808.0   0.000000734   0.000000759
       809.0   0.000000751   0.000000770
       810.0   0.000000775   0.000000787
       811.0   0.000000800   0.000000807
       812.0   0.000000823   0.000000824
       813.0   0.000000836   0.000000834
       814.0   0.000000838   0.000000833
       815.0   0.000000828   0.000000818
       816.0   0.000000809   0.000000793
       817.0   0.000000785   0.000000760
       818.0   0.000000762   0.000000724
       819.0   0.000000742   0.000000690
       820.0   0.000000730   0.000000663
       821.0   0.000000726   0.000000645
       822.0   0.000000729   0.000000637
       823.0   0.000000739   0.000000641
       824.0   0.000000754   0.000000656
       825.0   0.000000770   0.000000681
       826.0   0.000000783   0.000000713
       827.0   0.000000790   0.000000747
       828.0   0.000000790   0.000000778
       829.0   0.000000782   0.000000800
       830.0   0.000000769   0.000000809
       831.0   0.000000753   0.000000803
       832.0   0.000000737   0.000000784
       833.0   0.000000724   0.000000758
       834.0   0.000000716   0.000000729
       835.0   0.000000715   0.000000704
       836.0   0.000000720   0.000000685
       837.0   0.000000730   0.000000675
       838.0   0.000000745   0.000000675
       839.0   0.000000761   0.000000685
       840.0   0.000000776   0.000000702
       841.0   0.000000788   0.000000726
       842.0   0.000000794   0.000000753
       843.0   0.000000793   0.000000777
       844.0   0.000000787   0.000000795
       845.0   0.000000777   0.000000803
       846.0   0.000000766   0.000000801
       847.0   0.000000756   0.000000791
       848.0   0.000000750   0.000000774
       849.0   0.000000749   0.000000755
       850.0   0.000000753   0.000000737
       851.0   0.000000761   0.000000724
       852.0   0.000000773   0.000000717
       853.0   0.000000786   0.000000716
       854.0   0.000000798   0.000000722
       855.0   0.000000806   0.000000732
       856.0   0.000000806   0.000000743
       857.0   0.000000797   0.000000751
       858.0   0.000000776   0.000000755
       859.0   0.000000758   0.000000758
       860.0   0.000000744   0.000000757
       861.0   0.000000730   0.000000753
       862.0   0.000000719   0.000000747
       863.0   0.000000710   0.000000740
       864.0   0.000000707   0.000000733
       865.0   0.000000708   0.000000727
       866.0   0.000000712   0.000000723
       867.0   0.000000720   0.000000723
       868.0   0.000000730   0.000000726
       869.0   0.000000739   0.000000731
       870.0   0.000000746   0.000000738
       871.0   0.000000750   0.000000747
       872.0   0.000000749   0.000000754
       873.0   0.000000744   0.000000758
       874.0   0.000000735   0.000000760
       875.0   0.000000722   0.000000760
       876.0   0.000000708   0.000000758
       877.0   0.000000694   0.000000752
       878.0   0.000000682   0.000000747
       879.0   0.000000675   0.000000742
       880.0   0.000000671   0.000000738
       881.0   0.000000672   0.000000737
       882.0   0.000000677   0.000000739
       883.0   0.000000687   0.000000742
       884.0   0.000000700   0.000000748
       885.0   0.000000713   0.000000755
       886.0   0.000000725   0.000000761
       887.0   0.000000736   0.000000764
       888.0   0.000000741   0.000000766
       889.0   0.000000742   0.000000763
       890.0   0.000000738   0.000000756
       891.0   0.000000730   0.000000746
       892.0   0.000000718   0.000000733
       893.0   0.000000704   0.000000719
       894.0   0.000000688   0.000000707
       895.0   0.000000675   0.000000695
       896.0   0.000000665   0.000000687
       897.0   0.000000657   0.000000681
       898.0   0.000000655   0.000000681
       899.0   0.000000657   0.000000685
       900.0   0.000000664   0.000000691
       901.0   0.000000675   0.000000701
       902.0   0.000000688   0.000000712
       903.0   0.000000704   0.000000723
       904.0   0.000000719   0.000000731
       905.0   0.000000733   0.000000736
       906.0   0.000000745   0.000000737
       907.0   0.000000754   0.000000735
       908.0   0.000000759   0.000000729
       909.0   0.000000759   0.000000721
       910.0   0.000000756   0.000000710
       911.0   0.000000750   0.000000700
       912.0   0.000000743   0.000000691
       913.0   0.000000735   0.000000685
       914.0   0.000000728   0.000000682
       915.0   0.000000722   0.000000682
       916.0   0.000000718   0.000000686
       917.0   0.000000717   0.000000694
       918.0   0.000000718   0.000000702
       919.0   0.000000722   0.000000712
       920.0   0.000000727   0.000000722
       921.0   0.000000733   0.000000729
       922.0   0.000000740   0.000000732
       923.0   0.000000746   0.000000731
       924.0   0.000000751   0.000000726
       925.0   0.000000755   0.000000717
       926.0   0.000000758   0.000000704
       927.0   0.000000759   0.000000689
       928.0   0.000000758   0.000000674
       929.0   0.000000755   0.000000659
       930.0   0.000000752   0.000000646
       931.0   0.000000749   0.000000636
       932.0   0.000000745   0.000000630
       933.0   0.000000742   0.000000628
       934.0   0.000000740   0.000000631
       935.0   0.000000739   0.000000637
       936.0   0.000000739   0.000000647
       937.0   0.000000739   0.000000661
       938.0   0.000000741   0.000000675
       939.0   0.000000743   0.000000691
       940.0   0.000000746   0.000000706
       941.0   0.000000749   0.000000720
       942.0   0.000000752   0.000000731
       943.0   0.000000754   0.000000739
       944.0   0.000000757   0.000000744
       945.0   0.000000759   0.000000746
       946.0   0.000000761   0.000000744
       947.0   0.000000762   0.000000742
       948.0   0.000000763   0.000000738
       949.0   0.000000763   0.000000734
       950.0   0.000000763   0.000000730
       951.0   0.000000763   0.000000729
       952.0   0.000000763   0.000000727
       953.0   0.000000762   0.000000729
       954.0   0.000000762   0.000000731
       955.0   0.000000762   0.000000735
       956.0   0.000000762   0.000000740
       957.0   0.000000762   0.000000746
       958.0   0.000000762   0.000000751
       959.0   0.000000763   0.000000755
       960.0   0.000000764   0.000000758
       961.0   0.000000765   0.000000760
       962.0   0.000000767   0.000000760
       963.0   0.000000768   0.000000759
       964.0   0.000000770   0.000000756
       965.0   0.000000770   0.000000753
       966.0   0.000000770   0.000000750
       967.0   0.000000768   0.000000746
       968.0   0.000000764   0.000000742
       969.0   0.000000759   0.000000739
       970.0   0.000000750   0.000000737
       971.0   0.000000740   0.000000736
       972.0   0.000000728   0.000000736
       973.0   0.000000714   0.000000737
       974.0   0.000000698   0.000000738
       975.0   0.000000683   0.000000740
       976.0   0.000000667   0.000000743
       977.0   0.000000652   0.000000745
       978.0   0.000000639   0.000000748
       979.0   0.000000628   0.000000750
       980.0   0.000000621   0.000000752
       981.0   0.000000616   0.000000753
       982.0   0.000000615   0.000000753
       983.0   0.000000618   0.000000754
       984.0   0.000000625   0.000000754
       985.0   0.000000635   0.000000754
       986.0   0.000000649   0.000000753
       987.0   0.000000664   0.000000753
       988.0   0.000000682   0.000000754
       989.0   0.000000699   0.000000754
       990.0   0.000000715   0.000000755
       991.0   0.000000728   0.000000756
       992.0   0.000000738   0.000000757
       993.0   0.000000742   0.000000758
       994.0   0.000000740   0.000000760
       995.0   0.000000733   0.000000762
       996.0   0.000000721   0.000000764
       997.0   0.000000704   0.000000767
       998.0   0.000000685   0.000000769
       999.0   0.000000664   0.000000772
      1000.0   0.000000643   0.000000774
      1001.0   0.000000623   0.000000776
      1002.0   0.000000607   0.000000777
      1003.0   0.000000594   0.000000778
      1004.0   0.000000584   0.000000776
      1005.0   0.000000580   0.000000774
      1006.0   0.000000580   0.000000770
      1007.0   0.000000585   0.000000764
      1008.0   0.000000594   0.000000757
      1009.0   0.000000608   0.000000748
      1010.0   0.000000625   0.000000737
      1011.0   0.000000645   0.000000725
      1012.0   0.000000666   0.000000713
      1013.0   0.000000687   0.000000700
      1014.0   0.000000707   0.000000688
      1015.0   0.000000723   0.000000677
      1016.0   0.000000736   0.000000667
      1017.0   0.000000743   0.000000659
      1018.0   0.000000744   0.000000654
      1019.0   0.000000740   0.000000651
      1020.0   0.000000731   0.000000652
      1021.0   0.000000718   0.000000656
      1022.0   0.000000703   0.000000662
      1023.0   0.000000687   0.000000672
      1024.0   0.000000672   0.000000684
      1025.0   0.000000659   0.000000697
      1026.0   0.000000649   0.000000711
      1027.0   0.000000644   0.000000725
      1028.0   0.000000643   0.000000737
      1029.0   0.000000647   0.000000746
      1030.0   0.000000655   0.000000752
      1031.0   0.000000667   0.000000753
      1032.0   0.000000682   0.000000749
      1033.0   0.000000699   0.000000740
      1034.0   0.000000716   0.000000726
      1035.0   0.000000730   0.000000709
      1036.0   0.000000741   0.000000689
      1037.0   0.000000745   0.000000668
      1038.0   0.000000742   0.000000647
      1039.0   0.000000732   0.000000627
      1040.0   0.000000713   0.000000609
      1041.0   0.000000687   0.000000594
      1042.0   0.000000656   0.000000584
      1043.0   0.000000622   0.000000577
      1044.0   0.000000586   0.000000574
      1045.0   0.000000551   0.000000576
      1046.0   0.000000517   0.000000583
      1047.0   0.000000487   0.000000594
      1048.0   0.000000461   0.000000609
      1049.0   0.000000438   0.000000627
      1050.0   0.000000421   0.000000647
      1051.0   0.000000408   0.000000669
      1052.0   0.000000400   0.000000691
      1053.0   0.000000397   0.000000711
      1054.0   0.000000398   0.000000728
      1055.0   0.000000403   0.000000741
      1056.0   0.000000413   0.000000748
      1057.0   0.000000428   0.000000749
      1058.0   0.000000447   0.000000744
      1059.0   0.000000470   0.000000734
      1060.0   0.000000497   0.000000720
      1061.0   0.000000528   0.000000703
      1062.0   0.000000562   0.000000684
      1063.0   0.000000596   0.000000666
      1064.0   0.000000631   0.000000649
      1065.0   0.000000664   0.000000635
      1066.0   0.000000692   0.000000624
      1067.0   0.000000715   0.000000618
      1068.0   0.000000730   0.000000616
      1069.0   0.000000738   0.000000620
      1070.0   0.000000738   0.000000628
      1071.0   0.000000731   0.000000641
      1072.0   0.000000719   0.000000657
      1073.0   0.000000703   0.000000676
      1074.0   0.000000684   0.000000695
      1075.0   0.000000665   0.000000714
      1076.0   0.000000646   0.000000730
      1077.0   0.000000630   0.000000740
      1078.0   0.000000617   0.000000744
      1079.0   0.000000608   0.000000740
      1080.0   0.000000602   0.000000728
      1081.0   0.000000600   0.000000708
      1082.0   0.000000602   0.000000682
      1083.0   0.000000607   0.000000650
      1084.0   0.000000616   0.000000614
      1085.0   0.000000628   0.000000578
      1086.0   0.000000642   0.000000541
      1087.0   0.000000659   0.000000507
      1088.0   0.000000676   0.000000475
      1089.0   0.000000694   0.000000447
      1090.0   0.000000712   0.000000424
      1091.0   0.000000729   0.000000404
      1092.0   0.000000744   0.000000389
      1093.0   0.000000757   0.000000379
      1094.0   0.000000767   0.000000373
      1095.0   0.000000775   0.000000371
      1096.0   0.000000779   0.000000373
      1097.0   0.000000782   0.000000379
      1098.0   0.000000782   0.000000390
      1099.0   0.000000780   0.000000405
      1100.0   0.000000778   0.000000425
      1101.0   0.000001221   0.000000706
      1102.0   0.000003323   0.000002047
      1103.0   0.000005087   0.000003349
      1104.0   0.000006294   0.000004429
      1105.0   0.000005198   0.000003900
      1106.0   0.000002106   0.000001677
      1107.0   0.000001662   0.000001394
      1108.0   0.000001901   0.000001664
      1109.0   0.000001576   0.000001425
      1110.0   0.000003843   0.000003558
      1111.0   0.000005579   0.000005233
      1112.0   0.000007891   0.000007430
      1113.0   0.000010105   0.000009477
      1114.0   0.000011845   0.000010993
      1115.0   0.000014702   0.000013443
      1116.0   0.000019671   0.000017681
      1117.0   0.000023173   0.000020479
      1118.0   0.000029436   0.000025627
      1119.0   0.000035154   0.000030253
      1120.0   0.000037649   0.000032192
      1121.0   0.000043804   0.000037442
      1122.0   0.000045785   0.000039370
      1123.0   0.000045962   0.000040017
      1124.0   0.000056157   0.000049803
      1125.0   0.000063704   0.000057844
      1126.0   0.000063225   0.000059062
      1127.0   0.000063304   0.000061057
      1128.0   0.000065634   0.000065506
      1129.0   0.000068226   0.000070514
      1130.0   0.000067733   0.000072522
      1131.0   0.000067772   0.000075066
      1132.0   0.000068480   0.000078244
      1133.0   0.000072221   0.000084812
      1134.0   0.000071256   0.000085588
      1135.0   0.000067062   0.000081950
      1136.0   0.000066357   0.000082050
      1137.0   0.000063975   0.000079633
      1138.0   0.000060578   0.000075466
      1139.0   0.000059176   0.000073374
      1140.0   0.000056409   0.000069303
      1141.0   0.000052653   0.000063861
      1142.0   0.000050952   0.000060817
      1143.0   0.000049620   0.000058153
      1144.0   0.000045650   0.000052440
      1145.0   0.000046508   0.000052366
      1146.0   0.000042424   0.000046856
      1147.0   0.000033914   0.000036790
      1148.0   0.000031533   0.000033647
      1149.0   0.000035021   0.000036854
      1150.0   0.000036049   0.000037517
      1151.0   0.000035579   0.000036706
      1152.0   0.000036750   0.000037657
      1153.0   0.000040598   0.000041421
      1154.0   0.000047412   0.000048249
      1155.0   0.000047567   0.000048346
      1156.0   0.000052209   0.000053040
      1157.0   0.000061675   0.000062672
      1158.0   0.000067569   0.000068671
      1159.0   0.000068597   0.000069676
      1160.0   0.000075441   0.000076512
      1161.0   0.000084957   0.000085977
      1162.0   0.000095556   0.000096387
      1163.0   0.000102651   0.000103058
      1164.0   0.000107034   0.000106834
      1165.0   0.000112475   0.000111450
      1166.0   0.000119183   0.000117089
      1167.0   0.000124894   0.000121596
      1168.0   0.000130625   0.000125896
      1169.0   0.000130870   0.000124813
      1170.0   0.000130819   0.000123332
      1171.0   0.000131533   0.000122520
      1172.0   0.000128168   0.000118032
      1173.0   0.000132288   0.000120415
      1174.0   0.000132524   0.000119165
      1175.0   0.000120748   0.000107274
      1176.0   0.000113151   0.000099291
      1177.0   0.000109435   0.000094941
      1178.0   0.000101198   0.000086862
      1179.0   0.000095097   0.000080798
      1180.0   0.000084730   0.000071318
      1181.0   0.000072506   0.000060549
      1182.0   0.000064237   0.000053321
      1183.0   0.000056799   0.000046992
      1184.0   0.000048505   0.000040072
      1185.0   0.000038677   0.000032020
      1186.0   0.000029106   0.000024274
      1187.0   0.000021448   0.000018082
      1188.0   0.000017620   0.000015075
      1189.0   0.000009641   0.000008415
      1190.0   0.000002268   0.000002030
      1191.0   0.000001292   0.000001192
      1192.0   0.000003462   0.000003304
      1193.0   0.000006090   0.000006039
      1194.0   0.000010419   0.000010768
      1195.0   0.000007149   0.000007712
      1196.0   0.000006165   0.000006956
      1197.0   0.000011111   0.000013117
      1198.0   0.000007766   0.000009589
      1199.0   0.000006825   0.000008793
      1200.0   0.000009795   0.000013139
      1201.0   0.000007842   0.000010910
      1202.0   0.000006173   0.000008873
      1203.0   0.000009801   0.000014487
      1204.0   0.000010594   0.000016023
      1205.0   0.000008592   0.000013213
      1206.0   0.000007079   0.000011008
      1207.0   0.000006013   0.000009394
      1208.0   0.000008122   0.000012679
      1209.0   0.000008108   0.000012571
      1210.0   0.000006776   0.000010372
      1211.0   0.000006817   0.000010250
      1212.0   0.000007490   0.000011023
      1213.0   0.000008980   0.000012877
      1214.0   0.000009231   0.000012845
      1215.0   0.000008951   0.000012062
      1216.0   0.000009171   0.000011950
      1217.0   0.000009417   0.000011854
      1218.0   0.000008310   0.000010100
      1219.0   0.000010334   0.000012136
      1220.0   0.000011409   0.000012962
      1221.0   0.000009113   0.000010042
      1222.0   0.000010172   0.000010902
      1223.0   0.000011185   0.000011701
      1224.0   0.000011713   0.000012012
      1225.0   0.000015210   0.000015362
      1226.0   0.000017557   0.000017519
      1227.0   0.000015280   0.000015126
      1228.0   0.000012621   0.000012446
      1229.0   0.000011678   0.000011517
      1230.0   0.000012436   0.000012276
      1231.0   0.000011885   0.000011772
      1232.0   0.000010924   0.000010858
      1233.0   0.000013923   0.000013889
      1234.0   0.000016719   0.000016709
      1235.0   0.000015721   0.000015718
      1236.0   0.000013208   0.000013171
      1237.0   0.000011646   0.000011549
      1238.0   0.000014781   0.000014520
      1239.0   0.000017936   0.000017404
      1240.0   0.000019325   0.000018461
      1241.0   0.000017581   0.000016491
      1242.0   0.000015176   0.000013947
      1243.0   0.000015728   0.000014156
      1244.0   0.000019315   0.000017024
      1245.0   0.000022315   0.000019287
      1246.0   0.000021327   0.000018100
      1247.0   0.000016616   0.000013894
      1248.0   0.000013848   0.000011451
      1249.0   0.000011270   0.000009264
      1250.0   0.000010637   0.000008730
      1251.0   0.000013451   0.000011093
      1252.0   0.000015832   0.000013192
      1253.0   0.000014996   0.000012700
      1254.0   0.000012806   0.000011079
      1255.0   0.000011025   0.000009794
      1256.0   0.000011491   0.000010536
      1257.0   0.000010715   0.000010178
      1258.0   0.000008650   0.000008537
      1259.0   0.000008818   0.000009067
      1260.0   0.000007980   0.000008567
      1261.0   0.000008015   0.000008999
      1262.0   0.000009528   0.000011191
      1263.0   0.000008230   0.000010093
      1264.0   0.000006249   0.000007996
      1265.0   0.000006549   0.000008724
      1266.0   0.000007883   0.000010896
      1267.0   0.000008167   0.000011659
      1268.0   0.000007146   0.000010507
      1269.0   0.000006565   0.000009875
      1270.0   0.000005815   0.000008896
      1271.0   0.000007463   0.000011548
      1272.0   0.000008452   0.000013149
      1273.0   0.000005728   0.000008895
      1274.0   0.000005884   0.000009067
      1275.0   0.000008963   0.000013631
      1276.0   0.000010171   0.000015166
      1277.0   0.000010333   0.000015030
      1278.0   0.000010087   0.000014264
      1279.0   0.000010347   0.000014185
      1280.0   0.000012583   0.000016671
      1281.0   0.000011978   0.000015325
      1282.0   0.000009852   0.000012168
      1283.0   0.000011296   0.000013497
      1284.0   0.000010414   0.000012064
      1285.0   0.000007355   0.000008290
      1286.0   0.000005581   0.000006144
      1287.0   0.000007835   0.000008460
      1288.0   0.000013039   0.000013881
      1289.0   0.000014899   0.000015708
      1290.0   0.000013141   0.000013774
      1291.0   0.000013502   0.000014125
      1292.0   0.000016004   0.000016749
      1293.0   0.000015508   0.000016267
      1294.0   0.000013284   0.000013974
      1295.0   0.000013325   0.000014047
      1296.0   0.000012888   0.000013592
      1297.0   0.000011539   0.000012143
      1298.0   0.000009672   0.000010108
      1299.0   0.000008974   0.000009274
      1300.0   0.000010494   0.000010671
      1301.0   0.000011358   0.000011307
      1302.0   0.000008696   0.000008425
      1303.0   0.000008849   0.000008310
      1304.0   0.000008729   0.000007901
      1305.0   0.000007451   0.000006474
      1306.0   0.000009608   0.000007987
      1307.0   0.000011717   0.000009302
      1308.0   0.000009984   0.000007548
      1309.0   0.000010624   0.000007650
      1310.0   0.000012415   0.000008523
      1311.0   0.000010330   0.000006772
      1312.0   0.000010570   0.000006630
      1313.0   0.000012103   0.000007292
      1314.0   0.000010861   0.000006310
      1315.0   0.000010861   0.000006120
      1316.0   0.000012646   0.000006949
      1317.0   0.000015413   0.000008308
      1318.0   0.000015544   0.000008269
      1319.0   0.000012096   0.000006399
      1320.0   0.000008832   0.000004671
      1321.0   0.000009709   0.000005169
      1322.0   0.000011700   0.000006311
      1323.0   0.000013558   0.000007447
      1324.0   0.000013691   0.000007698
      1325.0   0.000012447   0.000007201
      1326.0   0.000009612   0.000005743
      1327.0   0.000010696   0.000006622
      1328.0   0.000016325   0.000010520
      1329.0   0.000012516   0.000008419
      1330.0   0.000010614   0.000007477
      1331.0   0.000013722   0.000010145
      1332.0   0.000013376   0.000010407
      1333.0   0.000013451   0.000011051
      1334.0   0.000013467   0.000011729
      1335.0   0.000012363   0.000011449
      1336.0   0.000011221   0.000011095
      1337.0   0.000008779   0.000009304
      1338.0   0.000007966   0.000009098
      1339.0   0.000010430   0.000012889
      1340.0   0.000008882   0.000011934
      1341.0   0.000007148   0.000010482
      1342.0   0.000008285   0.000013313
      1343.0   0.000010401   0.000018372
      1344.0   0.000007203   0.000014027
      1345.0   0.000004981   0.000010717
      1346.0   0.000005304   0.000012641
      1347.0   0.000004704   0.000012414
      1348.0   0.000004417   0.000012894
      1349.0   0.000004177   0.000013482
      1350.0   0.000003073   0.000010958
      1351.0   0.000002190   0.000008602
      1352.0   0.000002533   0.000010960
      1353.0   0.000002532   0.000012037
      1354.0   0.000001990   0.000010357
      1355.0   0.000001939   0.000010999
      1356.0   0.000001503   0.000009277
      1357.0   0.000001147   0.000007673
      1358.0   0.000001114   0.000008038
      1359.0   0.000001101   0.000008541
      1360.0   0.000000966   0.000008022
      1361.0   0.000000833   0.000007380
      1362.0   0.000000691   0.000006500
      1363.0   0.000000446   0.000004417
      1364.0   0.000000978   0.000010101
      1365.0   0.000000706   0.000007564
      1366.0   0.000000378   0.000004169
      1367.0   0.000000711   0.000008047
      1368.0   0.000000403   0.000004630
      1369.0   0.000000163   0.000001879
      1370.0   0.000000142   0.000001641
      1371.0   0.000000122   0.000001393
      1372.0   0.000000294   0.000003304
      1373.0   0.000000500   0.000005479
      1374.0   0.000000445   0.000004731
      1375.0   0.000000350   0.000003583
      1376.0   0.000000841   0.000008178
      1377.0   0.000000661   0.000006035
      1378.0   0.000000212   0.000001796
      1379.0   0.000000165   0.000001283
      1380.0   0.000000779   0.000005510
      1381.0   0.000001093   0.000006943
      1382.0   0.000000954   0.000005396
      1383.0   0.000000774   0.000003854
      1384.0   0.000000852   0.000003711
      1385.0   0.000001182   0.000004460
      1386.0   0.000000899   0.000002911
      1387.0   0.000000635   0.000001748
      1388.0   0.000001575   0.000003664
      1389.0   0.000001836   0.000003575
      1390.0   0.000002335   0.000003794
      1391.0   0.000001784   0.000002428
      1392.0   0.000001725   0.000001984
      1393.0   0.000001605   0.000001577
      1394.0   0.000001609   0.000001373
      1395.0   0.000005053   0.000003816
      1396.0   0.000005844   0.000003988
      1397.0   0.000003872   0.000002429
      1398.0   0.000007080   0.000004137
      1399.0   0.000006690   0.000003686
      1400.0   0.000006220   0.000003262
      1401.0   0.000007658   0.000003834
      1402.0   0.000006060   0.000002897
      1403.0   0.000006735   0.000003054
      1404.0   0.000006598   0.000002810
      1405.0   0.000005436   0.000002154
      1406.0   0.000007447   0.000002727
      1407.0   0.000007500   0.000002503
      1408.0   0.000007666   0.000002306
      1409.0   0.000009478   0.000002539
      1410.0   0.000008425   0.000001987
      1411.0   0.000009777   0.000002022
      1412.0   0.000010532   0.000001903
      1413.0   0.000008972   0.000001415
      1414.0   0.000011895   0.000001658
      1415.0   0.000014469   0.000001813
      1416.0   0.000018392   0.000002115
      1417.0   0.000020145   0.000002184
      1418.0   0.000019868   0.000002093
      1419.0   0.000020778   0.000002195
      1420.0   0.000020167   0.000002219
      1421.0   0.000018434   0.000002187
      1422.0   0.000019935   0.000002620
      1423.0   0.000021248   0.000003186
      1424.0   0.000017995   0.000003142
      1425.0   0.000015436   0.000003176
      1426.0   0.000015495   0.000003795
      1427.0   0.000014771   0.000004314
      1428.0   0.000013629   0.000004725
      1429.0   0.000012667   0.000005181
      1430.0   0.000012595   0.000006000
      1431.0   0.000012942   0.000007086
      1432.0   0.000013071   0.000008071
      1433.0   0.000013395   0.000009135
      1434.0   0.000014756   0.000010844
      1435.0   0.000016767   0.000012847
      1436.0   0.000019617   0.000015044
      1437.0   0.000025082   0.000018496
      1438.0   0.000033067   0.000022862
      1439.0   0.000041542   0.000026935
      1440.0   0.000051837   0.000032420
      1441.0   0.000066051   0.000041579
      1442.0   0.000078709   0.000052579
      1443.0   0.000086561   0.000065130
      1444.0   0.000089167   0.000081032
      1445.0   0.000085618   0.000100181
      1446.0   0.000076213   0.000122255
      1447.0   0.000062599   0.000145928
      1448.0   0.000048394   0.000173581
      1449.0   0.000034937   0.000201959
      1450.0   0.000023367   0.000224759
      1451.0   0.000015375   0.000245718
      1452.0   0.000010437   0.000268313
      1453.0   0.000007275   0.000286992
      1454.0   0.000005240   0.000301219
      1455.0   0.000004009   0.000311126
      1456.0   0.000003097   0.000317202
      1457.0   0.000002477   0.000324619
      1458.0   0.000002087   0.000331784
      1459.0   0.000001709   0.000341812
      1460.0   0.000001368   0.000354719
      1461.0   0.000001228   0.000369858
      1462.0   0.000001042   0.000388636
      1463.0   0.000000966   0.000416038
      1464.0   0.000000890   0.000453437
      1465.0   0.000000774   0.000495743
      1466.0   0.000000670   0.000549006
      1467.0   0.000000563   0.000615364
      1468.0   0.000000552   0.000687927
      1469.0   0.000000457   0.000763933
      1470.0   0.000000536   0.000843266
      1471.0   0.000000460   0.000916445
      1472.0   0.000000289   0.000977689
      1473.0   0.000000507   0.001023848
      1474.0   0.000000357   0.001047120
      1475.0   0.000000320   0.001045939
      1476.0   0.000000184   0.001023434
      1477.0   0.000000184   0.000978224
      1478.0   0.000000115   0.000918270
      1479.0   0.000000363   0.000851747
      1480.0   0.000000346   0.000781512
      1481.0   0.000000587   0.000711865
      1482.0   0.000000432   0.000647898
      1483.0   0.000000407   0.000594514
      1484.0   0.000000147   0.000547198
      1485.0   0.000000144   0.000508918
      1486.0   0.000000196   0.000482278
      1487.0   0.000000268   0.000466463
      1488.0   0.000000195   0.000459010
      1489.0   0.000000495   0.000463541
      1490.0   0.000000581   0.000481400
      1491.0   0.000000833   0.000518730
      1492.0   0.000000529   0.000582414
      1493.0   0.000000847   0.000686245
      1494.0   0.000000360   0.000851273
      1495.0   0.000000219   0.001098929
      1496.0   0.000000442   0.001423993
      1497.0   0.000000252   0.001826052
      1498.0   0.000000152   0.002265298
      1499.0   0.000000582   0.002715039
      1500.0   0.000000949   0.003084399
      1501.0   0.000000853   0.003302387
      1502.0   0.000001245   0.003343976
      1503.0   0.000002326   0.003197405
      1504.0   0.000001520   0.002905529
      1505.0   0.000002068   0.002481824
      1506.0   0.000000208   0.002042400
      1507.0   0.000000440   0.001611522
      1508.0   0.000001411   0.001254185
      1509.0   0.000003468   0.000959640
      1510.0   0.000002815   0.000740078
      1511.0   0.000000867   0.000557862
      1512.0   0.000001346   0.000428510
      1513.0   0.000002406   0.000334827
      1514.0   0.000001604   0.000256672
      1515.0   0.000002827   0.000203234
      1516.0   0.000001177   0.000172794
      1517.0   0.000002011   0.000145174
      1518.0   0.000001330   0.000119775
      1519.0   0.000004218   0.000112231
      1520.0   0.000004192   0.000101263
      1521.0   0.000003838   0.000101778
      1522.0   0.000006720   0.000080104
      1523.0   0.000023655   0.000087639
      1524.0   0.000016316   0.000059702
      1525.0   0.000006048   0.000085184
      1526.0   0.000011680   0.000064270
      1527.0   0.000010444   0.000054523
      1528.0   0.000009768   0.000103038
      1529.0   0.000013567   0.000064514
      1530.0   0.000026807   0.000069733
      1531.0   0.000006133   0.000028768
      1532.0   0.000010091   0.000087706
      1533.0   0.000009387   0.000132991
      1534.0   0.000015175   0.000050000
      1535.0   0.000023719   0.000152082
      1536.0   0.000038379   0.000059503
      1537.0   0.000047083   0.000000667
      1538.0   0.000057497   0.000011596
      1539.0   0.000074352   0.000082703
      1540.0   0.000065102   0.000021080
      1541.0   0.000062285   0.000018580
      1542.0   0.000137845   0.000051175
      1543.0   0.000012379   0.000007256
      1544.0   0.000041025   0.000230106
      1545.0   0.000123900   0.000127460
      1546.0   0.000084803   0.000047579
      1547.0   0.000104397   0.000162272
      1548.0   0.000117646   0.000029803
      1549.0   0.000139996   0.000192508
      1550.0   0.000055003   0.000254655
      1551.0   0.000073850   0.000024402
      1552.0   0.000029575   0.000056286
      1553.0   0.000105222   0.000282111
      1554.0   0.000189140   0.000025674
      1555.0   0.000195179   0.000231857
      1556.0   0.000103093   0.000240257
      1557.0   0.000203058   0.000145979
      1558.0   0.000186900   0.000055584
      1559.0   0.000092492   0.000274351
      1560.0   0.000111888   0.000069998
      1561.0   0.000052193   0.000004694
      1562.0   0.000058114   0.000005469
      1563.0   0.000139017   0.000150023
      1564.0   0.000131193   0.000119375
      1565.0   0.000139771   0.000245797
      1566.0   0.000158302   0.000184703
      1567.0   0.000165633   0.000527231
      1568.0   0.000163932   0.000315857
      1569.0   0.000171188   0.000022457
      1570.0   0.000089366   0.000037012
      1571.0   0.000087674   0.000057954
      1572.0   0.000168222   0.000048260
      1573.0   0.000140970   0.000122832
      1574.0   0.000042244   0.000049742
      1575.0   0.000081784   0.000052022
      1576.0   0.000121790   0.000035470
      1577.0   0.000007838   0.000011754
      1578.0   0.000039093   0.000082597
      1579.0   0.000100898   0.000077600
      1580.0   0.000166571   0.000413122
      1581.0   0.000170454   0.000048387
      1582.0   0.000088955   0.000005817
      1583.0   0.000040185   0.000043487
      1584.0   0.000056655   0.000179168
      1585.0   0.000053059   0.000176148
      1586.0   0.000055039   0.000281902
      1587.0   0.000179776   0.000192051
      1588.0   0.000286404   0.000026035
      1589.0   0.000055882   0.000150023
      1590.0   0.000149149   0.000106493
      1591.0   0.000259253   0.000239376
      1592.0   0.000073092   0.000277412
      1593.0   0.000198089   0.000037176
      1594.0   0.000303637   0.000110553
      1595.0   0.000180231   0.000131217
      1596.0   0.000053340   0.000001646
      1597.0   0.000174823   0.000026133
      1598.0   0.000248473   0.000116664
      1599.0   0.000277965   0.000198798
      1600.0   0.000421600   0.000331384
      1601.0   0.000326718   0.000106465
      1602.0   0.000455361   0.000067648
      1603.0   0.000605624   0.000071299
      1604.0   0.000361222   0.000129795
      1605.0   0.000453919   0.000211239
      1606.0   0.000559016   0.000381702
      1607.0   0.000679541   0.000268015
      1608.0   0.000913737   0.000125122
      1609.0   0.001064416   0.000054957
      1610.0   0.000960038   0.000089268
      1611.0   0.001124113   0.000007866
      1612.0   0.001384379   0.000137973
      1613.0   0.001585613   0.000214075
      1614.0   0.001797241   0.000176149
      1615.0   0.001914579   0.000181779
      1616.0   0.002215872   0.000191275
      1617.0   0.003781119   0.000084544
      1618.0   0.006867816   0.000075662
      1619.0   0.008201718   0.000241326
      1620.0   0.010276106   0.000004903
      1621.0   0.012615281   0.000015209
      1622.0   0.015245514   0.000225982
      1623.0   0.018485099   0.000151398
      1624.0   0.023715820   0.000114183
      1625.0   0.029967029   0.000169274
      1626.0   0.037806712   0.000099300
      1627.0   0.047886346   0.000011993
      1628.0   0.062720686   0.000273875
      1629.0   0.081045583   0.000154348
      1630.0   0.105732553   0.000191175
      1631.0   0.138379097   0.000202696
      1632.0   0.178050771   0.000019309
      1633.0   0.227784380   0.000137371
      1634.0   0.289279342   0.000127079
      1635.0   0.356339216   0.000007775
      1636.0   0.430615544   0.000108265
      1637.0   0.505792618   0.000017210
      1638.0   0.584615588   0.000102225
      1639.0   0.653065383   0.000089557
      1640.0   0.714969814   0.000162879
      1641.0   0.764509082   0.000032638
      1642.0   0.804552555   0.000126957
      1643.0   0.831172287   0.000353223
      1644.0   0.850054860   0.000123537
      1645.0   0.861085296   0.000066966
      1646.0   0.867792726   0.000142173
      1647.0   0.872128367   0.000087238
      1648.0   0.875434458   0.000191199
      1649.0   0.878192186   0.000156647
      1650.0   0.881075382   0.000006461
      1651.0   0.884910345   0.000129790
      1652.0   0.888883948   0.000240409
      1653.0   0.892498195   0.000177877
      1654.0   0.896742702   0.000202056
      1655.0   0.900502503   0.000286304
      1656.0   0.903974295   0.000029342
      1657.0   0.906800807   0.000046641
      1658.0   0.909231305   0.000302658
      1659.0   0.911626160   0.000113145
      1660.0   0.913574159   0.000256094
      1661.0   0.915654302   0.000419933
      1662.0   0.917938530   0.000132548
      1663.0   0.920574546   0.000192451
      1664.0   0.923296213   0.000458168
      1665.0   0.925882578   0.000233345
      1666.0   0.929323316   0.000336330
      1667.0   0.932610631   0.000632569
      1668.0   0.935905814   0.000424646
      1669.0   0.938334167   0.000429887
      1670.0   0.940231800   0.000511396
      1671.0   0.940972805   0.000414922
      1672.0   0.941019475   0.000773141
      1673.0   0.940401554   0.000976863
      1674.0   0.939032555   0.000872100
      1675.0   0.937538385   0.001363438
      1676.0   0.936071634   0.001377967
      1677.0   0.934619069   0.001285719
      1678.0   0.933650494   0.001569500
      1679.0   0.934321463   0.001781511
      1680.0   0.935362279   0.002046616
      1681.0   0.936638534   0.002673085
      1682.0   0.935271621   0.003143742
      1683.0   0.930511594   0.003413391
      1684.0   0.919373691   0.004167818
      1685.0   0.899369776   0.005041918
      1686.0   0.867528498   0.005824705
      1687.0   0.822506666   0.007187573
      1688.0   0.765223086   0.009150590
      1689.0   0.696738839   0.011142396
      1690.0   0.619938850   0.013790071
      1691.0   0.538083971   0.017434867
      1692.0   0.456976682   0.022028996
      1693.0   0.379975796   0.028155902
      1694.0   0.309208483   0.036379408
      1695.0   0.246184215   0.046857070
      1696.0   0.194585487   0.065270036
      1697.0   0.151984632   0.083974801
      1698.0   0.117049694   0.108950704
      1699.0   0.089923099   0.141115233
      1700.0   0.069571011   0.181842342
      1701.0   0.053400911   0.231747717
      1702.0   0.040933859   0.291365147
      1703.0   0.031686153   0.358567685
      1704.0   0.025360761   0.431019127
      1705.0   0.019883599   0.506307840
      1706.0   0.016101278   0.579433680
      1707.0   0.012988986   0.647708535
      1708.0   0.010274777   0.706976116
      1709.0   0.008300137   0.755913615
      1710.0   0.006356189   0.793807745
      1711.0   0.005963286   0.822076142
      1712.0   0.004875123   0.842649937
      1713.0   0.003949660   0.856868386
      1714.0   0.004032731   0.866497338
      1715.0   0.002913395   0.873314977
      1716.0   0.002190842   0.878063023
      1717.0   0.001944083   0.881461799
      1718.0   0.003126465   0.884196937
      1719.0   0.004312434   0.886099160
      1720.0   0.003520918   0.887419701
      1721.0   0.003079730   0.888270736
      1722.0   0.002705508   0.888326108
      1723.0   0.002227501   0.887706161
      1724.0   0.002031715   0.886775792
      1725.0   0.001685272   0.885291517
      1726.0   0.001387787   0.883369386
      1727.0   0.001449248   0.881349325
      1728.0   0.001088183   0.879161894
      1729.0   0.000796335   0.877046466
      1730.0   0.000847068   0.875408709
      1731.0   0.000813772   0.873802066
      1732.0   0.000865311   0.872508407
      1733.0   0.000840389   0.872131109
      1734.0   0.000517068   0.872009218
      1735.0   0.000428367   0.872247696
      1736.0   0.000567458   0.873085678
      1737.0   0.000270777   0.873480678
      1738.0   0.000169623   0.873673022
      1739.0   0.000519036   0.874109745
      1740.0   0.000403310   0.874063253
      1741.0   0.000380747   0.873404264
      1742.0   0.000430386   0.872602820
      1743.0   0.000107340   0.871614635
      1744.0   0.000185221   0.870541096
      1745.0   0.000241318   0.869791567
      1746.0   0.000231327   0.869608283
      1747.0   0.000164574   0.870403469
      1748.0   0.000228740   0.872379422
      1749.0   0.000132621   0.875468314
      1750.0   0.000268273   0.879306972
      1751.0   0.000306436   0.883197904
      1752.0   0.000214537   0.885333955
      1753.0   0.000103337   0.883558154
      1754.0   0.000192075   0.875946760
      1755.0   0.000059613   0.860029697
      1756.0   0.000154871   0.832882583
      1757.0   0.000242892   0.795201302
      1758.0   0.000130343   0.745042145
      1759.0   0.000135115   0.684794486
      1760.0   0.000159039   0.617920518
      1761.0   0.000123553   0.548140347
      1762.0   0.000085427   0.476763517
      1763.0   0.000060064   0.408004940
      1764.0   0.000090314   0.344963878
      1765.0   0.000163264   0.288199306
      1766.0   0.000111263   0.239055157
      1767.0   0.000118800   0.196409911
      1768.0   0.000090001   0.160678864
      1769.0   0.000193911   0.129886344
      1770.0   0.000222956   0.104415357
      1771.0   0.000294447   0.083035707
      1772.0   0.000334236   0.066093832
      1773.0   0.000183610   0.052283634
      1774.0   0.000027745   0.040881760
      1775.0   0.000091382   0.032397464
      1776.0   0.000164885   0.025658591
      1777.0   0.000083145   0.020386061
      1778.0   0.000225206   0.016480409
      1779.0   0.000220178   0.013580086
      1780.0   0.000076109   0.010967025
      1781.0   0.000051329   0.009427703
      1782.0   0.000157454   0.007764549
      1783.0   0.000104455   0.003916151
      1784.0   0.000010296   0.002898226
      1785.0   0.000028751   0.002051903
      1786.0   0.000120148   0.002197668
      1787.0   0.000226986   0.001545344
      1788.0   0.000104378   0.001022060
      1789.0   0.000051601   0.001184041
      1790.0   0.000093652   0.000942379
      1791.0   0.000058948   0.000506160
      1792.0   0.000153676   0.000629726
      1793.0   0.000179157   0.000480368
      1794.0   0.000068617   0.000281365
      1795.0   0.000132886   0.000408866
      1796.0   0.000124427   0.000299484
      1797.0   0.000073988   0.000207912
      1798.0   0.000016473   0.000185314
      1799.0   0.000043960   0.000090889
      1800.0   0.000014984   0.000030850
      1801.0   0.000014554   0.000080061
      1802.0   0.000015998   0.000055346
      1803.0   0.000015093   0.000005103
      1804.0   0.000021525   0.000029425
      1805.0   0.000010569   0.000016617
      1806.0   0.000007975   0.000015727
      1807.0   0.000011024   0.000011660
      1808.0   0.000003612   0.000017093
      1809.0   0.000005109   0.000012279
      1810.0   0.000007968   0.000016095
      1811.0   0.000003767   0.000012865
      1812.0   0.000003855   0.000000743
      1813.0   0.000009275   0.000012109
      1814.0   0.000009474   0.000003009
      1815.0   0.000003678   0.000006504
      1816.0   0.000007605   0.000002272
      1817.0   0.000008047   0.000007154
      1818.0   0.000005005   0.000012738
      1819.0   0.000006330   0.000000420
      1820.0   0.000006255   0.000003694
      1821.0   0.000002790   0.000005259
      1822.0   0.000004987   0.000005878
      1823.0   0.000002163   0.000001110
      1824.0   0.000002593   0.000005840
      1825.0   0.000001959   0.000003526
      1826.0   0.000004619   0.000003557
      1827.0   0.000003730   0.000000740
      1828.0   0.000004251   0.000001731
      1829.0   0.000002805   0.000002361
      1830.0   0.000000773   0.000001274
      1831.0   0.000001799   0.000008409
      1832.0   0.000002019   0.000001487
      1833.0   0.000001720   0.000000149
      1834.0   0.000003060   0.000000173
      1835.0   0.000003683   0.000003985
      1836.0   0.000003282   0.000004182
      1837.0   0.000007896   0.000007827
      1838.0   0.000008270   0.000005617
      1839.0   0.000005185   0.000002580
      1840.0   0.000005171   0.000010873
      1841.0   0.000001599   0.000001507
      1842.0   0.000000275   0.000003843
      1843.0   0.000000647   0.000004241
      1844.0   0.000001771   0.000001285
      1845.0   0.000002670   0.000001278
      1846.0   0.000006598   0.000003455
      1847.0   0.000007086   0.000003795
      1848.0   0.000001624   0.000002404
      1849.0   0.000004805   0.000003929
      1850.0   0.000002913   0.000001426
      1851.0   0.000001040   0.000002319
      1852.0   0.000001367   0.000002002
      1853.0   0.000003771   0.000002297
      1854.0   0.000002102   0.000001388
      1855.0   0.000001285   0.000000180
      1856.0   0.000001540   0.000001436
      1857.0   0.000000504   0.000002025
      1858.0   0.000001326   0.000004266
      1859.0   0.000002088   0.000000498
      1860.0   0.000001373   0.000002767
      1861.0   0.000000275   0.000001554
      1862.0   0.000000734   0.000000208
      1863.0   0.000000657   0.000000859
      1864.0   0.000001222   0.000000166
      1865.0   0.000001266   0.000000377
      1866.0   0.000000494   0.000000374
      1867.0   0.000000755   0.000000585
      1868.0   0.000000805   0.000000352
      1869.0   0.000000186   0.000000374
      1870.0   0.000000516   0.000000304
      1871.0   0.000000372   0.000000212
      1872.0   0.000000112   0.000000167
      1873.0   0.000000120   0.000000282
      1874.0   0.000000309   0.000000199
      1875.0   0.000000116   0.000000578
      1876.0   0.000000145   0.000000084
      1877.0   0.000000354   0.000000265
      1878.0   0.000000224   0.000000145
      1879.0   0.000000040   0.000000096
      1880.0   0.000000030   0.000000097
      1881.0   0.000000108   0.000000278
      1882.0   0.000000128   0.000000398
      1883.0   0.000000142   0.000000205
      1884.0   0.000000111   0.000000089
      1885.0   0.000000122   0.000000040
      1886.0   0.000000054   0.000000065
      1887.0   0.000000005   0.000000126
      1888.0   0.000000138   0.000000193
      1889.0   0.000000400   0.000000326
      1890.0   0.000000187   0.000000058
      1891.0   0.000000161   0.000000146
      1892.0   0.000000237   0.000000194
      1893.0   0.000000058   0.000000140
      1894.0   0.000000139   0.000000345
      1895.0   0.000000332   0.000000045
      1896.0   0.000000088   0.000000159
      1897.0   0.000000235   0.000000084
      1898.0   0.000000249   0.000000127
      1899.0   0.000000220   0.000000434
      1900.0   0.000000161   0.000000612
      1901.0   0.000000217   0.000000183
      1902.0   0.000000329   0.000000165
      1903.0   0.000000330   0.000000941
      1904.0   0.000000500   0.000000176
      1905.0   0.000000372   0.000000158
      1906.0   0.000000367   0.000000510
      1907.0   0.000000703   0.000000341
      1908.0   0.000000455   0.000000186
      1909.0   0.000000297   0.000000502
      1910.0   0.000000488   0.000000951
      1911.0   0.000000227   0.000000852
      1912.0   0.000000468   0.000000113
      1913.0   0.000001284   0.000000128
      1914.0   0.000000799   0.000000437
      1915.0   0.000000713   0.000000988
      1916.0   0.000000454   0.000000231
      1917.0   0.000000752   0.000000400
      1918.0   0.000000881   0.000000467
      1919.0   0.000000310   0.000000573
      1920.0   0.000000061   0.000000079
      1921.0   0.000000397   0.000000125
      1922.0   0.000000960   0.000000324
      1923.0   0.000000303   0.000000176
      1924.0   0.000000541   0.000000497
      1925.0   0.000000741   0.000000030
      1926.0   0.000000451   0.000000085
      1927.0   0.000000291   0.000000383
      1928.0   0.000000200   0.000000038
      1929.0   0.000000038   0.000000016
      1930.0   0.000000217   0.000000206
      1931.0   0.000000385   0.000000050
      1932.0   0.000000232   0.000000045
      1933.0   0.000000207   0.000000139
      1934.0   0.000000266   0.000000002
      1935.0   0.000000194   0.000000019
      1936.0   0.000000252   0.000000085
      1937.0   0.000000278   0.000000041
      1938.0   0.000000223   0.000000031
      1939.0   0.000000336   0.000000027
      1940.0   0.000000362   0.000000021
      1941.0   0.000000301   0.000000003
      1942.0   0.000000319   0.000000012
      1943.0   0.000000332   0.000000031
      1944.0   0.000000413   0.000000020
      1945.0   0.000000535   0.000000066
      1946.0   0.000000537   0.000000014
      1947.0   0.000000375   0.000000001
      1948.0   0.000000338   0.000000031
      1949.0   0.000000437   0.000000025
      1950.0   0.000000454   0.000000009
      1951.0   0.000000647   0.000000015
      1952.0   0.000000969   0.000000005
      1953.0   0.000000906   0.000000003
      1954.0   0.000000860   0.000000025
      1955.0   0.000001456   0.000000018
      1956.0   0.000001642   0.000000013
      1957.0   0.000001539   0.000000030
      1958.0   0.000001583   0.000000015
      1959.0   0.000002006   0.000000015
      1960.0   0.000002208   0.000000011
      1961.0   0.000002927   0.000000000
      1962.0   0.000005259   0.000000005
      1963.0   0.000007097   0.000000007
      1964.0   0.000011133   0.000000038
      1965.0   0.000009538   0.000000022
      1966.0   0.000010408   0.000000005
      1967.0   0.000032401   0.000000039
      1968.0   0.000047265   0.000000001
      1969.0   0.000053312   0.000000030
      1970.0   0.000053492   0.000000008
      1971.0   0.000052130   0.000000003
      1972.0   0.000048444   0.000000023
      1973.0   0.000032058   0.000000009
      1974.0   0.000011727   0.000000007
      1975.0   0.000004954   0.000000006
      1976.0   0.000005711   0.000000003
      1977.0   0.000017709   0.000000007
      1978.0   0.000032553   0.000000022
      1979.0   0.000019902   0.000000016
      1980.0   0.000004583   0.000000000
      1981.0   0.000008346   0.000000001
      1982.0   0.000017525   0.000000004
      1983.0   0.000018362   0.000000005
      1984.0   0.000014433   0.000000024
      1985.0   0.000006448   0.000000006
      1986.0   0.000005560   0.000000010
      1987.0   0.000012476   0.000000036
      1988.0   0.000015160   0.000000009
      1989.0   0.000014220   0.000000003
      1990.0   0.000008506   0.000000016
      1991.0   0.000004801   0.000000004
      1992.0   0.000013606   0.000000020
      1993.0   0.000009319   0.000000016
      1994.0   0.000004601   0.000000003
      1995.0   0.000005532   0.000000012
      1996.0   0.000002512   0.000000008
      1997.0   0.000001421   0.000000001
      1998.0   0.000005075   0.000000015
      1999.0   0.000009027   0.000000036
      2000.0   0.000012528   0.000000036
      2001.0   0.000011094   0.000000025
      2002.0   0.000004621   0.000000010
      2003.0   0.000009291   0.000000019
      2004.0   0.000016230   0.000000050
      2005.0   0.000012856   0.000000035
      2006.0   0.000016063   0.000000040
      2007.0   0.000015876   0.000000038
      2008.0   0.000009132   0.000000020
      2009.0   0.000003954   0.000000009
      2010.0   0.000007065   0.000000022
      2011.0   0.000011527   0.000000035
      2012.0   0.000027108   0.000000069
      2013.0   0.000042830   0.000000133
      2014.0   0.000022276   0.000000077
      2015.0   0.000015826   0.000000054
      2016.0   0.000021821   0.000000093
      2017.0   0.000011955   0.000000059
      2018.0   0.000025147   0.000000132
      2019.0   0.000017900   0.000000104
      2020.0   0.000024860   0.000000166
      2021.0   0.000023214   0.000000178
      2022.0   0.000019243   0.000000194
      2023.0   0.000015283   0.000000186
      2024.0   0.000007442   0.000000101
      2025.0   0.000018065   0.000000314
      2026.0   0.000028557   0.000000639
      2027.0   0.000027165   0.000000747
      2028.0   0.000014382   0.000000523
      2029.0   0.000007883   0.000000369
      2030.0   0.000004595   0.000000273
      2031.0   0.000006265   0.000000501
      2032.0   0.000009648   0.000001031
      2033.0   0.000011364   0.000001632
      2034.0   0.000009996   0.000001932
      2035.0   0.000005149   0.000001359
      2036.0   0.000002093   0.000000748
      2037.0   0.000001436   0.000000689
      2038.0   0.000019971   0.000012462
      2039.0   0.000016037   0.000012602
      2040.0   0.000009111   0.000008714
      2041.0   0.000018851   0.000020986
      2042.0   0.000019736   0.000024528
      2043.0   0.000016292   0.000021689
      2044.0   0.000011432   0.000015607
      2045.0   0.000004205   0.000005661
      2046.0   0.000012763   0.000016401
      2047.0   0.000010337   0.000012310
      2048.0   0.000001221   0.000001317
      2049.0   0.000005448   0.000005215
      2050.0   0.000008135   0.000006848
      2051.0   0.000004877   0.000003586
      2052.0   0.000015520   0.000009945
      2053.0   0.000030786   0.000017183
      2054.0   0.000036491   0.000017826
      2055.0   0.000031638   0.000013614
      2056.0   0.000014148   0.000005408
      2057.0   0.000023010   0.000007863
      2058.0   0.000043426   0.000013494
      2059.0   0.000030140   0.000008581
      2060.0   0.000013502   0.000003568
      2061.0   0.000032628   0.000008137
      2062.0   0.000042355   0.000010109
      2063.0   0.000044417   0.000010284
      2064.0   0.000032383   0.000007385
      2065.0   0.000023974   0.000005475
      2066.0   0.000026369   0.000006112
      2067.0   0.000026570   0.000006379
      2068.0   0.000034829   0.000008778
      2069.0   0.000033650   0.000009042
      2070.0   0.000023967   0.000006949
      2071.0   0.000040294   0.000012843
      2072.0   0.000029636   0.000010491
      2073.0   0.000016695   0.000006675
      2074.0   0.000015200   0.000006907
      2075.0   0.000020454   0.000010679
      2076.0   0.000040029   0.000024121
      2077.0   0.000034999   0.000024557
      2078.0   0.000021815   0.000017898
      2079.0   0.000023152   0.000022361
      2080.0   0.000016994   0.000019241
      2081.0   0.000016467   0.000021813
      2082.0   0.000012815   0.000019962
      2083.0   0.000005204   0.000009442
      2084.0   0.000004062   0.000008557
      2085.0   0.000004249   0.000010320
      2086.0   0.000010238   0.000028426
      2087.0   0.000007780   0.000024521
      2088.0   0.000009944   0.000035144
      2089.0   0.000008572   0.000033413
      2090.0   0.000007267   0.000031125
      2091.0   0.000005744   0.000026625
      2092.0   0.000001483   0.000007368
      2093.0   0.000004371   0.000023062
      2094.0   0.000008359   0.000046105
      2095.0   0.000007390   0.000042109
      2096.0   0.000007567   0.000044569
      2097.0   0.000006495   0.000039051
      2098.0   0.000003524   0.000021494
      2099.0   0.000002158   0.000013206
      2100.0   0.000001398   0.000008599
      2101.0   0.000001948   0.000012036
      2102.0   0.000003363   0.000020627
      2103.0   0.000001809   0.000011074
      2104.0   0.000002782   0.000016918
      2105.0   0.000002144   0.000013000
      2106.0   0.000003421   0.000020617
      2107.0   0.000003037   0.000017968
      2108.0   0.000003143   0.000018633
      2109.0   0.000002448   0.000014534
      2110.0   0.000001253   0.000007409
      2111.0   0.000000977   0.000005809
      2112.0   0.000001495   0.000008900
      2113.0   0.000001501   0.000008952
      2114.0   0.000000595   0.000003572
      2115.0   0.000000422   0.000002574
      2116.0   0.000000894   0.000005429
      2117.0   0.000002834   0.000017592
      2118.0   0.000002138   0.000013514
      2119.0   0.000001398   0.000008867
      2120.0   0.000001444   0.000009408
      2121.0   0.000001608   0.000010793
      2122.0   0.000001700   0.000011703
      2123.0   0.000002805   0.000019741
      2124.0   0.000002350   0.000017046
      2125.0   0.000000845   0.000006374
      2126.0   0.000000649   0.000005008
      2127.0   0.000002675   0.000021649
      2128.0   0.000002486   0.000020617
      2129.0   0.000001116   0.000009667
      2130.0   0.000003010   0.000027246
      2131.0   0.000002159   0.000020278
      2132.0   0.000001037   0.000010152
      2133.0   0.000002192   0.000022471
      2134.0   0.000001490   0.000015627
      2135.0   0.000001720   0.000018827
      2136.0   0.000001565   0.000017558
      2137.0   0.000000838   0.000009593
      2138.0   0.000000580   0.000006880
      2139.0   0.000000266   0.000003235
      2140.0   0.000000573   0.000006963
      2141.0   0.000000728   0.000008947
      2142.0   0.000000937   0.000011392
      2143.0   0.000001893   0.000022544
      2144.0   0.000001661   0.000019326
      2145.0   0.000001446   0.000016409
      2146.0   0.000001852   0.000020229
      2147.0   0.000002769   0.000028669
      2148.0   0.000003160   0.000030976
      2149.0   0.000002467   0.000022531
      2150.0   0.000003063   0.000026277
      2151.0   0.000002179   0.000017102
      2152.0   0.000000725   0.000005233
      2153.0   0.000000471   0.000003124
      2154.0   0.000000934   0.000005671
      2155.0   0.000003402   0.000018536
      2156.0   0.000003366   0.000016647
      2157.0   0.000001726   0.000007710
      2158.0   0.000001254   0.000005035
      2159.0   0.000001097   0.000003959
      2160.0   0.000002753   0.000008918
      2161.0   0.000004567   0.000013367
      2162.0   0.000002644   0.000006928
      2163.0   0.000000765   0.000001806
      2164.0   0.000003404   0.000007233
      2165.0   0.000004214   0.000008092
      2166.0   0.000002249   0.000003892
      2167.0   0.000004480   0.000006980
      2168.0   0.000009530   0.000013468
      2169.0   0.000013896   0.000017752
      2170.0   0.000016527   0.000018995
      2171.0   0.000020464   0.000021350
      2172.0   0.000025224   0.000024083
      2173.0   0.000027909   0.000023957
      2174.0   0.000028665   0.000022616
      2175.0   0.000027267   0.000019587
      2176.0   0.000023981   0.000015670
      2177.0   0.000016537   0.000009906
      2178.0   0.000015342   0.000008524
      2179.0   0.000015991   0.000008061
      2180.0   0.000012344   0.000005715
      2181.0   0.000015917   0.000006839
      2182.0   0.000019680   0.000007655
      2183.0   0.000016974   0.000006109
      2184.0   0.000010501   0.000003540
      2185.0   0.000009939   0.000003098
      2186.0   0.000011796   0.000003385
      2187.0   0.000007596   0.000002014
      2188.0   0.000003979   0.000000977
      2189.0   0.000004355   0.000000986
      2190.0   0.000004986   0.000001080
      2191.0   0.000005717   0.000001155
      2192.0   0.000007205   0.000001357
      2193.0   0.000009039   0.000001598
      2194.0   0.000008951   0.000001479
      2195.0   0.000008607   0.000001354
      2196.0   0.000010843   0.000001634
      2197.0   0.000012022   0.000001638
      2198.0   0.000013861   0.000001817
      2199.0   0.000012078   0.000001550
      2200.0   0.000014146   0.000001669
      2201.0   0.000024887   0.000002874
      2202.0   0.000021666   0.000002447
      2203.0   0.000010798   0.000001133
      2204.0   0.000030007   0.000003058
      2205.0   0.000027614   0.000002689
      2206.0   0.000013597   0.000001290
      2207.0   0.000012871   0.000001178
      2208.0   0.000028681   0.000002555
      2209.0   0.000024241   0.000002103
      2210.0   0.000008939   0.000000760
      2211.0   0.000010898   0.000000944
      2212.0   0.000041127   0.000003387
      2213.0   0.000040036   0.000003248
      2214.0   0.000025361   0.000002049
      2215.0   0.000014218   0.000001130
      2216.0   0.000010977   0.000000868
      2217.0   0.000024558   0.000001946
      2218.0   0.000026223   0.000002029
      2219.0   0.000025192   0.000002014
      2220.0   0.000018264   0.000001514
      2221.0   0.000019125   0.000001517
      2222.0   0.000016852   0.000001344
      2223.0   0.000029197   0.000002373
      2224.0   0.000028381   0.000002299
      2225.0   0.000019784   0.000001637
      2226.0   0.000018692   0.000001558
      2227.0   0.000017945   0.000001513
      2228.0   0.000009273   0.000000808
      2229.0   0.000023707   0.000002128
      2230.0   0.000021995   0.000001970
      2231.0   0.000028060   0.000002574
      2232.0   0.000031050   0.000002895
      2233.0   0.000015727   0.000001500
      2234.0   0.000010996   0.000001068
      2235.0   0.000019364   0.000001764
      2236.0   0.000030397   0.000002730
      2237.0   0.000027663   0.000002888
      2238.0   0.000071027   0.000007687
      2239.0   0.000064443   0.000007138
      2240.0   0.000038894   0.000004474
      2241.0   0.000058762   0.000007203
      2242.0   0.000038429   0.000005138
      2243.0   0.000014999   0.000002053
      2244.0   0.000014237   0.000001851
      2245.0   0.000008374   0.000001122
      2246.0   0.000038040   0.000005251
      2247.0   0.000029032   0.000004176
      2248.0   0.000032908   0.000004884
      2249.0   0.000033305   0.000005088
      2250.0   0.000048164   0.000007659
      2251.0   0.000040849   0.000006755
      2252.0   0.000012628   0.000002166
      2253.0   0.000007544   0.000001344
      2254.0   0.000019330   0.000003578
      2255.0   0.000039946   0.000007762
      2256.0   0.000031014   0.000006298
      2257.0   0.000008305   0.000001744
      2258.0   0.000027712   0.000006088
      2259.0   0.000026236   0.000006039
      2260.0   0.000024812   0.000005946
      2261.0   0.000033416   0.000008399
      2262.0   0.000015559   0.000004099
      2263.0   0.000004605   0.000001266
      2264.0   0.000003324   0.000000957
      2265.0   0.000001782   0.000000537
      2266.0   0.000035728   0.000011299
      2267.0   0.000041949   0.000013919
      2268.0   0.000041987   0.000014585
      2269.0   0.000054818   0.000019904
      2270.0   0.000055100   0.000021040
      2271.0   0.000045182   0.000018106
      2272.0   0.000041754   0.000017472
      2273.0   0.000030367   0.000013340
      2274.0   0.000023806   0.000010950
      2275.0   0.000019312   0.000009275
      2276.0   0.000019075   0.000009619
      2277.0   0.000031311   0.000016524
      2278.0   0.000026714   0.000014701
      2279.0   0.000019072   0.000010977
      2280.0   0.000011684   0.000007008
      2281.0   0.000023066   0.000014403
      2282.0   0.000031110   0.000020245
      2283.0   0.000043987   0.000029775
      2284.0   0.000025120   0.000017655
      2285.0   0.000025574   0.000018685
      2286.0   0.000029893   0.000022615
      2287.0   0.000008890   0.000006949
      2288.0   0.000013331   0.000010776
      2289.0   0.000039329   0.000032805
      2290.0   0.000055347   0.000047498
      2291.0   0.000037721   0.000033324
      2292.0   0.000010111   0.000009162
      2293.0   0.000015832   0.000014691
      2294.0   0.000019819   0.000018814
      2295.0   0.000015664   0.000015191
      2296.0   0.000020259   0.000020044
      2297.0   0.000018871   0.000019008
      2298.0   0.000017148   0.000017546
      2299.0   0.000011841   0.000012308
      2300.0   0.000003940   0.000004157
      2301.0   0.000010080   0.000010765
      2302.0   0.000009326   0.000010062
      2303.0   0.000003924   0.000004276
      2304.0   0.000007944   0.000008731
      2305.0   0.000030201   0.000033381
      2306.0   0.000026824   0.000029825
      2307.0   0.000032592   0.000036442
      2308.0   0.000028342   0.000031784
      2309.0   0.000016842   0.000018953
      2310.0   0.000034603   0.000039038
      2311.0   0.000028130   0.000031738
      2312.0   0.000010637   0.000012006
      2313.0   0.000017887   0.000020170
      2314.0   0.000013214   0.000014889
      2315.0   0.000005352   0.000006027
      2316.0   0.000015998   0.000017965
      2317.0   0.000048535   0.000054334
      2318.0   0.000031428   0.000035120
      2319.0   0.000003124   0.000003478
      2320.0   0.000008008   0.000008872
      2321.0   0.000012267   0.000013532
      2322.0   0.000028249   0.000031006
      2323.0   0.000029142   0.000031874
      2324.0   0.000016951   0.000018431
      2325.0   0.000020834   0.000022551
      2326.0   0.000017377   0.000018721
      2327.0   0.000018139   0.000019474
      2328.0   0.000023211   0.000024767
      2329.0   0.000012792   0.000013564
      2330.0   0.000006594   0.000006965
      2331.0   0.000041044   0.000043106
      2332.0   0.000051265   0.000053506
      2333.0   0.000045413   0.000047108
      2334.0   0.000028400   0.000029254
      2335.0   0.000020809   0.000021329
      2336.0   0.000032882   0.000033540
      2337.0   0.000052440   0.000053115
      2338.0   0.000039254   0.000039511
      2339.0   0.000040967   0.000041045
      2340.0   0.000081635   0.000081402
      2341.0   0.000077206   0.000076616
      2342.0   0.000095565   0.000094557
      2343.0   0.000115272   0.000113607
      2344.0   0.000136496   0.000133990
      2345.0   0.000167359   0.000163784
      2346.0   0.000220500   0.000214627
      2347.0   0.000299317   0.000290440
      2348.0   0.000330067   0.000319403
      2349.0   0.000349915   0.000338101
      2350.0   0.000399958   0.000385610
      2351.0   0.000424249   0.000408612
      2352.0   0.000434904   0.000418014
      2353.0   0.000443640   0.000425942
      2354.0   0.000438047   0.000421189
      2355.0   0.000403230   0.000387246
      2356.0   0.000368028   0.000353600
      2357.0   0.000345115   0.000332084
      2358.0   0.000313690   0.000302159
      2359.0   0.000287063   0.000277054
      2360.0   0.000247657   0.000240026
      2361.0   0.000211252   0.000205241
      2362.0   0.000193711   0.000188874
      2363.0   0.000148155   0.000145360
      2364.0   0.000105802   0.000104205
      2365.0   0.000098690   0.000097650
      2366.0   0.000068823   0.000068571
      2367.0   0.000069192   0.000069226
      2368.0   0.000064806   0.000065263
      2369.0   0.000024257   0.000024625
      2370.0   0.000022099   0.000022539
      2371.0   0.000026437   0.000027202
      2372.0   0.000033588   0.000034834
      2373.0   0.000027054   0.000028278
      2374.0   0.000010750   0.000011343
      2375.0   0.000008272   0.000008792
      2376.0   0.000010039   0.000010778
      2377.0   0.000010828   0.000011760
      2378.0   0.000030156   0.000033076
      2379.0   0.000026259   0.000029081
      2380.0   0.000013678   0.000015307
      2381.0   0.000012792   0.000014503
      2382.0   0.000010674   0.000012244
      2383.0   0.000015645   0.000018126
      2384.0   0.000019647   0.000023047
      2385.0   0.000008702   0.000010311
      2386.0   0.000004993   0.000006002
      2387.0   0.000012120   0.000014739
      2388.0   0.000012759   0.000015701
      2389.0   0.000011352   0.000014158
      2390.0   0.000005965   0.000007529
      2391.0   0.000005186   0.000006635
      2392.0   0.000010670   0.000013827
      2393.0   0.000034285   0.000045080
      2394.0   0.000038750   0.000051535
      2395.0   0.000021941   0.000029571
      2396.0   0.000010253   0.000013998
      2397.0   0.000006106   0.000008419
      2398.0   0.000006655   0.000009308
      2399.0   0.000012608   0.000017873
      2400.0   0.000010217   0.000014680
      2401.0   0.000008644   0.000012566
      2402.0   0.000014353   0.000021171
      2403.0   0.000016402   0.000024484
      2404.0   0.000011298   0.000017054
      2405.0   0.000005919   0.000009062
      2406.0   0.000002545   0.000003944
      2407.0   0.000005892   0.000009216
      2408.0   0.000018609   0.000029578
      2409.0   0.000019630   0.000031567
      2410.0   0.000011891   0.000019329
      2411.0   0.000009011   0.000014827
      2412.0   0.000005151   0.000008568
      2413.0   0.000013717   0.000023098
      2414.0   0.000017708   0.000030130
      2415.0   0.000006714   0.000011544
      2416.0   0.000013458   0.000023301
      2417.0   0.000016549   0.000029009
      2418.0   0.000013436   0.000023740
      2419.0   0.000006806   0.000012147
      2420.0   0.000014850   0.000026775
      2421.0   0.000017845   0.000032322
      2422.0   0.000014284   0.000026078
      2423.0   0.000011619   0.000021356
      2424.0   0.000019630   0.000036222
      2425.0   0.000018929   0.000035244
      2426.0   0.000006523   0.000012249
      2427.0   0.000011871   0.000022362
      2428.0   0.000014574   0.000027544
      2429.0   0.000017550   0.000033289
      2430.0   0.000012319   0.000023336
      2431.0   0.000007342   0.000013959
      2432.0   0.000008848   0.000016817
      2433.0   0.000006850   0.000013033
      2434.0   0.000004577   0.000008698
      2435.0   0.000012673   0.000024090
      2436.0   0.000020278   0.000038361
      2437.0   0.000019041   0.000035961
      2438.0   0.000011691   0.000022058
      2439.0   0.000006646   0.000012479
      2440.0   0.000020272   0.000037821
      2441.0   0.000022189   0.000041084
      2442.0   0.000012540   0.000023085
      2443.0   0.000009165   0.000016731
      2444.0   0.000026367   0.000047743
      2445.0   0.000026911   0.000048223
      2446.0   0.000014421   0.000025544
      2447.0   0.000011707   0.000020554
      2448.0   0.000019830   0.000034290
      2449.0   0.000015477   0.000026460
      2450.0   0.000017475   0.000029435
      2451.0   0.000025822   0.000042677
      2452.0   0.000039938   0.000065172
      2453.0   0.000046761   0.000075169
      2454.0   0.000045476   0.000071667
      2455.0   0.000028069   0.000043535
      2456.0   0.000017827   0.000027139
      2457.0   0.000044246   0.000066051
      2458.0   0.000062178   0.000091127
      2459.0   0.000056798   0.000081590
      2460.0   0.000049463   0.000069603
      2461.0   0.000065443   0.000090173
      2462.0   0.000091864   0.000123619
      2463.0   0.000081225   0.000107006
      2464.0   0.000052006   0.000067016
      2465.0   0.000055569   0.000069894
      2466.0   0.000063320   0.000077983
      2467.0   0.000076864   0.000092513
      2468.0   0.000058844   0.000069166
      2469.0   0.000079986   0.000091445
      2470.0   0.000103019   0.000115146
      2471.0   0.000099758   0.000108745
      2472.0   0.000087616   0.000093291
      2473.0   0.000073444   0.000076400
      2474.0   0.000056551   0.000057600
      2475.0   0.000054726   0.000054160
      2476.0   0.000059339   0.000057549
      2477.0   0.000036069   0.000034209
      2478.0   0.000045759   0.000042276
      2479.0   0.000050489   0.000045604
      2480.0   0.000075267   0.000066662
      2481.0   0.000069099   0.000059677
      2482.0   0.000054643   0.000046142
      2483.0   0.000033955   0.000028094
      2484.0   0.000022526   0.000018203
      2485.0   0.000018820   0.000014859
      2486.0   0.000027977   0.000021712
      2487.0   0.000057572   0.000043689
      2488.0   0.000051747   0.000038438
      2489.0   0.000029216   0.000021248
      2490.0   0.000047691   0.000034013
      2491.0   0.000052992   0.000037129
      2492.0   0.000025048   0.000017283
      2493.0   0.000009210   0.000006234
      2494.0   0.000010868   0.000007236
      2495.0   0.000026145   0.000017119
      2496.0   0.000040899   0.000026423
      2497.0   0.000029675   0.000018870
      2498.0   0.000008284   0.000005198
      2499.0   0.000006991   0.000004324
      2500.0   0.000006944   0.000004241
      2501.0   0.000001926   0.000001161
      2502.0   0.000010977   0.000006531
      2503.0   0.000027453   0.000016175
      2504.0   0.000024005   0.000013957
      2505.0   0.000021275   0.000012217
      2506.0   0.000024591   0.000014016
      2507.0   0.000036696   0.000020727
      2508.0   0.000022860   0.000012783
      2509.0   0.000010754   0.000005966
      2510.0   0.000027982   0.000015420
      2511.0   0.000043476   0.000023838
      2512.0   0.000034686   0.000018954
      2513.0   0.000017753   0.000009664
      2514.0   0.000028656   0.000015452
      2515.0   0.000033425   0.000017979
      2516.0   0.000023659   0.000012686
      2517.0   0.000030836   0.000016454
      2518.0   0.000032959   0.000017561
      2519.0   0.000020590   0.000010944
      2520.0   0.000010823   0.000005747
      2521.0   0.000008115   0.000004309
      2522.0   0.000006587   0.000003488
      2523.0   0.000012644   0.000006708
      2524.0   0.000010345   0.000005526
      2525.0   0.000018947   0.000010128
      2526.0   0.000029340   0.000015706
      2527.0   0.000013462   0.000007239
      2528.0   0.000012113   0.000006520
      2529.0   0.000026596   0.000014323
      2530.0   0.000050237   0.000027212
      2531.0   0.000029750   0.000016204
      2532.0   0.000012410   0.000006761
      2533.0   0.000016447   0.000009013
      2534.0   0.000010882   0.000006020
      2535.0   0.000004015   0.000002233
      2536.0   0.000010683   0.000005973
      2537.0   0.000018576   0.000010449
      2538.0   0.000017929   0.000010138
      2539.0   0.000015598   0.000008874
      2540.0   0.000022145   0.000012680
      2541.0   0.000015075   0.000008706
      2542.0   0.000011530   0.000006746
      2543.0   0.000036093   0.000021367
      2544.0   0.000026068   0.000015538
      2545.0   0.000010763   0.000006462
      2546.0   0.000020648   0.000012513
      2547.0   0.000037807   0.000023096
      2548.0   0.000052681   0.000032555
      2549.0   0.000048551   0.000030442
      2550.0   0.000023648   0.000014924
      2551.0   0.000025066   0.000015923
      2552.0   0.000020312   0.000012998
      2553.0   0.000012085   0.000007771
      2554.0   0.000034331   0.000022350
      2555.0   0.000036611   0.000024150
      2556.0   0.000032945   0.000021866
      2557.0   0.000016430   0.000011039
      2558.0   0.000014459   0.000009918
      2559.0   0.000017645   0.000012234
      2560.0   0.000017350   0.000012250
      2561.0   0.000024176   0.000017336
      2562.0   0.000030506   0.000021968
      2563.0   0.000016423   0.000011909
      2564.0   0.000012574   0.000009186
      2565.0   0.000037980   0.000027973
      2566.0   0.000063533   0.000047254
      2567.0   0.000069122   0.000052209
      2568.0   0.000062650   0.000047947
      2569.0   0.000059919   0.000046501
      2570.0   0.000036805   0.000028907
      2571.0   0.000015650   0.000012417
      2572.0   0.000020383   0.000016391
      2573.0   0.000028854   0.000023598
      2574.0   0.000019702   0.000016337
      2575.0   0.000014077   0.000011750
      2576.0   0.000021575   0.000018254
      2577.0   0.000051870   0.000044264
      2578.0   0.000086648   0.000074951
      2579.0   0.000077926   0.000068173
      2580.0   0.000064676   0.000057106
      2581.0   0.000076387   0.000068286
      2582.0   0.000065806   0.000059800
      2583.0   0.000049102   0.000045272
      2584.0   0.000055052   0.000051193
      2585.0   0.000068251   0.000064250
      2586.0   0.000093483   0.000088710
      2587.0   0.000126851   0.000121563
      2588.0   0.000136370   0.000131877
      2589.0   0.000118424   0.000114766
      2590.0   0.000111519   0.000110304
      2591.0   0.000126454   0.000127704
      2592.0   0.000110830   0.000113209
      2593.0   0.000100429   0.000103299
      2594.0   0.000135636   0.000140704
      2595.0   0.000169658   0.000177328
      2596.0   0.000170058   0.000179247
      2597.0   0.000137630   0.000145311
      2598.0   0.000141139   0.000149866
      2599.0   0.000194860   0.000210871
      2600.0   0.000207633   0.000229028
      2601.0   0.000209131   0.000232981
      2602.0   0.000230064   0.000259208
      2603.0   0.000229855   0.000260479
      2604.0   0.000238283   0.000272403
      2605.0   0.000255707   0.000295028
      2606.0   0.000252468   0.000288718
      2607.0   0.000254053   0.000293079
      2608.0   0.000259311   0.000300500
      2609.0   0.000252915   0.000296355
      2610.0   0.000259196   0.000308425
      2611.0   0.000270744   0.000326794
      2612.0   0.000253644   0.000308350
      2613.0   0.000235850   0.000288748
      2614.0   0.000245214   0.000300552
      2615.0   0.000278852   0.000345820
      2616.0   0.000288924   0.000361621
      2617.0   0.000293275   0.000369553
      2618.0   0.000305013   0.000386069
      2619.0   0.000295191   0.000376100
      2620.0   0.000293888   0.000377780
      2621.0   0.000288948   0.000371377
      2622.0   0.000299680   0.000390935
      2623.0   0.000322652   0.000430429
      2624.0   0.000314220   0.000421616
      2625.0   0.000306473   0.000410225
      2626.0   0.000316202   0.000427982
      2627.0   0.000317711   0.000433876
      2628.0   0.000316150   0.000435905
      2629.0   0.000315604   0.000433895
      2630.0   0.000305609   0.000420698
      2631.0   0.000293100   0.000404443
      2632.0   0.000272594   0.000378879
      2633.0   0.000271808   0.000378044
      2634.0   0.000288058   0.000401180
      2635.0   0.000280496   0.000393771
      2636.0   0.000301367   0.000431804
      2637.0   0.000290622   0.000417751
      2638.0   0.000250649   0.000361248
      2639.0   0.000255770   0.000370906
      2640.0   0.000260692   0.000381322
      2641.0   0.000272202   0.000402371
      2642.0   0.000279696   0.000412399
      2643.0   0.000265476   0.000392250
      2644.0   0.000250566   0.000372797
      2645.0   0.000269786   0.000402292
      2646.0   0.000271938   0.000405252
      2647.0   0.000256285   0.000385164
      2648.0   0.000268793   0.000406921
      2649.0   0.000256051   0.000384781
      2650.0   0.000239777   0.000365546
      2651.0   0.000273405   0.000417443
      2652.0   0.000281002   0.000427908
      2653.0   0.000269485   0.000409119
      2654.0   0.000267832   0.000402845
      2655.0   0.000252124   0.000387080
      2656.0   0.000240702   0.000375143
      2657.0   0.000241431   0.000369254
      2658.0   0.000272083   0.000421525
      2659.0   0.000267353   0.000413404
      2660.0   0.000264056   0.000412483
      2661.0   0.000259560   0.000404565
      2662.0   0.000263353   0.000401133
      2663.0   0.000272455   0.000423205
      2664.0   0.000265447   0.000417040
      2665.0   0.000255004   0.000400092
      2666.0   0.000205179   0.000325173
      2667.0   0.000244054   0.000380332
      2668.0   0.000259907   0.000415143
      2669.0   0.000259557   0.000404519
      2670.0   0.000265263   0.000399094
      2671.0   0.000181453   0.000281690
      2672.0   0.000231473   0.000356404
      2673.0   0.000275741   0.000416350
      2674.0   0.000254418   0.000397059
      2675.0   0.000246054   0.000365593
      2676.0   0.000263519   0.000398929
      2677.0   0.000313117   0.000470193
      2678.0   0.000356296   0.000520142
      2679.0   0.000351560   0.000527976
      2680.0   0.000348104   0.000508081
      2681.0   0.000375324   0.000560135
      2682.0   0.000373531   0.000571462
      2683.0   0.000388587   0.000586230
      2684.0   0.000409276   0.000589291
      2685.0   0.000435870   0.000685668
      2686.0   0.000263845   0.000423365
      2687.0   0.000252181   0.000337587
      2688.0   0.000381520   0.000584744
      2689.0   0.000433682   0.000685219
      2690.0   0.000222797   0.000336137
      2691.0   0.000284134   0.000428676
      2692.0   0.000294802   0.000444772
      2693.0   0.000217232   0.000327741
      2694.0   0.000725878   0.001095141
      2695.0   0.000551741   0.000832419
      2696.0   0.000203816   0.000307500
      2697.0   0.000415235   0.000626470
      2698.0   0.001122564   0.001693627
      2699.0   0.000933566   0.001408483
      2700.0   0.001153416   0.001740173
