#                                                          
# SPHERE/IRDIS DB D_H23 filters transmission               
#                                                          
# Updated with final values on 2015-04-16 by Arthur Vigan  
# For any information, please contact <arthur.vigan@lam.fr>
#                                                          
# wavelength   D_H2          D_H3                          
#                                                          
       400.0   0.000007627   0.000010710
       401.0   0.000007627   0.000010710
       402.0   0.000007627   0.000010710
       403.0   0.000007627   0.000010710
       404.0   0.000007627   0.000010710
       405.0   0.000007627   0.000010710
       406.0   0.000007627   0.000010710
       407.0   0.000007627   0.000010710
       408.0   0.000007627   0.000010710
       409.0   0.000007627   0.000010710
       410.0   0.000007627   0.000010710
       411.0   0.000007627   0.000010710
       412.0   0.000007627   0.000010710
       413.0   0.000007627   0.000010710
       414.0   0.000007627   0.000010710
       415.0   0.000007627   0.000010710
       416.0   0.000007627   0.000010710
       417.0   0.000007627   0.000010710
       418.0   0.000007627   0.000010710
       419.0   0.000007627   0.000010710
       420.0   0.000007627   0.000010710
       421.0   0.000007627   0.000010710
       422.0   0.000007627   0.000010710
       423.0   0.000007627   0.000010710
       424.0   0.000007627   0.000010710
       425.0   0.000007627   0.000010710
       426.0   0.000007627   0.000010710
       427.0   0.000007627   0.000010710
       428.0   0.000007627   0.000010710
       429.0   0.000007627   0.000010710
       430.0   0.000007627   0.000010710
       431.0   0.000007627   0.000010710
       432.0   0.000007627   0.000010710
       433.0   0.000007627   0.000010710
       434.0   0.000007627   0.000010710
       435.0   0.000007627   0.000010710
       436.0   0.000007627   0.000010710
       437.0   0.000007627   0.000010710
       438.0   0.000007627   0.000010710
       439.0   0.000007627   0.000010710
       440.0   0.000007627   0.000010710
       441.0   0.000007627   0.000010710
       442.0   0.000007627   0.000010710
       443.0   0.000007627   0.000010710
       444.0   0.000007627   0.000010710
       445.0   0.000007627   0.000010710
       446.0   0.000007627   0.000010710
       447.0   0.000007627   0.000010710
       448.0   0.000007627   0.000010710
       449.0   0.000007627   0.000010710
       450.0   0.000007627   0.000010710
       451.0   0.000007627   0.000010710
       452.0   0.000007627   0.000010710
       453.0   0.000007627   0.000010710
       454.0   0.000007627   0.000010710
       455.0   0.000007627   0.000010710
       456.0   0.000007627   0.000010710
       457.0   0.000007627   0.000010710
       458.0   0.000007627   0.000010710
       459.0   0.000007627   0.000010710
       460.0   0.000007627   0.000010710
       461.0   0.000007627   0.000010710
       462.0   0.000007627   0.000010710
       463.0   0.000007627   0.000010710
       464.0   0.000007627   0.000010710
       465.0   0.000007627   0.000010710
       466.0   0.000007627   0.000010710
       467.0   0.000007627   0.000010710
       468.0   0.000007627   0.000010710
       469.0   0.000007627   0.000010710
       470.0   0.000007627   0.000010710
       471.0   0.000007627   0.000010710
       472.0   0.000007627   0.000010710
       473.0   0.000007627   0.000010710
       474.0   0.000007627   0.000010710
       475.0   0.000007627   0.000010710
       476.0   0.000007627   0.000010710
       477.0   0.000007627   0.000010710
       478.0   0.000007627   0.000010710
       479.0   0.000007627   0.000010710
       480.0   0.000007627   0.000010710
       481.0   0.000007627   0.000010710
       482.0   0.000007627   0.000010710
       483.0   0.000007627   0.000010710
       484.0   0.000007627   0.000010710
       485.0   0.000007627   0.000010710
       486.0   0.000007627   0.000010710
       487.0   0.000007627   0.000010710
       488.0   0.000007627   0.000010710
       489.0   0.000007627   0.000010710
       490.0   0.000007627   0.000010710
       491.0   0.000007627   0.000010710
       492.0   0.000007627   0.000010710
       493.0   0.000007627   0.000010710
       494.0   0.000007627   0.000010710
       495.0   0.000007627   0.000010710
       496.0   0.000007627   0.000010710
       497.0   0.000007627   0.000010710
       498.0   0.000007627   0.000010710
       499.0   0.000007627   0.000010710
       500.0   0.000007627   0.000010710
       501.0   0.000007627   0.000010710
       502.0   0.000007627   0.000010710
       503.0   0.000007627   0.000010710
       504.0   0.000007627   0.000010710
       505.0   0.000007627   0.000010710
       506.0   0.000007627   0.000010710
       507.0   0.000007627   0.000010710
       508.0   0.000007627   0.000010710
       509.0   0.000007627   0.000010710
       510.0   0.000007627   0.000010710
       511.0   0.000007627   0.000010710
       512.0   0.000007627   0.000010710
       513.0   0.000007627   0.000010710
       514.0   0.000007627   0.000010710
       515.0   0.000007627   0.000010710
       516.0   0.000007627   0.000010710
       517.0   0.000007627   0.000010710
       518.0   0.000007627   0.000010710
       519.0   0.000007627   0.000010710
       520.0   0.000007627   0.000010710
       521.0   0.000007627   0.000010710
       522.0   0.000007627   0.000010710
       523.0   0.000007627   0.000010710
       524.0   0.000007627   0.000010710
       525.0   0.000007627   0.000010710
       526.0   0.000007627   0.000010710
       527.0   0.000007627   0.000010710
       528.0   0.000007627   0.000010710
       529.0   0.000007627   0.000010710
       530.0   0.000007627   0.000010710
       531.0   0.000007627   0.000010710
       532.0   0.000007627   0.000010710
       533.0   0.000007627   0.000010710
       534.0   0.000007627   0.000010710
       535.0   0.000007627   0.000010710
       536.0   0.000007627   0.000010710
       537.0   0.000007627   0.000010710
       538.0   0.000007627   0.000010710
       539.0   0.000007627   0.000010710
       540.0   0.000007627   0.000010710
       541.0   0.000007627   0.000010710
       542.0   0.000007627   0.000010710
       543.0   0.000007627   0.000010710
       544.0   0.000007627   0.000010710
       545.0   0.000007627   0.000010710
       546.0   0.000007627   0.000010710
       547.0   0.000007627   0.000010710
       548.0   0.000007627   0.000010710
       549.0   0.000007627   0.000010710
       550.0   0.000007627   0.000010710
       551.0   0.000007627   0.000010710
       552.0   0.000007627   0.000010710
       553.0   0.000007627   0.000010710
       554.0   0.000007627   0.000010710
       555.0   0.000007627   0.000010710
       556.0   0.000007627   0.000010710
       557.0   0.000007627   0.000010710
       558.0   0.000007627   0.000010710
       559.0   0.000007627   0.000010710
       560.0   0.000007627   0.000010710
       561.0   0.000007627   0.000010710
       562.0   0.000007627   0.000010710
       563.0   0.000007627   0.000010710
       564.0   0.000007627   0.000010710
       565.0   0.000007627   0.000010710
       566.0   0.000007627   0.000010710
       567.0   0.000007627   0.000010710
       568.0   0.000007627   0.000010710
       569.0   0.000007627   0.000010710
       570.0   0.000007627   0.000010710
       571.0   0.000007627   0.000010710
       572.0   0.000007627   0.000010710
       573.0   0.000007627   0.000010710
       574.0   0.000007627   0.000010710
       575.0   0.000007627   0.000010710
       576.0   0.000007627   0.000010710
       577.0   0.000007627   0.000010710
       578.0   0.000007627   0.000010710
       579.0   0.000007627   0.000010710
       580.0   0.000007627   0.000010710
       581.0   0.000007627   0.000010710
       582.0   0.000007627   0.000010710
       583.0   0.000007627   0.000010710
       584.0   0.000007627   0.000010710
       585.0   0.000007627   0.000010710
       586.0   0.000007627   0.000010710
       587.0   0.000007627   0.000010710
       588.0   0.000007627   0.000010710
       589.0   0.000007627   0.000010710
       590.0   0.000007627   0.000010710
       591.0   0.000007627   0.000010710
       592.0   0.000007627   0.000010710
       593.0   0.000007627   0.000010710
       594.0   0.000007627   0.000010710
       595.0   0.000007627   0.000010710
       596.0   0.000007627   0.000010710
       597.0   0.000007627   0.000010710
       598.0   0.000007627   0.000010710
       599.0   0.000007627   0.000010710
       600.0   0.000007627   0.000010710
       601.0   0.000007627   0.000010710
       602.0   0.000007627   0.000010710
       603.0   0.000007627   0.000010710
       604.0   0.000007627   0.000010710
       605.0   0.000007627   0.000010710
       606.0   0.000007627   0.000010710
       607.0   0.000007627   0.000010710
       608.0   0.000007627   0.000010710
       609.0   0.000007627   0.000010710
       610.0   0.000007627   0.000010710
       611.0   0.000007627   0.000010710
       612.0   0.000007627   0.000010710
       613.0   0.000007627   0.000010710
       614.0   0.000007627   0.000010710
       615.0   0.000007627   0.000010710
       616.0   0.000007627   0.000010710
       617.0   0.000007627   0.000010710
       618.0   0.000007627   0.000010710
       619.0   0.000007627   0.000010710
       620.0   0.000007627   0.000010710
       621.0   0.000007627   0.000010710
       622.0   0.000007627   0.000010710
       623.0   0.000007627   0.000010710
       624.0   0.000007627   0.000010710
       625.0   0.000007627   0.000010710
       626.0   0.000007627   0.000010710
       627.0   0.000007627   0.000010710
       628.0   0.000007627   0.000010710
       629.0   0.000007627   0.000010710
       630.0   0.000007627   0.000010710
       631.0   0.000007627   0.000010710
       632.0   0.000007627   0.000010710
       633.0   0.000007627   0.000010710
       634.0   0.000007627   0.000010710
       635.0   0.000007627   0.000010710
       636.0   0.000007627   0.000010710
       637.0   0.000007627   0.000010710
       638.0   0.000007627   0.000010710
       639.0   0.000007627   0.000010710
       640.0   0.000007627   0.000010710
       641.0   0.000007627   0.000010710
       642.0   0.000007627   0.000010710
       643.0   0.000007627   0.000010710
       644.0   0.000007627   0.000010710
       645.0   0.000007627   0.000010710
       646.0   0.000007627   0.000010710
       647.0   0.000007627   0.000010710
       648.0   0.000007627   0.000010710
       649.0   0.000007627   0.000010710
       650.0   0.000007627   0.000010710
       651.0   0.000007627   0.000010710
       652.0   0.000007627   0.000010710
       653.0   0.000007627   0.000010710
       654.0   0.000007627   0.000010710
       655.0   0.000007627   0.000010710
       656.0   0.000007627   0.000010710
       657.0   0.000007627   0.000010710
       658.0   0.000007627   0.000010710
       659.0   0.000007627   0.000010710
       660.0   0.000007627   0.000010710
       661.0   0.000007627   0.000010710
       662.0   0.000007627   0.000010710
       663.0   0.000007627   0.000010710
       664.0   0.000007627   0.000010710
       665.0   0.000007627   0.000010710
       666.0   0.000007627   0.000010710
       667.0   0.000007627   0.000010710
       668.0   0.000007627   0.000010710
       669.0   0.000007627   0.000010710
       670.0   0.000007627   0.000010710
       671.0   0.000007627   0.000010710
       672.0   0.000007627   0.000010710
       673.0   0.000007627   0.000010710
       674.0   0.000007627   0.000010710
       675.0   0.000007627   0.000010710
       676.0   0.000007627   0.000010710
       677.0   0.000007627   0.000010710
       678.0   0.000007627   0.000010710
       679.0   0.000007627   0.000010710
       680.0   0.000007627   0.000010710
       681.0   0.000007627   0.000010710
       682.0   0.000007627   0.000010710
       683.0   0.000007627   0.000010710
       684.0   0.000007627   0.000010710
       685.0   0.000007627   0.000010710
       686.0   0.000007627   0.000010710
       687.0   0.000007627   0.000010710
       688.0   0.000007627   0.000010710
       689.0   0.000007627   0.000010710
       690.0   0.000007627   0.000010710
       691.0   0.000007627   0.000010710
       692.0   0.000007627   0.000010710
       693.0   0.000007627   0.000010710
       694.0   0.000007627   0.000010710
       695.0   0.000007627   0.000010710
       696.0   0.000007627   0.000010710
       697.0   0.000007627   0.000010710
       698.0   0.000007627   0.000010710
       699.0   0.000007627   0.000010710
       700.0   0.000007627   0.000010710
       701.0   0.000007627   0.000010710
       702.0   0.000007627   0.000010710
       703.0   0.000007627   0.000010710
       704.0   0.000007627   0.000010710
       705.0   0.000007627   0.000010710
       706.0   0.000007627   0.000010710
       707.0   0.000007627   0.000010710
       708.0   0.000007627   0.000010710
       709.0   0.000007627   0.000010710
       710.0   0.000007627   0.000010710
       711.0   0.000007627   0.000010710
       712.0   0.000007627   0.000010710
       713.0   0.000007627   0.000010710
       714.0   0.000007627   0.000010710
       715.0   0.000007627   0.000010710
       716.0   0.000007627   0.000010710
       717.0   0.000007627   0.000010710
       718.0   0.000007627   0.000010710
       719.0   0.000007627   0.000010710
       720.0   0.000007627   0.000010710
       721.0   0.000007627   0.000010710
       722.0   0.000007627   0.000010710
       723.0   0.000007627   0.000010710
       724.0   0.000007627   0.000010710
       725.0   0.000007627   0.000010710
       726.0   0.000007627   0.000010710
       727.0   0.000007627   0.000010710
       728.0   0.000007627   0.000010710
       729.0   0.000007627   0.000010710
       730.0   0.000007627   0.000010710
       731.0   0.000007627   0.000010710
       732.0   0.000007627   0.000010710
       733.0   0.000007627   0.000010710
       734.0   0.000007627   0.000010710
       735.0   0.000007627   0.000010710
       736.0   0.000007627   0.000010710
       737.0   0.000007627   0.000010710
       738.0   0.000007627   0.000010710
       739.0   0.000007627   0.000010710
       740.0   0.000007627   0.000010710
       741.0   0.000007627   0.000010710
       742.0   0.000007627   0.000010710
       743.0   0.000007627   0.000010710
       744.0   0.000007627   0.000010710
       745.0   0.000007627   0.000010710
       746.0   0.000007627   0.000010710
       747.0   0.000007627   0.000010710
       748.0   0.000007627   0.000010710
       749.0   0.000007627   0.000010710
       750.0   0.000007627   0.000010710
       751.0   0.000007627   0.000010710
       752.0   0.000007627   0.000010710
       753.0   0.000007627   0.000010710
       754.0   0.000007627   0.000010710
       755.0   0.000007627   0.000010710
       756.0   0.000007627   0.000010710
       757.0   0.000007627   0.000010710
       758.0   0.000007627   0.000010710
       759.0   0.000007627   0.000010710
       760.0   0.000007627   0.000010710
       761.0   0.000007627   0.000010710
       762.0   0.000007627   0.000010710
       763.0   0.000007627   0.000010710
       764.0   0.000007627   0.000010710
       765.0   0.000007627   0.000010710
       766.0   0.000007627   0.000010710
       767.0   0.000007627   0.000010710
       768.0   0.000007627   0.000010710
       769.0   0.000007627   0.000010710
       770.0   0.000007627   0.000010710
       771.0   0.000007627   0.000010710
       772.0   0.000007627   0.000010710
       773.0   0.000007627   0.000010710
       774.0   0.000007627   0.000010710
       775.0   0.000007627   0.000010710
       776.0   0.000007627   0.000010710
       777.0   0.000007627   0.000010710
       778.0   0.000007627   0.000010710
       779.0   0.000007627   0.000010710
       780.0   0.000007627   0.000010710
       781.0   0.000007627   0.000010710
       782.0   0.000007627   0.000010710
       783.0   0.000007627   0.000010710
       784.0   0.000007627   0.000010710
       785.0   0.000007627   0.000010710
       786.0   0.000007627   0.000010710
       787.0   0.000007627   0.000010710
       788.0   0.000007627   0.000010710
       789.0   0.000007627   0.000010710
       790.0   0.000007627   0.000010710
       791.0   0.000007627   0.000010710
       792.0   0.000007627   0.000010710
       793.0   0.000007627   0.000010710
       794.0   0.000007627   0.000010710
       795.0   0.000007627   0.000010710
       796.0   0.000007627   0.000010710
       797.0   0.000007627   0.000010710
       798.0   0.000007627   0.000010710
       799.0   0.000007627   0.000008906
       800.0   0.000007627   0.000009109
       801.0   0.000007627   0.000009309
       802.0   0.000007627   0.000009310
       803.0   0.000007627   0.000009132
       804.0   0.000007627   0.000008842
       805.0   0.000007627   0.000008520
       806.0   0.000007627   0.000008241
       807.0   0.000007627   0.000008056
       808.0   0.000007627   0.000007990
       809.0   0.000007627   0.000008049
       810.0   0.000007627   0.000008214
       811.0   0.000007627   0.000008459
       812.0   0.000007627   0.000008744
       813.0   0.000007627   0.000009013
       814.0   0.000007627   0.000009205
       815.0   0.000007627   0.000009271
       816.0   0.000007627   0.000009198
       817.0   0.000007627   0.000009011
       818.0   0.000007627   0.000008755
       819.0   0.000007627   0.000008489
       820.0   0.000007627   0.000008257
       821.0   0.000007627   0.000008090
       822.0   0.000007627   0.000008012
       823.0   0.000007627   0.000008024
       824.0   0.000007627   0.000008116
       825.0   0.000007627   0.000008267
       826.0   0.000007627   0.000008443
       827.0   0.000007627   0.000008601
       828.0   0.000007627   0.000008708
       829.0   0.000007627   0.000008736
       830.0   0.000007627   0.000008679
       831.0   0.000007627   0.000008551
       832.0   0.000007627   0.000008378
       833.0   0.000007627   0.000008195
       834.0   0.000007627   0.000008034
       835.0   0.000007627   0.000007925
       836.0   0.000007627   0.000007884
       837.0   0.000007627   0.000007915
       838.0   0.000007627   0.000008013
       839.0   0.000007627   0.000008164
       840.0   0.000007627   0.000008341
       841.0   0.000007627   0.000008519
       842.0   0.000007627   0.000008664
       843.0   0.000007627   0.000008752
       844.0   0.000007627   0.000008772
       845.0   0.000007627   0.000008723
       846.0   0.000007627   0.000008622
       847.0   0.000007627   0.000008496
       848.0   0.000007627   0.000008380
       849.0   0.000007627   0.000008297
       850.0   0.000007627   0.000008264
       851.0   0.000007627   0.000008287
       852.0   0.000007627   0.000008359
       853.0   0.000007627   0.000008483
       854.0   0.000007627   0.000008635
       855.0   0.000007627   0.000008775
       856.0   0.000007627   0.000008879
       857.0   0.000007627   0.000008915
       858.0   0.000007627   0.000008868
       859.0   0.000007627   0.000008640
       860.0   0.000007627   0.000008426
       861.0   0.000007627   0.000008266
       862.0   0.000007627   0.000008108
       863.0   0.000007627   0.000007975
       864.0   0.000007627   0.000007866
       865.0   0.000007627   0.000007804
       866.0   0.000007627   0.000007803
       867.0   0.000007627   0.000007837
       868.0   0.000007627   0.000007922
       869.0   0.000007627   0.000008021
       870.0   0.000007627   0.000008126
       871.0   0.000007627   0.000008217
       872.0   0.000007627   0.000008277
       873.0   0.000007627   0.000008281
       874.0   0.000007627   0.000008241
       875.0   0.000007627   0.000008155
       876.0   0.000007627   0.000008017
       877.0   0.000007627   0.000007869
       878.0   0.000007627   0.000007717
       879.0   0.000007627   0.000007571
       880.0   0.000007627   0.000007471
       881.0   0.000007627   0.000007408
       882.0   0.000007627   0.000007408
       883.0   0.000007627   0.000007446
       884.0   0.000007627   0.000007539
       885.0   0.000007627   0.000007682
       886.0   0.000007627   0.000007819
       887.0   0.000007627   0.000007962
       888.0   0.000007627   0.000008091
       889.0   0.000007627   0.000008174
       890.0   0.000007627   0.000008203
       891.0   0.000007627   0.000008175
       892.0   0.000007627   0.000008100
       893.0   0.000007627   0.000007974
       894.0   0.000007627   0.000007825
       895.0   0.000007627   0.000007656
       896.0   0.000007627   0.000007496
       897.0   0.000007627   0.000007373
       898.0   0.000007627   0.000007272
       899.0   0.000007627   0.000007228
       900.0   0.000007627   0.000007236
       901.0   0.000007627   0.000007297
       902.0   0.000007627   0.000007401
       903.0   0.000007627   0.000007546
       904.0   0.000007627   0.000007709
       905.0   0.000007627   0.000007884
       906.0   0.000007627   0.000008049
       907.0   0.000007627   0.000008189
       908.0   0.000007627   0.000008298
       909.0   0.000007627   0.000008369
       910.0   0.000007627   0.000008383
       911.0   0.000007627   0.000008362
       912.0   0.000007627   0.000008308
       913.0   0.000007627   0.000008232
       914.0   0.000007627   0.000008141
       915.0   0.000007627   0.000008060
       916.0   0.000007627   0.000007986
       917.0   0.000007627   0.000007939
       918.0   0.000007627   0.000007919
       919.0   0.000007627   0.000007921
       920.0   0.000007627   0.000007952
       921.0   0.000007627   0.000008003
       922.0   0.000007627   0.000008070
       923.0   0.000007627   0.000008143
       924.0   0.000007627   0.000008213
       925.0   0.000007627   0.000008280
       926.0   0.000007627   0.000008329
       927.0   0.000007627   0.000008361
       928.0   0.000007627   0.000008377
       929.0   0.000007627   0.000008371
       930.0   0.000007627   0.000008348
       931.0   0.000007627   0.000008313
       932.0   0.000007627   0.000008279
       933.0   0.000007627   0.000008241
       934.0   0.000007627   0.000008206
       935.0   0.000007627   0.000008176
       936.0   0.000007627   0.000008159
       937.0   0.000007627   0.000008154
       938.0   0.000007627   0.000008159
       939.0   0.000007627   0.000008174
       940.0   0.000007627   0.000008196
       941.0   0.000007627   0.000008229
       942.0   0.000007627   0.000008257
       943.0   0.000007627   0.000008292
       944.0   0.000007627   0.000008321
       945.0   0.000007627   0.000008348
       946.0   0.000007627   0.000008374
       947.0   0.000007627   0.000008392
       948.0   0.000007627   0.000008411
       949.0   0.000007627   0.000008418
       950.0   0.000007627   0.000008423
       951.0   0.000007627   0.000008429
       952.0   0.000007627   0.000008428
       953.0   0.000007627   0.000008423
       954.0   0.000007627   0.000008420
       955.0   0.000007627   0.000008415
       956.0   0.000007627   0.000008411
       957.0   0.000007627   0.000008409
       958.0   0.000007627   0.000008412
       959.0   0.000007627   0.000008413
       960.0   0.000007627   0.000008419
       961.0   0.000007627   0.000008430
       962.0   0.000007627   0.000008443
       963.0   0.000007627   0.000008460
       964.0   0.000007627   0.000008476
       965.0   0.000007627   0.000008495
       966.0   0.000007627   0.000008505
       967.0   0.000007627   0.000008507
       968.0   0.000007627   0.000008491
       969.0   0.000007627   0.000008457
       970.0   0.000007627   0.000008401
       971.0   0.000007627   0.000008321
       972.0   0.000007627   0.000008215
       973.0   0.000007627   0.000008086
       974.0   0.000007627   0.000007935
       975.0   0.000007627   0.000007770
       976.0   0.000007627   0.000007596
       977.0   0.000007627   0.000007420
       978.0   0.000007627   0.000007254
       979.0   0.000007627   0.000007103
       980.0   0.000007627   0.000006972
       981.0   0.000007627   0.000006876
       982.0   0.000007627   0.000006813
       983.0   0.000007627   0.000006789
       984.0   0.000007627   0.000006810
       985.0   0.000007627   0.000006870
       986.0   0.000007627   0.000006968
       987.0   0.000007627   0.000007105
       988.0   0.000007627   0.000007274
       989.0   0.000007627   0.000007460
       990.0   0.000007627   0.000007654
       991.0   0.000007627   0.000007838
       992.0   0.000007627   0.000008000
       993.0   0.000007627   0.000008120
       994.0   0.000007627   0.000008188
       995.0   0.000007627   0.000008191
       996.0   0.000007627   0.000008132
       997.0   0.000007627   0.000008017
       998.0   0.000007627   0.000007848
       999.0   0.000007627   0.000007638
      1000.0   0.000007627   0.000007408
      1001.0   0.000007627   0.000007175
      1002.0   0.000007627   0.000006950
      1003.0   0.000007627   0.000006757
      1004.0   0.000007627   0.000006596
      1005.0   0.000007627   0.000006479
      1006.0   0.000007627   0.000006410
      1007.0   0.000007627   0.000006395
      1008.0   0.000007627   0.000006431
      1009.0   0.000007627   0.000006516
      1010.0   0.000007627   0.000006651
      1011.0   0.000007627   0.000006829
      1012.0   0.000007627   0.000007042
      1013.0   0.000007627   0.000007268
      1014.0   0.000007627   0.000007507
      1015.0   0.000007627   0.000007732
      1016.0   0.000007627   0.000007933
      1017.0   0.000007627   0.000008087
      1018.0   0.000007627   0.000008185
      1019.0   0.000007627   0.000008222
      1020.0   0.000007627   0.000008194
      1021.0   0.000007627   0.000008111
      1022.0   0.000007627   0.000007980
      1023.0   0.000007627   0.000007818
      1024.0   0.000007627   0.000007642
      1025.0   0.000007627   0.000007470
      1026.0   0.000007627   0.000007314
      1027.0   0.000007627   0.000007193
      1028.0   0.000007627   0.000007119
      1029.0   0.000007627   0.000007095
      1030.0   0.000007627   0.000007120
      1031.0   0.000007627   0.000007195
      1032.0   0.000007627   0.000007318
      1033.0   0.000007627   0.000007473
      1034.0   0.000007627   0.000007654
      1035.0   0.000007627   0.000007843
      1036.0   0.000007627   0.000008016
      1037.0   0.000007627   0.000008148
      1038.0   0.000007627   0.000008225
      1039.0   0.000007627   0.000008220
      1040.0   0.000007627   0.000008132
      1041.0   0.000007627   0.000007958
      1042.0   0.000007627   0.000007697
      1043.0   0.000007627   0.000007372
      1044.0   0.000007627   0.000006998
      1045.0   0.000007627   0.000006606
      1046.0   0.000007627   0.000006208
      1047.0   0.000007627   0.000005831
      1048.0   0.000007627   0.000005482
      1049.0   0.000007627   0.000005176
      1050.0   0.000007627   0.000004913
      1051.0   0.000007627   0.000004706
      1052.0   0.000007627   0.000004547
      1053.0   0.000007627   0.000004442
      1054.0   0.000007627   0.000004385
      1055.0   0.000007627   0.000004379
      1056.0   0.000007627   0.000004424
      1057.0   0.000007627   0.000004518
      1058.0   0.000007627   0.000004661
      1059.0   0.000007627   0.000004854
      1060.0   0.000007627   0.000005094
      1061.0   0.000007627   0.000005381
      1062.0   0.000007627   0.000005713
      1063.0   0.000007627   0.000006072
      1064.0   0.000007627   0.000006454
      1065.0   0.000007627   0.000006842
      1066.0   0.000007627   0.000007213
      1067.0   0.000007627   0.000007541
      1068.0   0.000007627   0.000007817
      1069.0   0.000007627   0.000008019
      1070.0   0.000007627   0.000008135
      1071.0   0.000007627   0.000008163
      1072.0   0.000007627   0.000008113
      1073.0   0.000007627   0.000007993
      1074.0   0.000007627   0.000007824
      1075.0   0.000007627   0.000007622
      1076.0   0.000007627   0.000007407
      1077.0   0.000007627   0.000007202
      1078.0   0.000007627   0.000007015
      1079.0   0.000007627   0.000006857
      1080.0   0.000007627   0.000006737
      1081.0   0.000007627   0.000006659
      1082.0   0.000007627   0.000006623
      1083.0   0.000007627   0.000006630
      1084.0   0.000007627   0.000006677
      1085.0   0.000007627   0.000006763
      1086.0   0.000007627   0.000006884
      1087.0   0.000007627   0.000007034
      1088.0   0.000007627   0.000007208
      1089.0   0.000007627   0.000007397
      1090.0   0.000007627   0.000007593
      1091.0   0.000007627   0.000007793
      1092.0   0.000007627   0.000007986
      1093.0   0.000007627   0.000008162
      1094.0   0.000007734   0.000008314
      1095.0   0.000007890   0.000008437
      1096.0   0.000008043   0.000008531
      1097.0   0.000008190   0.000008594
      1098.0   0.000008326   0.000008627
      1099.0   0.000008451   0.000008634
      1100.0   0.000002048   0.000002063
      1101.0   0.000003036   0.000003022
      1102.0   0.000003160   0.000003112
      1103.0   0.000000957   0.000000936
      1104.0   0.000008916   0.000008690
      1105.0   0.000011722   0.000011433
      1106.0   0.000003026   0.000002966
      1107.0   0.000008895   0.000008796
      1108.0   0.000015800   0.000015817
      1109.0   0.000015404   0.000015656
      1110.0   0.000015185   0.000015697
      1111.0   0.000020608   0.000021679
      1112.0   0.000022197   0.000023737
      1113.0   0.000027588   0.000029932
      1114.0   0.000031881   0.000034991
      1115.0   0.000032701   0.000036156
      1116.0   0.000030652   0.000033959
      1117.0   0.000041331   0.000045621
      1118.0   0.000043646   0.000047716
      1119.0   0.000046751   0.000050319
      1120.0   0.000052856   0.000055717
      1121.0   0.000051724   0.000053161
      1122.0   0.000048632   0.000048553
      1123.0   0.000060320   0.000058355
      1124.0   0.000059719   0.000055951
      1125.0   0.000060167   0.000054627
      1126.0   0.000065055   0.000057369
      1127.0   0.000066452   0.000057128
      1128.0   0.000059226   0.000049897
      1129.0   0.000060708   0.000050418
      1130.0   0.000058951   0.000048608
      1131.0   0.000055950   0.000046150
      1132.0   0.000048440   0.000040271
      1133.0   0.000048297   0.000040783
      1134.0   0.000041073   0.000035481
      1135.0   0.000034823   0.000030975
      1136.0   0.000028911   0.000026643
      1137.0   0.000020861   0.000020021
      1138.0   0.000023150   0.000023213
      1139.0   0.000022565   0.000023701
      1140.0   0.000017935   0.000019762
      1141.0   0.000009120   0.000010539
      1142.0   0.000010814   0.000013092
      1143.0   0.000004726   0.000005979
      1144.0   0.000004173   0.000005499
      1145.0   0.000001239   0.000001693
      1146.0   0.000001475   0.000002083
      1147.0   0.000005672   0.000008224
      1148.0   0.000000877   0.000001298
      1149.0   0.000001885   0.000002833
      1150.0   0.000001070   0.000001623
      1151.0   0.000003360   0.000005109
      1152.0   0.000001206   0.000001828
      1153.0   0.000001047   0.000001574
      1154.0   0.000000571   0.000000846
      1155.0   0.000001062   0.000001545
      1156.0   0.000006921   0.000009838
      1157.0   0.000001072   0.000001483
      1158.0   0.000005093   0.000006835
      1159.0   0.000000970   0.000001260
      1160.0   0.000003040   0.000003817
      1161.0   0.000003942   0.000004777
      1162.0   0.000003477   0.000004065
      1163.0   0.000005500   0.000006201
      1164.0   0.000002429   0.000002644
      1165.0   0.000002230   0.000002347
      1166.0   0.000000864   0.000000880
      1167.0   0.000000772   0.000000764
      1168.0   0.000006655   0.000006410
      1169.0   0.000005709   0.000005367
      1170.0   0.000001145   0.000001054
      1171.0   0.000000813   0.000000736
      1172.0   0.000001589   0.000001418
      1173.0   0.000002421   0.000002138
      1174.0   0.000004798   0.000004214
      1175.0   0.000004978   0.000004367
      1176.0   0.000001893   0.000001665
      1177.0   0.000000882   0.000000782
      1178.0   0.000000819   0.000000736
      1179.0   0.000001576   0.000001443
      1180.0   0.000001616   0.000001513
      1181.0   0.000002331   0.000002245
      1182.0   0.000005984   0.000005953
      1183.0   0.000001138   0.000001175
      1184.0   0.000002834   0.000003047
      1185.0   0.000000876   0.000000984
      1186.0   0.000001359   0.000001597
      1187.0   0.000001988   0.000002446
      1188.0   0.000001960   0.000002522
      1189.0   0.000007139   0.000009603
      1190.0   0.000002183   0.000003059
      1191.0   0.000001194   0.000001736
      1192.0   0.000003152   0.000004732
      1193.0   0.000000710   0.000001095
      1194.0   0.000002388   0.000003759
      1195.0   0.000005136   0.000008201
      1196.0   0.000001663   0.000002679
      1197.0   0.000000935   0.000001509
      1198.0   0.000002906   0.000004679
      1199.0   0.000000999   0.000001594
      1200.0   0.000000831   0.000001309
      1201.0   0.000001570   0.000002431
      1202.0   0.000001606   0.000002434
      1203.0   0.000000481   0.000000711
      1204.0   0.000004102   0.000005897
      1205.0   0.000001052   0.000001467
      1206.0   0.000000809   0.000001091
      1207.0   0.000003110   0.000004056
      1208.0   0.000000623   0.000000784
      1209.0   0.000000832   0.000001010
      1210.0   0.000003371   0.000003944
      1211.0   0.000003690   0.000004164
      1212.0   0.000000714   0.000000777
      1213.0   0.000002374   0.000002490
      1214.0   0.000002639   0.000002672
      1215.0   0.000001227   0.000001203
      1216.0   0.000001708   0.000001625
      1217.0   0.000000697   0.000000645
      1218.0   0.000002445   0.000002211
      1219.0   0.000000814   0.000000723
      1220.0   0.000002014   0.000001764
      1221.0   0.000002880   0.000002505
      1222.0   0.000001621   0.000001407
      1223.0   0.000002276   0.000001984
      1224.0   0.000004598   0.000004044
      1225.0   0.000002582   0.000002305
      1226.0   0.000001681   0.000001528
      1227.0   0.000001629   0.000001514
      1228.0   0.000000865   0.000000825
      1229.0   0.000003058   0.000002997
      1230.0   0.000001710   0.000001721
      1231.0   0.000001579   0.000001634
      1232.0   0.000000830   0.000000882
      1233.0   0.000000765   0.000000833
      1234.0   0.000004287   0.000004774
      1235.0   0.000003805   0.000004323
      1236.0   0.000001641   0.000001895
      1237.0   0.000006961   0.000008136
      1238.0   0.000001879   0.000002216
      1239.0   0.000003507   0.000004157
      1240.0   0.000000935   0.000001110
      1241.0   0.000000740   0.000000876
      1242.0   0.000004875   0.000005736
      1243.0   0.000003147   0.000003667
      1244.0   0.000002315   0.000002662
      1245.0   0.000000867   0.000000980
      1246.0   0.000002206   0.000002445
      1247.0   0.000003072   0.000003328
      1248.0   0.000003892   0.000004112
      1249.0   0.000001764   0.000001812
      1250.0   0.000000858   0.000000855
      1251.0   0.000000807   0.000000779
      1252.0   0.000000811   0.000000758
      1253.0   0.000000814   0.000000734
      1254.0   0.000001580   0.000001376
      1255.0   0.000002393   0.000002011
      1256.0   0.000001689   0.000001371
      1257.0   0.000002378   0.000001864
      1258.0   0.000004674   0.000003543
      1259.0   0.000001080   0.000000793
      1260.0   0.000000794   0.000000565
      1261.0   0.000002998   0.000002079
      1262.0   0.000000944   0.000000639
      1263.0   0.000001496   0.000000992
      1264.0   0.000000815   0.000000533
      1265.0   0.000000750   0.000000487
      1266.0   0.000001428   0.000000927
      1267.0   0.000001447   0.000000947
      1268.0   0.000000750   0.000000500
      1269.0   0.000003211   0.000002204
      1270.0   0.000002051   0.000001467
      1271.0   0.000002453   0.000001852
      1272.0   0.000001812   0.000001462
      1273.0   0.000004763   0.000004162
      1274.0   0.000000805   0.000000771
      1275.0   0.000000477   0.000000507
      1276.0   0.000000851   0.000001014
      1277.0   0.000000430   0.000000580
      1278.0   0.000000366   0.000000563
      1279.0   0.000000332   0.000000587
      1280.0   0.000000860   0.000001756
      1281.0   0.000000564   0.000001330
      1282.0   0.000000720   0.000001963
      1283.0   0.000000253   0.000000795
      1284.0   0.000000389   0.000001408
      1285.0   0.000000366   0.000001515
      1286.0   0.000000333   0.000001567
      1287.0   0.000000589   0.000003114
      1288.0   0.000000823   0.000004842
      1289.0   0.000000175   0.000001132
      1290.0   0.000000120   0.000000848
      1291.0   0.000000113   0.000000854
      1292.0   0.000000106   0.000000856
      1293.0   0.000000289   0.000002448
      1294.0   0.000000200   0.000001761
      1295.0   0.000000272   0.000002461
      1296.0   0.000000270   0.000002486
      1297.0   0.000000100   0.000000927
      1298.0   0.000000247   0.000002296
      1299.0   0.000000338   0.000003109
      1300.0   0.000000103   0.000000939
      1301.0   0.000000247   0.000002194
      1302.0   0.000000346   0.000002986
      1303.0   0.000000109   0.000000907
      1304.0   0.000000353   0.000002836
      1305.0   0.000000840   0.000006439
      1306.0   0.000000350   0.000002544
      1307.0   0.000000631   0.000004319
      1308.0   0.000000920   0.000005897
      1309.0   0.000000426   0.000002532
      1310.0   0.000000419   0.000002290
      1311.0   0.000000466   0.000002316
      1312.0   0.000000523   0.000002344
      1313.0   0.000001513   0.000006060
      1314.0   0.000000970   0.000003433
      1315.0   0.000000805   0.000002496
      1316.0   0.000001766   0.000004765
      1317.0   0.000005433   0.000012731
      1318.0   0.000003918   0.000007973
      1319.0   0.000006049   0.000010775
      1320.0   0.000001501   0.000002364
      1321.0   0.000001775   0.000002511
      1322.0   0.000005093   0.000006581
      1323.0   0.000007059   0.000008492
      1324.0   0.000005433   0.000006215
      1325.0   0.000005429   0.000006036
      1326.0   0.000007662   0.000008440
      1327.0   0.000011357   0.000012625
      1328.0   0.000007821   0.000008907
      1329.0   0.000009320   0.000010992
      1330.0   0.000011019   0.000013552
      1331.0   0.000008176   0.000010502
      1332.0   0.000009417   0.000012593
      1333.0   0.000009763   0.000013476
      1334.0   0.000006202   0.000008725
      1335.0   0.000008566   0.000012078
      1336.0   0.000013078   0.000018128
      1337.0   0.000013013   0.000017348
      1338.0   0.000012185   0.000015291
      1339.0   0.000009060   0.000010483
      1340.0   0.000014719   0.000015435
      1341.0   0.000013975   0.000013105
      1342.0   0.000014518   0.000012082
      1343.0   0.000015128   0.000011155
      1344.0   0.000015565   0.000010218
      1345.0   0.000015759   0.000009288
      1346.0   0.000012732   0.000006837
      1347.0   0.000014978   0.000007438
      1348.0   0.000016449   0.000007703
      1349.0   0.000014830   0.000006678
      1350.0   0.000016966   0.000007468
      1351.0   0.000015543   0.000006781
      1352.0   0.000017084   0.000007505
      1353.0   0.000009642   0.000004294
      1354.0   0.000009948   0.000004517
      1355.0   0.000010523   0.000004890
      1356.0   0.000009226   0.000004378
      1357.0   0.000008126   0.000003877
      1358.0   0.000010494   0.000004939
      1359.0   0.000008488   0.000003826
      1360.0   0.000006773   0.000002820
      1361.0   0.000009057   0.000003341
      1362.0   0.000010459   0.000003291
      1363.0   0.000013113   0.000003459
      1364.0   0.000019256   0.000004281
      1365.0   0.000016653   0.000003205
      1366.0   0.000023642   0.000004087
      1367.0   0.000025076   0.000004074
      1368.0   0.000024023   0.000003853
      1369.0   0.000022668   0.000003805
      1370.0   0.000024249   0.000004512
      1371.0   0.000020450   0.000004438
      1372.0   0.000016138   0.000004331
      1373.0   0.000016276   0.000005714
      1374.0   0.000011577   0.000005582
      1375.0   0.000008731   0.000006027
      1376.0   0.000006753   0.000006924
      1377.0   0.000004664   0.000007311
      1378.0   0.000003581   0.000008833
      1379.0   0.000002713   0.000010698
      1380.0   0.000001782   0.000011289
      1381.0   0.000001317   0.000013515
      1382.0   0.000001023   0.000016879
      1383.0   0.000000714   0.000018777
      1384.0   0.000000585   0.000023938
      1385.0   0.000000470   0.000029143
      1386.0   0.000000382   0.000036843
      1387.0   0.000000311   0.000044729
      1388.0   0.000000282   0.000056816
      1389.0   0.000000249   0.000071867
      1390.0   0.000000210   0.000089370
      1391.0   0.000000191   0.000113461
      1392.0   0.000000186   0.000137732
      1393.0   0.000000170   0.000168925
      1394.0   0.000000148   0.000204455
      1395.0   0.000000135   0.000235989
      1396.0   0.000000126   0.000267443
      1397.0   0.000000107   0.000304252
      1398.0   0.000000096   0.000324563
      1399.0   0.000000089   0.000340509
      1400.0   0.000000094   0.000355750
      1401.0   0.000000135   0.000360312
      1402.0   0.000000124   0.000362380
      1403.0   0.000000100   0.000367935
      1404.0   0.000000088   0.000368013
      1405.0   0.000000065   0.000375844
      1406.0   0.000000062   0.000387187
      1407.0   0.000000092   0.000401664
      1408.0   0.000000131   0.000423886
      1409.0   0.000000114   0.000451563
      1410.0   0.000000092   0.000494382
      1411.0   0.000000125   0.000548115
      1412.0   0.000000145   0.000614429
      1413.0   0.000000113   0.000693362
      1414.0   0.000000119   0.000784307
      1415.0   0.000000139   0.000888034
      1416.0   0.000000130   0.000994850
      1417.0   0.000000093   0.001100141
      1418.0   0.000000157   0.001196862
      1419.0   0.000000299   0.001264767
      1420.0   0.000000226   0.001301748
      1421.0   0.000000095   0.001307630
      1422.0   0.000000021   0.001278375
      1423.0   0.000000021   0.001214378
      1424.0   0.000000032   0.001125388
      1425.0   0.000000021   0.001031682
      1426.0   0.000000144   0.000935068
      1427.0   0.000000154   0.000850214
      1428.0   0.000000111   0.000770840
      1429.0   0.000000050   0.000706460
      1430.0   0.000000128   0.000659336
      1431.0   0.000000234   0.000625625
      1432.0   0.000000209   0.000608781
      1433.0   0.000000161   0.000607116
      1434.0   0.000000391   0.000623156
      1435.0   0.000000564   0.000663119
      1436.0   0.000000308   0.000735161
      1437.0   0.000000198   0.000854314
      1438.0   0.000000372   0.001050576
      1439.0   0.000000478   0.001348941
      1440.0   0.000000446   0.001768082
      1441.0   0.000000259   0.002301643
      1442.0   0.000000445   0.002908992
      1443.0   0.000000733   0.003527558
      1444.0   0.000000294   0.004037144
      1445.0   0.000000548   0.004319585
      1446.0   0.000000890   0.004309195
      1447.0   0.000000435   0.004004302
      1448.0   0.000000694   0.003456639
      1449.0   0.000001174   0.002770501
      1450.0   0.000000498   0.002080852
      1451.0   0.000000589   0.001480465
      1452.0   0.000001850   0.001023111
      1453.0   0.000002207   0.000713433
      1454.0   0.000000856   0.000513611
      1455.0   0.000000177   0.000381432
      1456.0   0.000001708   0.000305103
      1457.0   0.000001977   0.000250460
      1458.0   0.000002205   0.000209294
      1459.0   0.000004343   0.000187911
      1460.0   0.000004529   0.000166870
      1461.0   0.000002718   0.000138016
      1462.0   0.000002453   0.000134427
      1463.0   0.000003725   0.000121710
      1464.0   0.000004499   0.000120193
      1465.0   0.000007775   0.000121010
      1466.0   0.000013955   0.000113955
      1467.0   0.000013610   0.000109974
      1468.0   0.000009505   0.000092642
      1469.0   0.000006889   0.000104139
      1470.0   0.000009173   0.000083867
      1471.0   0.000020141   0.000105719
      1472.0   0.000035439   0.000118673
      1473.0   0.000025153   0.000050265
      1474.0   0.000023598   0.000128711
      1475.0   0.000019913   0.000092701
      1476.0   0.000027256   0.000098508
      1477.0   0.000016295   0.000049101
      1478.0   0.000006059   0.000067416
      1479.0   0.000017091   0.000008677
      1480.0   0.000009270   0.000112431
      1481.0   0.000068220   0.000076465
      1482.0   0.000106777   0.000190001
      1483.0   0.000094770   0.000132132
      1484.0   0.000092527   0.000151919
      1485.0   0.000078964   0.000053493
      1486.0   0.000095268   0.000043575
      1487.0   0.000101086   0.000045157
      1488.0   0.000092452   0.000094672
      1489.0   0.000131615   0.000029149
      1490.0   0.000089539   0.000133099
      1491.0   0.000119543   0.000118370
      1492.0   0.000097045   0.000243069
      1493.0   0.000117945   0.000101552
      1494.0   0.000116761   0.000218261
      1495.0   0.000139898   0.000105581
      1496.0   0.000087661   0.000031309
      1497.0   0.000051643   0.000088816
      1498.0   0.000056583   0.000060707
      1499.0   0.000095765   0.000011877
      1500.0   0.000144723   0.000066583
      1501.0   0.000072181   0.000136602
      1502.0   0.000160205   0.000121881
      1503.0   0.000204661   0.000094399
      1504.0   0.000104607   0.000298168
      1505.0   0.000146864   0.000131156
      1506.0   0.000185242   0.000250742
      1507.0   0.000162644   0.000031524
      1508.0   0.000172835   0.000026668
      1509.0   0.000197769   0.000050693
      1510.0   0.000130605   0.000215806
      1511.0   0.000216614   0.000207209
      1512.0   0.000263181   0.000058038
      1513.0   0.000224817   0.000040741
      1514.0   0.000240498   0.000117993
      1515.0   0.000216710   0.000043533
      1516.0   0.000278876   0.000114485
      1517.0   0.000296965   0.000029021
      1518.0   0.000274872   0.000065191
      1519.0   0.000284244   0.000012857
      1520.0   0.000346835   0.000084015
      1521.0   0.000369124   0.000074459
      1522.0   0.000361078   0.000076923
      1523.0   0.000460599   0.000017064
      1524.0   0.000449971   0.000285245
      1525.0   0.000436707   0.000225120
      1526.0   0.000581103   0.000051210
      1527.0   0.000603893   0.000095986
      1528.0   0.000586797   0.000077006
      1529.0   0.000786308   0.000068987
      1530.0   0.000836478   0.000040695
      1531.0   0.000816167   0.000160733
      1532.0   0.001032609   0.000030769
      1533.0   0.001116892   0.000040989
      1534.0   0.001351475   0.000029081
      1535.0   0.001626575   0.000042519
      1536.0   0.001827685   0.000055373
      1537.0   0.002008872   0.000091502
      1538.0   0.002533885   0.000106948
      1539.0   0.003041507   0.000114390
      1540.0   0.003520321   0.000143964
      1541.0   0.004336317   0.000149985
      1542.0   0.005373853   0.000045041
      1543.0   0.006610098   0.000278031
      1544.0   0.008268331   0.000041659
      1545.0   0.010479029   0.000009768
      1546.0   0.013412620   0.000181729
      1547.0   0.017173793   0.000108280
      1548.0   0.022288252   0.000133579
      1549.0   0.029312493   0.000119534
      1550.0   0.038971536   0.000201759
      1551.0   0.051984098   0.000057192
      1552.0   0.070069194   0.000103745
      1553.0   0.094532691   0.000018399
      1554.0   0.127092004   0.000082031
      1555.0   0.169462591   0.000172651
      1556.0   0.223088264   0.000245121
      1557.0   0.286461711   0.000083777
      1558.0   0.359043747   0.000188204
      1559.0   0.437596262   0.000225873
      1560.0   0.518705010   0.000088801
      1561.0   0.596274853   0.000126023
      1562.0   0.667633414   0.000065644
      1563.0   0.729095280   0.000028955
      1564.0   0.777483582   0.000132071
      1565.0   0.813036561   0.000128379
      1566.0   0.838448524   0.000131660
      1567.0   0.855046809   0.000149233
      1568.0   0.865206063   0.000166129
      1569.0   0.871719003   0.000149688
      1570.0   0.875923574   0.000190083
      1571.0   0.879326105   0.000105052
      1572.0   0.882307768   0.000060906
      1573.0   0.885630786   0.000153908
      1574.0   0.888970673   0.000174239
      1575.0   0.892233729   0.000048009
      1576.0   0.895254850   0.000048909
      1577.0   0.897805154   0.000155373
      1578.0   0.899762452   0.000013179
      1579.0   0.901285291   0.000021999
      1580.0   0.902001202   0.000075197
      1581.0   0.902369082   0.000149304
      1582.0   0.902699888   0.000188117
      1583.0   0.903138816   0.000113565
      1584.0   0.903527737   0.000039248
      1585.0   0.904276133   0.000053512
      1586.0   0.905656159   0.000058610
      1587.0   0.907294989   0.000036851
      1588.0   0.909363031   0.000101665
      1589.0   0.911713481   0.000352538
      1590.0   0.914257765   0.000069518
      1591.0   0.916525841   0.000076195
      1592.0   0.918079555   0.000317164
      1593.0   0.919393063   0.000064491
      1594.0   0.920276999   0.000141430
      1595.0   0.920605659   0.000311609
      1596.0   0.921027064   0.000242706
      1597.0   0.921082139   0.000035361
      1598.0   0.921420217   0.000132232
      1599.0   0.922283649   0.000251046
      1600.0   0.923760653   0.000210974
      1601.0   0.925308704   0.000438051
      1602.0   0.926059783   0.000319051
      1603.0   0.924470603   0.000354490
      1604.0   0.918260038   0.000670243
      1605.0   0.904620826   0.000358048
      1606.0   0.881555498   0.000410690
      1607.0   0.846109569   0.000519553
      1608.0   0.798823595   0.000603930
      1609.0   0.738940001   0.000809490
      1610.0   0.670113921   0.001076015
      1611.0   0.593244910   0.000924401
      1612.0   0.514073610   0.001019145
      1613.0   0.435548306   0.001291240
      1614.0   0.362447262   0.001478602
      1615.0   0.296706319   0.001720457
      1616.0   0.239826649   0.001836599
      1617.0   0.190230250   0.001977258
      1618.0   0.149507001   0.002652491
      1619.0   0.116565861   0.005736700
      1620.0   0.090549812   0.006380286
      1621.0   0.069740497   0.007911461
      1622.0   0.053748388   0.010099860
      1623.0   0.041441131   0.011958160
      1624.0   0.032083321   0.014698085
      1625.0   0.024919042   0.018661696
      1626.0   0.019526925   0.022942904
      1627.0   0.015468466   0.029540472
      1628.0   0.012336946   0.036657080
      1629.0   0.009856717   0.047700096
      1630.0   0.007938806   0.060972981
      1631.0   0.006631002   0.079940043
      1632.0   0.005469806   0.104755662
      1633.0   0.004548792   0.137426108
      1634.0   0.003854789   0.177497819
      1635.0   0.003195663   0.230605349
      1636.0   0.002664407   0.289859682
      1637.0   0.002281331   0.362642795
      1638.0   0.001974313   0.436446607
      1639.0   0.001710773   0.521285117
      1640.0   0.001561967   0.599162638
      1641.0   0.001244836   0.673635840
      1642.0   0.000962625   0.735933602
      1643.0   0.001063967   0.792370200
      1644.0   0.000938231   0.832128823
      1645.0   0.000816196   0.861538291
      1646.0   0.000800964   0.880455256
      1647.0   0.000752615   0.892081380
      1648.0   0.000726355   0.898765206
      1649.0   0.000602133   0.902462602
      1650.0   0.000434213   0.904650033
      1651.0   0.000350019   0.905874372
      1652.0   0.000336636   0.907031357
      1653.0   0.000289807   0.909100413
      1654.0   0.000203222   0.910795331
      1655.0   0.000312920   0.912547052
      1656.0   0.000294610   0.914350927
      1657.0   0.000328634   0.915542185
      1658.0   0.000323302   0.916129053
      1659.0   0.000234364   0.916596174
      1660.0   0.000202557   0.916521609
      1661.0   0.000286192   0.916149020
      1662.0   0.000224241   0.915673554
      1663.0   0.000182377   0.915003121
      1664.0   0.000153145   0.915400922
      1665.0   0.000180049   0.915630817
      1666.0   0.000219250   0.915620387
      1667.0   0.000227270   0.917068899
      1668.0   0.000206942   0.918389440
      1669.0   0.000175729   0.920303702
      1670.0   0.000203446   0.921435893
      1671.0   0.000218283   0.922102571
      1672.0   0.000219940   0.922098637
      1673.0   0.000185881   0.920838654
      1674.0   0.000168621   0.919106007
      1675.0   0.000089102   0.916951299
      1676.0   0.000069801   0.914466381
      1677.0   0.000110599   0.910945415
      1678.0   0.000285483   0.908055007
      1679.0   0.000179182   0.905197740
      1680.0   0.000138051   0.904423773
      1681.0   0.000214442   0.904152513
      1682.0   0.000124214   0.905351341
      1683.0   0.000035641   0.906126738
      1684.0   0.000125721   0.905637562
      1685.0   0.000161384   0.902587771
      1686.0   0.000115121   0.893114984
      1687.0   0.000102763   0.875174284
      1688.0   0.000096742   0.845535934
      1689.0   0.000101443   0.802954257
      1690.0   0.000126603   0.748864591
      1691.0   0.000069519   0.683000684
      1692.0   0.000024254   0.606216490
      1693.0   0.000016034   0.527084529
      1694.0   0.000033384   0.447518736
      1695.0   0.000068689   0.371237993
      1696.0   0.000194542   0.300909609
      1697.0   0.000144528   0.240312770
      1698.0   0.000089805   0.189929679
      1699.0   0.000120744   0.147575974
      1700.0   0.000139089   0.113281317
      1701.0   0.000114329   0.087351292
      1702.0   0.000103304   0.067183338
      1703.0   0.000036721   0.051320098
      1704.0   0.000142085   0.039317176
      1705.0   0.000328060   0.031396348
      1706.0   0.000208630   0.024066323
      1707.0   0.000157321   0.018780522
      1708.0   0.000175442   0.015467224
      1709.0   0.000063671   0.012085733
      1710.0   0.000107316   0.009666068
      1711.0   0.000219099   0.007984013
      1712.0   0.000174073   0.006310458
      1713.0   0.000143038   0.005425487
      1714.0   0.000156624   0.004550466
      1715.0   0.000141762   0.004250207
      1716.0   0.000153857   0.003391312
      1717.0   0.000132820   0.002453299
      1718.0   0.000151291   0.001961463
      1719.0   0.000163608   0.002317225
      1720.0   0.000078100   0.004318479
      1721.0   0.000074881   0.003646491
      1722.0   0.000125138   0.003133659
      1723.0   0.000296170   0.002835058
      1724.0   0.000194985   0.002272481
      1725.0   0.000115598   0.002088741
      1726.0   0.000222905   0.001810270
      1727.0   0.000120181   0.001347944
      1728.0   0.000045048   0.001508400
      1729.0   0.000103573   0.001217957
      1730.0   0.000099259   0.000796771
      1731.0   0.000206569   0.000853027
      1732.0   0.000316402   0.000807512
      1733.0   0.000115599   0.000837579
      1734.0   0.000116219   0.000933982
      1735.0   0.000198095   0.000608638
      1736.0   0.000080160   0.000368210
      1737.0   0.000044539   0.000631207
      1738.0   0.000113850   0.000385746
      1739.0   0.000209524   0.000053103
      1740.0   0.000119355   0.000523361
      1741.0   0.000065406   0.000453358
      1742.0   0.000176435   0.000331109
      1743.0   0.000150758   0.000554160
      1744.0   0.000136069   0.000120768
      1745.0   0.000070097   0.000166854
      1746.0   0.000188981   0.000231378
      1747.0   0.000227219   0.000275201
      1748.0   0.000107365   0.000135316
      1749.0   0.000208816   0.000274301
      1750.0   0.000202644   0.000104312
      1751.0   0.000143074   0.000241314
      1752.0   0.000139285   0.000314845
      1753.0   0.000128030   0.000277728
      1754.0   0.000171566   0.000065230
      1755.0   0.000177968   0.000228922
      1756.0   0.000152345   0.000054575
      1757.0   0.000154160   0.000098135
      1758.0   0.000183706   0.000254561
      1759.0   0.000152644   0.000132337
      1760.0   0.000043366   0.000111531
      1761.0   0.000104131   0.000145182
      1762.0   0.000196280   0.000117181
      1763.0   0.000142201   0.000080424
      1764.0   0.000156606   0.000051612
      1765.0   0.000173683   0.000042511
      1766.0   0.000073995   0.000131534
      1767.0   0.000188582   0.000074661
      1768.0   0.000199299   0.000094434
      1769.0   0.000078650   0.000037913
      1770.0   0.000107378   0.000108583
      1771.0   0.000105555   0.000116837
      1772.0   0.000083158   0.000140580
      1773.0   0.000069237   0.000180475
      1774.0   0.000076736   0.000118298
      1775.0   0.000024319   0.000015926
      1776.0   0.000052739   0.000017644
      1777.0   0.000071574   0.000076127
      1778.0   0.000034336   0.000016532
      1779.0   0.000091058   0.000064187
      1780.0   0.000091038   0.000078435
      1781.0   0.000056874   0.000031366
      1782.0   0.000044603   0.000003733
      1783.0   0.000039102   0.000036505
      1784.0   0.000042148   0.000031736
      1785.0   0.000030409   0.000003588
      1786.0   0.000030707   0.000002793
      1787.0   0.000022377   0.000010992
      1788.0   0.000032341   0.000042597
      1789.0   0.000024161   0.000023100
      1790.0   0.000009653   0.000004960
      1791.0   0.000016047   0.000016185
      1792.0   0.000014163   0.000005499
      1793.0   0.000008197   0.000015554
      1794.0   0.000008336   0.000029838
      1795.0   0.000013912   0.000007053
      1796.0   0.000010170   0.000016228
      1797.0   0.000012327   0.000016873
      1798.0   0.000010699   0.000013650
      1799.0   0.000007191   0.000000886
      1800.0   0.000005446   0.000005194
      1801.0   0.000006287   0.000001847
      1802.0   0.000003262   0.000001461
      1803.0   0.000004795   0.000003756
      1804.0   0.000004883   0.000002615
      1805.0   0.000003646   0.000006023
      1806.0   0.000007426   0.000003556
      1807.0   0.000008417   0.000001687
      1808.0   0.000002932   0.000004090
      1809.0   0.000004353   0.000001418
      1810.0   0.000004915   0.000001190
      1811.0   0.000003955   0.000003358
      1812.0   0.000004021   0.000001879
      1813.0   0.000004553   0.000000981
      1814.0   0.000005696   0.000003509
      1815.0   0.000004559   0.000005784
      1816.0   0.000003874   0.000001568
      1817.0   0.000005214   0.000003600
      1818.0   0.000005076   0.000005337
      1819.0   0.000006304   0.000003130
      1820.0   0.000005608   0.000003628
      1821.0   0.000005347   0.000005373
      1822.0   0.000007353   0.000001352
      1823.0   0.000009685   0.000004343
      1824.0   0.000007557   0.000001551
      1825.0   0.000009362   0.000002485
      1826.0   0.000008130   0.000000760
      1827.0   0.000010907   0.000003876
      1828.0   0.000011551   0.000002896
      1829.0   0.000010615   0.000003552
      1830.0   0.000011003   0.000002916
      1831.0   0.000012334   0.000000510
      1832.0   0.000014083   0.000001118
      1833.0   0.000014688   0.000001503
      1834.0   0.000014336   0.000000941
      1835.0   0.000013126   0.000001518
      1836.0   0.000015366   0.000002384
      1837.0   0.000015566   0.000001017
      1838.0   0.000016077   0.000003221
      1839.0   0.000014805   0.000004127
      1840.0   0.000016502   0.000002056
      1841.0   0.000016596   0.000002271
      1842.0   0.000019302   0.000000807
      1843.0   0.000020129   0.000000133
      1844.0   0.000020840   0.000000058
      1845.0   0.000021294   0.000000453
      1846.0   0.000022023   0.000000405
      1847.0   0.000024421   0.000001242
      1848.0   0.000026505   0.000002157
      1849.0   0.000029669   0.000000176
      1850.0   0.000034277   0.000001071
      1851.0   0.000040209   0.000000772
      1852.0   0.000045990   0.000000307
      1853.0   0.000060572   0.000000064
      1854.0   0.000074316   0.000000874
      1855.0   0.000089553   0.000000570
      1856.0   0.000121828   0.000000256
      1857.0   0.000144426   0.000000467
      1858.0   0.000173382   0.000000097
      1859.0   0.000226769   0.000000253
      1860.0   0.000232111   0.000000485
      1861.0   0.000298989   0.000000514
      1862.0   0.000321489   0.000000045
      1863.0   0.000335130   0.000000212
      1864.0   0.000417118   0.000000173
      1865.0   0.000365198   0.000000328
      1866.0   0.000355756   0.000000549
      1867.0   0.000303093   0.000000183
      1868.0   0.000273801   0.000000235
      1869.0   0.000249725   0.000000462
      1870.0   0.000202098   0.000000048
      1871.0   0.000191123   0.000000245
      1872.0   0.000145592   0.000000201
      1873.0   0.000146522   0.000000082
      1874.0   0.000138643   0.000000011
      1875.0   0.000131660   0.000000228
      1876.0   0.000122567   0.000000103
      1877.0   0.000094701   0.000000039
      1878.0   0.000112238   0.000000278
      1879.0   0.000104800   0.000000229
      1880.0   0.000099095   0.000000059
      1881.0   0.000088688   0.000000006
      1882.0   0.000102773   0.000000091
      1883.0   0.000097005   0.000000118
      1884.0   0.000112244   0.000000191
      1885.0   0.000108104   0.000000119
      1886.0   0.000117638   0.000000152
      1887.0   0.000126739   0.000000104
      1888.0   0.000143632   0.000000011
      1889.0   0.000162329   0.000000019
      1890.0   0.000182978   0.000000764
      1891.0   0.000196684   0.000000439
      1892.0   0.000238091   0.000000265
      1893.0   0.000280824   0.000000620
      1894.0   0.000315478   0.000000184
      1895.0   0.000360754   0.000000090
      1896.0   0.000413063   0.000001006
      1897.0   0.000474853   0.000000153
      1898.0   0.000542728   0.000000572
      1899.0   0.000615655   0.000000680
      1900.0   0.000648249   0.000000571
      1901.0   0.000676580   0.000000347
      1902.0   0.000701417   0.000000317
      1903.0   0.000691954   0.000000534
      1904.0   0.000667868   0.000000371
      1905.0   0.000703719   0.000000675
      1906.0   0.000627133   0.000000414
      1907.0   0.000613706   0.000000200
      1908.0   0.000529272   0.000000424
      1909.0   0.000516040   0.000000288
      1910.0   0.000511797   0.000000108
      1911.0   0.000402633   0.000000192
      1912.0   0.000333200   0.000000081
      1913.0   0.000343624   0.000000033
      1914.0   0.000302817   0.000000333
      1915.0   0.000250585   0.000000171
      1916.0   0.000222423   0.000000158
      1917.0   0.000223151   0.000000083
      1918.0   0.000169941   0.000000098
      1919.0   0.000161772   0.000000193
      1920.0   0.000142057   0.000000084
      1921.0   0.000088540   0.000000011
      1922.0   0.000088643   0.000000007
      1923.0   0.000092981   0.000000205
      1924.0   0.000093149   0.000000066
      1925.0   0.000079809   0.000000083
      1926.0   0.000053495   0.000000134
      1927.0   0.000045733   0.000000096
      1928.0   0.000031574   0.000000044
      1929.0   0.000060653   0.000000079
      1930.0   0.000070597   0.000000010
      1931.0   0.000038661   0.000000024
      1932.0   0.000028172   0.000000093
      1933.0   0.000036856   0.000000097
      1934.0   0.000025346   0.000000046
      1935.0   0.000050011   0.000000184
      1936.0   0.000043391   0.000000114
      1937.0   0.000035962   0.000000110
      1938.0   0.000006308   0.000000027
      1939.0   0.000021756   0.000000063
      1940.0   0.000042898   0.000000154
      1941.0   0.000034686   0.000000165
      1942.0   0.000015405   0.000000070
      1943.0   0.000008661   0.000000043
      1944.0   0.000013999   0.000000074
      1945.0   0.000021691   0.000000133
      1946.0   0.000045211   0.000000310
      1947.0   0.000031003   0.000000225
      1948.0   0.000045744   0.000000338
      1949.0   0.000031777   0.000000253
      1950.0   0.000007390   0.000000067
      1951.0   0.000042839   0.000000439
      1952.0   0.000074172   0.000000872
      1953.0   0.000055725   0.000000726
      1954.0   0.000035438   0.000000526
      1955.0   0.000038630   0.000000680
      1956.0   0.000074150   0.000001567
      1957.0   0.000079128   0.000001990
      1958.0   0.000038893   0.000001205
      1959.0   0.000039515   0.000001539
      1960.0   0.000029079   0.000001463
      1961.0   0.000004952   0.000000329
      1962.0   0.000001676   0.000000151
      1963.0   0.000044854   0.000005543
      1964.0   0.000067006   0.000011698
      1965.0   0.000054742   0.000013733
      1966.0   0.000026505   0.000009537
      1967.0   0.000027441   0.000013994
      1968.0   0.000043164   0.000030389
      1969.0   0.000047794   0.000044780
      1970.0   0.000052422   0.000062885
      1971.0   0.000038794   0.000056957
      1972.0   0.000011328   0.000019363
      1973.0   0.000002313   0.000004395
      1974.0   0.000006992   0.000014132
      1975.0   0.000022021   0.000045514
      1976.0   0.000020782   0.000042493
      1977.0   0.000024971   0.000049094
      1978.0   0.000013110   0.000024426
      1979.0   0.000016404   0.000028845
      1980.0   0.000008996   0.000014955
      1981.0   0.000010236   0.000016165
      1982.0   0.000014559   0.000022111
      1983.0   0.000003626   0.000005384
      1984.0   0.000005870   0.000008610
      1985.0   0.000010807   0.000015828
      1986.0   0.000010805   0.000015987
      1987.0   0.000007771   0.000011739
      1988.0   0.000005909   0.000009180
      1989.0   0.000001369   0.000002205
      1990.0   0.000002250   0.000003790
      1991.0   0.000002630   0.000004647
      1992.0   0.000000841   0.000001567
      1993.0   0.000000683   0.000001350
      1994.0   0.000002831   0.000005983
      1995.0   0.000005885   0.000013371
      1996.0   0.000000976   0.000002383
      1997.0   0.000000742   0.000001959
      1998.0   0.000001182   0.000003389
      1999.0   0.000001835   0.000005732
      2000.0   0.000003885   0.000013281
      2001.0   0.000002684   0.000010081
      2002.0   0.000002523   0.000010412
      2003.0   0.000005549   0.000025220
      2004.0   0.000000652   0.000003272
      2005.0   0.000000957   0.000005337
      2006.0   0.000002224   0.000013697
      2007.0   0.000003802   0.000025852
      2008.0   0.000002763   0.000020897
      2009.0   0.000004055   0.000033807
      2010.0   0.000003309   0.000030244
      2011.0   0.000001079   0.000010879
      2012.0   0.000001021   0.000011242
      2013.0   0.000001808   0.000021457
      2014.0   0.000003076   0.000039104
      2015.0   0.000003651   0.000049164
      2016.0   0.000002131   0.000030083
      2017.0   0.000000741   0.000010902
      2018.0   0.000004851   0.000073056
      2019.0   0.000004567   0.000069525
      2020.0   0.000000808   0.000012297
      2021.0   0.000000585   0.000008795
      2022.0   0.000000535   0.000007885
      2023.0   0.000003060   0.000043835
      2024.0   0.000002939   0.000040469
      2025.0   0.000001878   0.000024682
      2026.0   0.000001411   0.000017749
      2027.0   0.000002580   0.000030724
      2028.0   0.000001104   0.000012378
      2029.0   0.000002944   0.000031337
      2030.0   0.000001034   0.000010392
      2031.0   0.000003141   0.000029721
      2032.0   0.000000772   0.000006941
      2033.0   0.000000769   0.000006551
      2034.0   0.000000241   0.000001946
      2035.0   0.000002847   0.000021834
      2036.0   0.000001241   0.000009092
      2037.0   0.000001902   0.000013347
      2038.0   0.000002993   0.000020195
      2039.0   0.000001310   0.000008475
      2040.0   0.000002526   0.000015747
      2041.0   0.000007082   0.000042943
      2042.0   0.000002792   0.000016440
      2043.0   0.000000851   0.000004861
      2044.0   0.000006375   0.000035549
      2045.0   0.000001517   0.000008301
      2046.0   0.000001300   0.000007004
      2047.0   0.000004452   0.000023640
      2048.0   0.000006223   0.000032577
      2049.0   0.000001349   0.000006999
      2050.0   0.000003383   0.000017465
      2051.0   0.000002359   0.000012090
      2052.0   0.000002639   0.000013467
      2053.0   0.000001629   0.000008307
      2054.0   0.000013316   0.000067910
      2055.0   0.000008441   0.000043170
      2056.0   0.000001724   0.000008870
      2057.0   0.000007254   0.000037416
      2058.0   0.000017353   0.000089657
      2059.0   0.000011018   0.000057194
      2060.0   0.000005760   0.000029853
      2061.0   0.000005607   0.000028991
      2062.0   0.000005263   0.000027063
      2063.0   0.000018106   0.000091859
      2064.0   0.000002042   0.000010181
      2065.0   0.000006626   0.000032276
      2066.0   0.000002644   0.000012442
      2067.0   0.000009455   0.000042638
      2068.0   0.000002678   0.000011489
      2069.0   0.000008532   0.000034417
      2070.0   0.000001949   0.000007337
      2071.0   0.000005735   0.000019902
      2072.0   0.000016082   0.000051015
      2073.0   0.000003977   0.000011429
      2074.0   0.000008856   0.000022901
      2075.0   0.000016653   0.000038493
      2076.0   0.000024989   0.000051261
      2077.0   0.000031695   0.000057566
      2078.0   0.000011005   0.000017620
      2079.0   0.000005396   0.000007599
      2080.0   0.000042748   0.000052830
      2081.0   0.000026742   0.000029014
      2082.0   0.000012366   0.000011787
      2083.0   0.000012673   0.000010630
      2084.0   0.000012492   0.000009223
      2085.0   0.000021077   0.000013731
      2086.0   0.000019391   0.000011181
      2087.0   0.000009724   0.000004981
      2088.0   0.000005251   0.000002391
      2089.0   0.000025349   0.000010290
      2090.0   0.000024077   0.000008837
      2091.0   0.000028729   0.000009461
      2092.0   0.000022955   0.000006838
      2093.0   0.000005326   0.000001441
      2094.0   0.000007932   0.000001949
      2095.0   0.000050526   0.000011351
      2096.0   0.000007931   0.000001652
      2097.0   0.000007959   0.000001521
      2098.0   0.000015555   0.000002751
      2099.0   0.000015752   0.000002589
      2100.0   0.000016782   0.000002588
      2101.0   0.000013370   0.000001937
      2102.0   0.000002480   0.000000335
      2103.0   0.000002477   0.000000318
      2104.0   0.000015341   0.000001860
      2105.0   0.000048854   0.000005641
      2106.0   0.000033063   0.000003636
      2107.0   0.000036922   0.000003863
      2108.0   0.000037620   0.000003849
      2109.0   0.000032027   0.000003144
      2110.0   0.000003071   0.000000288
      2111.0   0.000016199   0.000001485
      2112.0   0.000047280   0.000004174
      2113.0   0.000012047   0.000001039
      2114.0   0.000053873   0.000004533
      2115.0   0.000015209   0.000001257
      2116.0   0.000066348   0.000005297
      2117.0   0.000041191   0.000003289
      2118.0   0.000070968   0.000005553
      2119.0   0.000041448   0.000003154
      2120.0   0.000047689   0.000003663
      2121.0   0.000038827   0.000002927
      2122.0   0.000049314   0.000003663
      2123.0   0.000019058   0.000001398
      2124.0   0.000020156   0.000001473
      2125.0   0.000045412   0.000003321
      2126.0   0.000076554   0.000005470
      2127.0   0.000026179   0.000001901
      2128.0   0.000048032   0.000003409
      2129.0   0.000011243   0.000000810
      2130.0   0.000037528   0.000002695
      2131.0   0.000035405   0.000002530
      2132.0   0.000055618   0.000003985
      2133.0   0.000025419   0.000001830
      2134.0   0.000068377   0.000004865
      2135.0   0.000007595   0.000000555
      2136.0   0.000002758   0.000000201
      2137.0   0.000059077   0.000004346
      2138.0   0.000047911   0.000003606
      2139.0   0.000047538   0.000003577
      2140.0   0.000054340   0.000004073
      2141.0   0.000016580   0.000001280
      2142.0   0.000061173   0.000004726
      2143.0   0.000100191   0.000007886
      2144.0   0.000074827   0.000006026
      2145.0   0.000043903   0.000003613
      2146.0   0.000008813   0.000000734
      2147.0   0.000091138   0.000007683
      2148.0   0.000157702   0.000013681
      2149.0   0.000093272   0.000008214
      2150.0   0.000118720   0.000010799
      2151.0   0.000167338   0.000015363
      2152.0   0.000153806   0.000014623
      2153.0   0.000162871   0.000015936
      2154.0   0.000191215   0.000019117
      2155.0   0.000157314   0.000016014
      2156.0   0.000117263   0.000012450
      2157.0   0.000072440   0.000007911
      2158.0   0.000022712   0.000002549
      2159.0   0.000058801   0.000006836
      2160.0   0.000104300   0.000012524
      2161.0   0.000078135   0.000009741
      2162.0   0.000079634   0.000010212
      2163.0   0.000078030   0.000010419
      2164.0   0.000021288   0.000002943
      2165.0   0.000033546   0.000004821
      2166.0   0.000011857   0.000001762
      2167.0   0.000014783   0.000002293
      2168.0   0.000037649   0.000006107
      2169.0   0.000039956   0.000006713
      2170.0   0.000015914   0.000002793
      2171.0   0.000021742   0.000004001
      2172.0   0.000018394   0.000003521
      2173.0   0.000008121   0.000001627
      2174.0   0.000010386   0.000002174
      2175.0   0.000020403   0.000004462
      2176.0   0.000032363   0.000007425
      2177.0   0.000013583   0.000003274
      2178.0   0.000026293   0.000006603
      2179.0   0.000007883   0.000002069
      2180.0   0.000009384   0.000002600
      2181.0   0.000036307   0.000010500
      2182.0   0.000016753   0.000005078
      2183.0   0.000031365   0.000009998
      2184.0   0.000005233   0.000001748
      2185.0   0.000008331   0.000002915
      2186.0   0.000010173   0.000003736
      2187.0   0.000012491   0.000004813
      2188.0   0.000014125   0.000005696
      2189.0   0.000036289   0.000015374
      2190.0   0.000008547   0.000003779
      2191.0   0.000022511   0.000010420
      2192.0   0.000042885   0.000020755
      2193.0   0.000011947   0.000006053
      2194.0   0.000015414   0.000008142
      2195.0   0.000021066   0.000011623
      2196.0   0.000008913   0.000005120
      2197.0   0.000022082   0.000013216
      2198.0   0.000026955   0.000016745
      2199.0   0.000029552   0.000019076
      2200.0   0.000061283   0.000040972
      2201.0   0.000070689   0.000048944
      2202.0   0.000035978   0.000025718
      2203.0   0.000015995   0.000011814
      2204.0   0.000004844   0.000003688
      2205.0   0.000014832   0.000011597
      2206.0   0.000022642   0.000018181
      2207.0   0.000010908   0.000008983
      2208.0   0.000013129   0.000011064
      2209.0   0.000029035   0.000025031
      2210.0   0.000052352   0.000046017
      2211.0   0.000042484   0.000037976
      2212.0   0.000023567   0.000021397
      2213.0   0.000041463   0.000038201
      2214.0   0.000047161   0.000044028
      2215.0   0.000027548   0.000026008
      2216.0   0.000031043   0.000029608
      2217.0   0.000036472   0.000035076
      2218.0   0.000061633   0.000059696
      2219.0   0.000014355   0.000014003
      2220.0   0.000020613   0.000020196
      2221.0   0.000039758   0.000039114
      2222.0   0.000012082   0.000011938
      2223.0   0.000008235   0.000008154
      2224.0   0.000030022   0.000029785
      2225.0   0.000051187   0.000050874
      2226.0   0.000027400   0.000027269
      2227.0   0.000026398   0.000026296
      2228.0   0.000027366   0.000027288
      2229.0   0.000016401   0.000016357
      2230.0   0.000041168   0.000041085
      2231.0   0.000008991   0.000008978
      2232.0   0.000025183   0.000025158
      2233.0   0.000053849   0.000053918
      2234.0   0.000045623   0.000045776
      2235.0   0.000008239   0.000008280
      2236.0   0.000026676   0.000026860
      2237.0   0.000072157   0.000072953
      2238.0   0.000033926   0.000034402
      2239.0   0.000031547   0.000032091
      2240.0   0.000004714   0.000004818
      2241.0   0.000029302   0.000030107
      2242.0   0.000008793   0.000009085
      2243.0   0.000053892   0.000051394
      2244.0   0.000023567   0.000021672
      2245.0   0.000020082   0.000020960
      2246.0   0.000027898   0.000029589
      2247.0   0.000020307   0.000021712
      2248.0   0.000016373   0.000017635
      2249.0   0.000004251   0.000004620
      2250.0   0.000004881   0.000005359
      2251.0   0.000045580   0.000050563
      2252.0   0.000071630   0.000080279
      2253.0   0.000056117   0.000063454
      2254.0   0.000016416   0.000018757
      2255.0   0.000079395   0.000091804
      2256.0   0.000025406   0.000029693
      2257.0   0.000028680   0.000033863
      2258.0   0.000043780   0.000052225
      2259.0   0.000031759   0.000038312
      2260.0   0.000006961   0.000008494
      2261.0   0.000067788   0.000083617
      2262.0   0.000019135   0.000023866
      2263.0   0.000014987   0.000018907
      2264.0   0.000061329   0.000078210
      2265.0   0.000021314   0.000027453
      2266.0   0.000005724   0.000007446
      2267.0   0.000014843   0.000019499
      2268.0   0.000063388   0.000084079
      2269.0   0.000042789   0.000057284
      2270.0   0.000039318   0.000053106
      2271.0   0.000041154   0.000056039
      2272.0   0.000023054   0.000031635
      2273.0   0.000022632   0.000031306
      2274.0   0.000005630   0.000007852
      2275.0   0.000000877   0.000001233
      2276.0   0.000013091   0.000018532
      2277.0   0.000004340   0.000006178
      2278.0   0.000029696   0.000042568
      2279.0   0.000024739   0.000035668
      2280.0   0.000003315   0.000004800
      2281.0   0.000012533   0.000018246
      2282.0   0.000023920   0.000034996
      2283.0   0.000020263   0.000029763
      2284.0   0.000013998   0.000020651
      2285.0   0.000031187   0.000046163
      2286.0   0.000022959   0.000034077
      2287.0   0.000036481   0.000054321
      2288.0   0.000014350   0.000021422
      2289.0   0.000014567   0.000021797
      2290.0   0.000002536   0.000003806
      2291.0   0.000003621   0.000005443
      2292.0   0.000017698   0.000026640
      2293.0   0.000007256   0.000010948
      2294.0   0.000017724   0.000026759
      2295.0   0.000018014   0.000027223
      2296.0   0.000035535   0.000053784
      2297.0   0.000015766   0.000023864
      2298.0   0.000022433   0.000033934
      2299.0   0.000006474   0.000009804
      2300.0   0.000016383   0.000024820
      2301.0   0.000036103   0.000054604
      2302.0   0.000026832   0.000040582
      2303.0   0.000008594   0.000013001
      2304.0   0.000009701   0.000014657
      2305.0   0.000028272   0.000042693
      2306.0   0.000021457   0.000032371
      2307.0   0.000031503   0.000047516
      2308.0   0.000035765   0.000053881
      2309.0   0.000026363   0.000039699
      2310.0   0.000030549   0.000045930
      2311.0   0.000023180   0.000034786
      2312.0   0.000021683   0.000032527
      2313.0   0.000025123   0.000037651
      2314.0   0.000022520   0.000033700
      2315.0   0.000011490   0.000017165
      2316.0   0.000011713   0.000017461
      2317.0   0.000037893   0.000056408
      2318.0   0.000041074   0.000061085
      2319.0   0.000026679   0.000039583
      2320.0   0.000031306   0.000046411
      2321.0   0.000088788   0.000131349
      2322.0   0.000104537   0.000154322
      2323.0   0.000111745   0.000164657
      2324.0   0.000163244   0.000239684
      2325.0   0.000189848   0.000278074
      2326.0   0.000214695   0.000313900
      2327.0   0.000268399   0.000391168
      2328.0   0.000310525   0.000450944
      2329.0   0.000394148   0.000570499
      2330.0   0.000422825   0.000610177
      2331.0   0.000466864   0.000671226
      2332.0   0.000443884   0.000635170
      2333.0   0.000466711   0.000665225
      2334.0   0.000435514   0.000617571
      2335.0   0.000393782   0.000556541
      2336.0   0.000344953   0.000485286
      2337.0   0.000347928   0.000486786
      2338.0   0.000294103   0.000410122
      2339.0   0.000257124   0.000355973
      2340.0   0.000220194   0.000302875
      2341.0   0.000175656   0.000240124
      2342.0   0.000146315   0.000198488
      2343.0   0.000139501   0.000187736
      2344.0   0.000097587   0.000130270
      2345.0   0.000080730   0.000106794
      2346.0   0.000083143   0.000108890
      2347.0   0.000041158   0.000053409
      2348.0   0.000043574   0.000056024
      2349.0   0.000051758   0.000065922
      2350.0   0.000011114   0.000014005
      2351.0   0.000027785   0.000034616
      2352.0   0.000032302   0.000039813
      2353.0   0.000029352   0.000035769
      2354.0   0.000044825   0.000053920
      2355.0   0.000060581   0.000071899
      2356.0   0.000066533   0.000077907
      2357.0   0.000037203   0.000042970
      2358.0   0.000023588   0.000026858
      2359.0   0.000019969   0.000022432
      2360.0   0.000022890   0.000025326
      2361.0   0.000021084   0.000022958
      2362.0   0.000042950   0.000046058
      2363.0   0.000041945   0.000044199
      2364.0   0.000028251   0.000029282
      2365.0   0.000044413   0.000045249
      2366.0   0.000007895   0.000007906
      2367.0   0.000001141   0.000001123
      2368.0   0.000011901   0.000011536
      2369.0   0.000012016   0.000011444
      2370.0   0.000048000   0.000044904
      2371.0   0.000019674   0.000018101
      2372.0   0.000047363   0.000042752
      2373.0   0.000020590   0.000018271
      2374.0   0.000006196   0.000005415
      2375.0   0.000014344   0.000012291
      2376.0   0.000020865   0.000017581
      2377.0   0.000005645   0.000004673
      2378.0   0.000032762   0.000026639
      2379.0   0.000011640   0.000009292
      2380.0   0.000018295   0.000014378
      2381.0   0.000033282   0.000025743
      2382.0   0.000011688   0.000008880
      2383.0   0.000004081   0.000003044
      2384.0   0.000003644   0.000002678
      2385.0   0.000013832   0.000010001
      2386.0   0.000009519   0.000006785
      2387.0   0.000001495   0.000001047
      2388.0   0.000015405   0.000010649
      2389.0   0.000013954   0.000009505
      2390.0   0.000032560   0.000021834
      2391.0   0.000093825   0.000062107
      2392.0   0.000035099   0.000022932
      2393.0   0.000005545   0.000003577
      2394.0   0.000053229   0.000033888
      2395.0   0.000023640   0.000014849
      2396.0   0.000027956   0.000017357
      2397.0   0.000055815   0.000034220
      2398.0   0.000010886   0.000006626
      2399.0   0.000020146   0.000012118
      2400.0   0.000010004   0.000005949
      2401.0   0.000002340   0.000001381
      2402.0   0.000035867   0.000020956
      2403.0   0.000063902   0.000036997
      2404.0   0.000047054   0.000027063
      2405.0   0.000032877   0.000018743
      2406.0   0.000019174   0.000010817
      2407.0   0.000035102   0.000019716
      2408.0   0.000042255   0.000023569
      2409.0   0.000023238   0.000012872
      2410.0   0.000023411   0.000012889
      2411.0   0.000021832   0.000011947
      2412.0   0.000009082   0.000004938
      2413.0   0.000019858   0.000010766
      2414.0   0.000052582   0.000028361
      2415.0   0.000032283   0.000017320
      2416.0   0.000052251   0.000027927
      2417.0   0.000028776   0.000015379
      2418.0   0.000071017   0.000037764
      2419.0   0.000029323   0.000015575
      2420.0   0.000015100   0.000007990
      2421.0   0.000022556   0.000011908
      2422.0   0.000026447   0.000013997
      2423.0   0.000053915   0.000028482
      2424.0   0.000036076   0.000019039
      2425.0   0.000044456   0.000023570
      2426.0   0.000059121   0.000031262
      2427.0   0.000050999   0.000026946
      2428.0   0.000058423   0.000030915
      2429.0   0.000061438   0.000032597
      2430.0   0.000099160   0.000052601
      2431.0   0.000104280   0.000055734
      2432.0   0.000118153   0.000063180
      2433.0   0.000114133   0.000061318
      2434.0   0.000098191   0.000052915
      2435.0   0.000108999   0.000058941
      2436.0   0.000108935   0.000059182
      2437.0   0.000119986   0.000065667
      2438.0   0.000091619   0.000050286
      2439.0   0.000082833   0.000045761
      2440.0   0.000173028   0.000096049
      2441.0   0.000163627   0.000091327
      2442.0   0.000175778   0.000098926
      2443.0   0.000149985   0.000085071
      2444.0   0.000122191   0.000069695
      2445.0   0.000112029   0.000064469
      2446.0   0.000108882   0.000063196
      2447.0   0.000125234   0.000073291
      2448.0   0.000107913   0.000063655
      2449.0   0.000160754   0.000096007
      2450.0   0.000134525   0.000080988
      2451.0   0.000087064   0.000052938
      2452.0   0.000150130   0.000092783
      2453.0   0.000067201   0.000041872
      2454.0   0.000173655   0.000109094
      2455.0   0.000118556   0.000075561
      2456.0   0.000058386   0.000037589
      2457.0   0.000056383   0.000036788
      2458.0   0.000098066   0.000064752
      2459.0   0.000125427   0.000083906
      2460.0   0.000084655   0.000057394
      2461.0   0.000050715   0.000034828
      2462.0   0.000077207   0.000053662
      2463.0   0.000047995   0.000033880
      2464.0   0.000089253   0.000063913
      2465.0   0.000075618   0.000054906
      2466.0   0.000106964   0.000079030
      2467.0   0.000026251   0.000019712
      2468.0   0.000066660   0.000050689
      2469.0   0.000018192   0.000014049
      2470.0   0.000061308   0.000048118
      2471.0   0.000025021   0.000019971
      2472.0   0.000067108   0.000054452
      2473.0   0.000012885   0.000010614
      2474.0   0.000027985   0.000023454
      2475.0   0.000070180   0.000059688
      2476.0   0.000045760   0.000039695
      2477.0   0.000006594   0.000005791
      2478.0   0.000050413   0.000045060
      2479.0   0.000025542   0.000023210
      2480.0   0.000026749   0.000024720
      2481.0   0.000088572   0.000083256
      2482.0   0.000036835   0.000035185
      2483.0   0.000051587   0.000050059
      2484.0   0.000033009   0.000032538
      2485.0   0.000048972   0.000049045
      2486.0   0.000029095   0.000029670
      2487.0   0.000011279   0.000011691
      2488.0   0.000042621   0.000044791
      2489.0   0.000020330   0.000021723
      2490.0   0.000044632   0.000048525
      2491.0   0.000047629   0.000052622
      2492.0   0.000061043   0.000068463
      2493.0   0.000015927   0.000018114
      2494.0   0.000018804   0.000021710
      2495.0   0.000035114   0.000041091
      2496.0   0.000006333   0.000007506
      2497.0   0.000009097   0.000010935
      2498.0   0.000031273   0.000038178
      2499.0   0.000010978   0.000013596
      2500.0   0.000043871   0.000054973
      2501.0   0.000046165   0.000058614
      2502.0   0.000004432   0.000005700
      2503.0   0.000018265   0.000023761
      2504.0   0.000011611   0.000015256
      2505.0   0.000027144   0.000036075
      2506.0   0.000016282   0.000021900
      2507.0   0.000041442   0.000056222
      2508.0   0.000027807   0.000038114
      2509.0   0.000011234   0.000015567
      2510.0   0.000002453   0.000003435
      2511.0   0.000003610   0.000005098
      2512.0   0.000029678   0.000042300
      2513.0   0.000042365   0.000060934
      2514.0   0.000026424   0.000038240
      2515.0   0.000024506   0.000035665
      2516.0   0.000016439   0.000024126
      2517.0   0.000019156   0.000028315
      2518.0   0.000024390   0.000036281
      2519.0   0.000039238   0.000058588
      2520.0   0.000025634   0.000038603
      2521.0   0.000012784   0.000019399
      2522.0   0.000045518   0.000069311
      2523.0   0.000009404   0.000014401
      2524.0   0.000037741   0.000058061
      2525.0   0.000007182   0.000011061
      2526.0   0.000013976   0.000021576
      2527.0   0.000001572   0.000002439
      2528.0   0.000038036   0.000059106
      2529.0   0.000034274   0.000053341
      2530.0   0.000010469   0.000016341
      2531.0   0.000013542   0.000021194
      2532.0   0.000005809   0.000009143
      2533.0   0.000041163   0.000064817
      2534.0   0.000064253   0.000101154
      2535.0   0.000018548   0.000029231
      2536.0   0.000006940   0.000010937
      2537.0   0.000013259   0.000020908
      2538.0   0.000003099   0.000004892
      2539.0   0.000037520   0.000059191
      2540.0   0.000040152   0.000063354
      2541.0   0.000003878   0.000006125
      2542.0   0.000009154   0.000014415
      2543.0   0.000041842   0.000065643
      2544.0   0.000036308   0.000056796
      2545.0   0.000012167   0.000018978
      2546.0   0.000003946   0.000006154
      2547.0   0.000032926   0.000051491
      2548.0   0.000007284   0.000011392
      2549.0   0.000035743   0.000055670
      2550.0   0.000018754   0.000029138
      2551.0   0.000010339   0.000016034
      2552.0   0.000060923   0.000094152
      2553.0   0.000044417   0.000068553
      2554.0   0.000050029   0.000076987
      2555.0   0.000036162   0.000055133
      2556.0   0.000032518   0.000049205
      2557.0   0.000065401   0.000098318
      2558.0   0.000073040   0.000109211
      2559.0   0.000078876   0.000117977
      2560.0   0.000069535   0.000103808
      2561.0   0.000080320   0.000118994
      2562.0   0.000072683   0.000107144
      2563.0   0.000071755   0.000105501
      2564.0   0.000071883   0.000105384
      2565.0   0.000093512   0.000136560
      2566.0   0.000072856   0.000105939
      2567.0   0.000093114   0.000134642
      2568.0   0.000109984   0.000158140
      2569.0   0.000118072   0.000168303
      2570.0   0.000140156   0.000197623
      2571.0   0.000135051   0.000188874
      2572.0   0.000135590   0.000188394
      2573.0   0.000126485   0.000174728
      2574.0   0.000154779   0.000212862
      2575.0   0.000157852   0.000215227
      2576.0   0.000179652   0.000241730
      2577.0   0.000185242   0.000246434
      2578.0   0.000171295   0.000225847
      2579.0   0.000193576   0.000252711
      2580.0   0.000179868   0.000232990
      2581.0   0.000199746   0.000255386
      2582.0   0.000233163   0.000294588
      2583.0   0.000228015   0.000285975
      2584.0   0.000219356   0.000273479
      2585.0   0.000222870   0.000276687
      2586.0   0.000217118   0.000267957
      2587.0   0.000229879   0.000280257
      2588.0   0.000276804   0.000333058
      2589.0   0.000325854   0.000387029
      2590.0   0.000340125   0.000397888
      2591.0   0.000315621   0.000364359
      2592.0   0.000276574   0.000315987
      2593.0   0.000308069   0.000349174
      2594.0   0.000338329   0.000380774
      2595.0   0.000320174   0.000357530
      2596.0   0.000331794   0.000366562
      2597.0   0.000359009   0.000392211
      2598.0   0.000387860   0.000422768
      2599.0   0.000387530   0.000412956
      2600.0   0.000354874   0.000367443
      2601.0   0.000397513   0.000404181
      2602.0   0.000402286   0.000406291
      2603.0   0.000409843   0.000409398
      2604.0   0.000437936   0.000436729
      2605.0   0.000377107   0.000374430
      2606.0   0.000394973   0.000385794
      2607.0   0.000418331   0.000408799
      2608.0   0.000400355   0.000388583
      2609.0   0.000401793   0.000384470
      2610.0   0.000427261   0.000404443
      2611.0   0.000412678   0.000383784
      2612.0   0.000399421   0.000362438
      2613.0   0.000411341   0.000367048
      2614.0   0.000413394   0.000364887
      2615.0   0.000451663   0.000394329
      2616.0   0.000447532   0.000389274
      2617.0   0.000419830   0.000360423
      2618.0   0.000451232   0.000384640
      2619.0   0.000442063   0.000375855
      2620.0   0.000441493   0.000368698
      2621.0   0.000413285   0.000342025
      2622.0   0.000408260   0.000338299
      2623.0   0.000384387   0.000311279
      2624.0   0.000433633   0.000342395
      2625.0   0.000450277   0.000350387
      2626.0   0.000440654   0.000339793
      2627.0   0.000471855   0.000359461
      2628.0   0.000512572   0.000387563
      2629.0   0.000440606   0.000331181
      2630.0   0.000456702   0.000342603
      2631.0   0.000499253   0.000372235
      2632.0   0.000510436   0.000379894
      2633.0   0.000445309   0.000326987
      2634.0   0.000471358   0.000344738
      2635.0   0.000497738   0.000363703
      2636.0   0.000502039   0.000364138
      2637.0   0.000455494   0.000322200
      2638.0   0.000498431   0.000350355
      2639.0   0.000548483   0.000381999
      2640.0   0.000502189   0.000350135
      2641.0   0.000501279   0.000347251
      2642.0   0.000450319   0.000309052
      2643.0   0.000518387   0.000355884
      2644.0   0.000525945   0.000358049
      2645.0   0.000571774   0.000386886
      2646.0   0.000600956   0.000404303
      2647.0   0.000557312   0.000374011
      2648.0   0.000520144   0.000348099
      2649.0   0.000521635   0.000344277
      2650.0   0.000513397   0.000339700
      2651.0   0.000518680   0.000343211
      2652.0   0.000539803   0.000352906
      2653.0   0.000561390   0.000367670
      2654.0   0.000575981   0.000377985
      2655.0   0.000571256   0.000382606
      2656.0   0.000619912   0.000403064
      2657.0   0.000595622   0.000381750
      2658.0   0.000609880   0.000396508
      2659.0   0.000656477   0.000425661
      2660.0   0.000613688   0.000398415
      2661.0   0.000659935   0.000428455
      2662.0   0.000686699   0.000445041
      2663.0   0.000805481   0.000525992
      2664.0   0.000692093   0.000457744
      2665.0   0.000806880   0.000532028
      2666.0   0.000763979   0.000506192
      2667.0   0.000740832   0.000496855
      2668.0   0.000925247   0.000615341
      2669.0   0.000867980   0.000567996
      2670.0   0.000922772   0.000603754
      2671.0   0.000943054   0.000626962
      2672.0   0.000702423   0.000477202
      2673.0   0.000890212   0.000602921
      2674.0   0.000946386   0.000649094
      2675.0   0.001038125   0.000711803
      2676.0   0.001053353   0.000716061
      2677.0   0.001052933   0.000726906
      2678.0   0.001059911   0.000745476
      2679.0   0.001054658   0.000729774
      2680.0   0.000952183   0.000667181
      2681.0   0.001134086   0.000813092
      2682.0   0.001163155   0.000838851
      2683.0   0.001147089   0.000827265
      2684.0   0.001181213   0.000851875
      2685.0   0.001306353   0.000942124
      2686.0   0.001591218   0.001147565
      2687.0   0.001122042   0.000809201
      2688.0   0.001230757   0.000887605
      2689.0   0.001788032   0.001289505
      2690.0   0.000902746   0.000651048
      2691.0   0.001450387   0.001045999
      2692.0   0.001024021   0.000738510
      2693.0   0.001239364   0.000893812
      2694.0   0.001016968   0.000733424
      2695.0   0.002253240   0.001625006
      2696.0   0.000287181   0.000207111
      2697.0   0.001804879   0.001301654
      2698.0   0.003065664   0.002210915
      2699.0   0.001069429   0.000771258
      2700.0   0.000000000   0.000000000
