#                                                          
# SPHERE/IRDIS NB N_H2 filter transmission                 
#                                                          
# Updated with final values on 2015-04-16 by Arthur Vigan  
# For any information, please contact <arthur.vigan@lam.fr>
#                                                          
# wavelength   N_H2                                        
#                                                          
       400.0   0.000000675
       401.0   0.000000853
       402.0   0.000000883
       403.0   0.000000715
       404.0   0.000000805
       405.0   0.000000911
       406.0   0.000000639
       407.0   0.000000323
       408.0   0.000000471
       409.0   0.000000875
       410.0   0.000000872
       411.0   0.000001133
       412.0   0.000001915
       413.0   0.000002233
       414.0   0.000001628
       415.0   0.000000532
       416.0   0.000000034
       417.0   0.000000200
       418.0   0.000000182
       419.0   0.000000038
       420.0   0.000000137
       421.0   0.000000080
       422.0   0.000000000
       423.0   0.000000000
       424.0   0.000000097
       425.0   0.000000057
       426.0   0.000000000
       427.0   0.000000005
       428.0   0.000000003
       429.0   0.000000000
       430.0   0.000000000
       431.0   0.000000044
       432.0   0.000000044
       433.0   0.000000011
       434.0   0.000000088
       435.0   0.000000052
       436.0   0.000000000
       437.0   0.000000000
       438.0   0.000000000
       439.0   0.000000000
       440.0   0.000000000
       441.0   0.000000000
       442.0   0.000000000
       443.0   0.000000000
       444.0   0.000000000
       445.0   0.000000000
       446.0   0.000000000
       447.0   0.000000350
       448.0   0.000000891
       449.0   0.000000722
       450.0   0.000000188
       451.0   0.000000000
       452.0   0.000000000
       453.0   0.000000000
       454.0   0.000000000
       455.0   0.000000000
       456.0   0.000000000
       457.0   0.000000000
       458.0   0.000000000
       459.0   0.000000000
       460.0   0.000000000
       461.0   0.000000000
       462.0   0.000000000
       463.0   0.000000000
       464.0   0.000000026
       465.0   0.000000841
       466.0   0.000003534
       467.0   0.000006671
       468.0   0.000008758
       469.0   0.000011366
       470.0   0.000014382
       471.0   0.000014948
       472.0   0.000015468
       473.0   0.000017049
       474.0   0.000015155
       475.0   0.000012287
       476.0   0.000011859
       477.0   0.000009530
       478.0   0.000005078
       479.0   0.000004215
       480.0   0.000007555
       481.0   0.000009399
       482.0   0.000006504
       483.0   0.000003692
       484.0   0.000004865
       485.0   0.000006967
       486.0   0.000005733
       487.0   0.000002836
       488.0   0.000001253
       489.0   0.000000895
       490.0   0.000001380
       491.0   0.000003135
       492.0   0.000004547
       493.0   0.000003555
       494.0   0.000001396
       495.0   0.000000315
       496.0   0.000000164
       497.0   0.000000515
       498.0   0.000001798
       499.0   0.000003106
       500.0   0.000002366
       501.0   0.000000770
       502.0   0.000000083
       503.0   0.000000000
       504.0   0.000000000
       505.0   0.000000000
       506.0   0.000000000
       507.0   0.000000000
       508.0   0.000000000
       509.0   0.000000000
       510.0   0.000000000
       511.0   0.000000000
       512.0   0.000000000
       513.0   0.000000000
       514.0   0.000000000
       515.0   0.000000000
       516.0   0.000000000
       517.0   0.000000000
       518.0   0.000000000
       519.0   0.000000000
       520.0   0.000000000
       521.0   0.000000000
       522.0   0.000000000
       523.0   0.000000000
       524.0   0.000000000
       525.0   0.000000000
       526.0   0.000000000
       527.0   0.000000000
       528.0   0.000000000
       529.0   0.000000000
       530.0   0.000000000
       531.0   0.000000000
       532.0   0.000000000
       533.0   0.000000000
       534.0   0.000000005
       535.0   0.000000003
       536.0   0.000000000
       537.0   0.000000000
       538.0   0.000000000
       539.0   0.000000001
       540.0   0.000000001
       541.0   0.000000000
       542.0   0.000000000
       543.0   0.000000000
       544.0   0.000000000
       545.0   0.000000000
       546.0   0.000000000
       547.0   0.000000000
       548.0   0.000000000
       549.0   0.000000000
       550.0   0.000000000
       551.0   0.000000006
       552.0   0.000000004
       553.0   0.000000000
       554.0   0.000000000
       555.0   0.000000052
       556.0   0.000000031
       557.0   0.000000000
       558.0   0.000000029
       559.0   0.000000043
       560.0   0.000000016
       561.0   0.000000000
       562.0   0.000000000
       563.0   0.000000000
       564.0   0.000000000
       565.0   0.000000000
       566.0   0.000000000
       567.0   0.000000000
       568.0   0.000000012
       569.0   0.000000012
       570.0   0.000000003
       571.0   0.000000000
       572.0   0.000000071
       573.0   0.000000042
       574.0   0.000000000
       575.0   0.000000000
       576.0   0.000000000
       577.0   0.000000002
       578.0   0.000000001
       579.0   0.000000000
       580.0   0.000000000
       581.0   0.000000000
       582.0   0.000000000
       583.0   0.000000000
       584.0   0.000000000
       585.0   0.000000000
       586.0   0.000000000
       587.0   0.000000000
       588.0   0.000000000
       589.0   0.000000000
       590.0   0.000000000
       591.0   0.000000000
       592.0   0.000000008
       593.0   0.000000004
       594.0   0.000000187
       595.0   0.000001180
       596.0   0.000003712
       597.0   0.000005650
       598.0   0.000004867
       599.0   0.000002975
       600.0   0.000002233
       601.0   0.000002690
       602.0   0.000004100
       603.0   0.000006488
       604.0   0.000009297
       605.0   0.000010784
       606.0   0.000009894
       607.0   0.000007543
       608.0   0.000005783
       609.0   0.000005085
       610.0   0.000005288
       611.0   0.000006150
       612.0   0.000007509
       613.0   0.000009422
       614.0   0.000011628
       615.0   0.000012911
       616.0   0.000012072
       617.0   0.000010033
       618.0   0.000007773
       619.0   0.000005632
       620.0   0.000004136
       621.0   0.000003664
       622.0   0.000003724
       623.0   0.000003840
       624.0   0.000003702
       625.0   0.000003761
       626.0   0.000003855
       627.0   0.000003705
       628.0   0.000003394
       629.0   0.000003241
       630.0   0.000003770
       631.0   0.000004321
       632.0   0.000004882
       633.0   0.000005934
       634.0   0.000007342
       635.0   0.000007963
       636.0   0.000007523
       637.0   0.000006302
       638.0   0.000004450
       639.0   0.000002883
       640.0   0.000002080
       641.0   0.000001753
       642.0   0.000001709
       643.0   0.000002142
       644.0   0.000003013
       645.0   0.000003632
       646.0   0.000004235
       647.0   0.000005990
       648.0   0.000008060
       649.0   0.000008053
       650.0   0.000005244
       651.0   0.000002138
       652.0   0.000000643
       653.0   0.000000177
       654.0   0.000000028
       655.0   0.000000044
       656.0   0.000000026
       657.0   0.000000008
       658.0   0.000000005
       659.0   0.000000012
       660.0   0.000000007
       661.0   0.000000000
       662.0   0.000000000
       663.0   0.000000101
       664.0   0.000000059
       665.0   0.000000000
       666.0   0.000000040
       667.0   0.000000024
       668.0   0.000000000
       669.0   0.000000000
       670.0   0.000000000
       671.0   0.000000000
       672.0   0.000000007
       673.0   0.000000004
       674.0   0.000000000
       675.0   0.000000002
       676.0   0.000000025
       677.0   0.000000014
       678.0   0.000000000
       679.0   0.000000000
       680.0   0.000000000
       681.0   0.000000000
       682.0   0.000000000
       683.0   0.000000000
       684.0   0.000000000
       685.0   0.000000058
       686.0   0.000000034
       687.0   0.000000000
       688.0   0.000000000
       689.0   0.000000000
       690.0   0.000000000
       691.0   0.000000000
       692.0   0.000000000
       693.0   0.000000000
       694.0   0.000000000
       695.0   0.000000000
       696.0   0.000000000
       697.0   0.000000003
       698.0   0.000000002
       699.0   0.000000000
       700.0   0.000000000
       701.0   0.000000158
       702.0   0.000000093
       703.0   0.000000000
       704.0   0.000000051
       705.0   0.000000030
       706.0   0.000000000
       707.0   0.000000000
       708.0   0.000000000
       709.0   0.000000000
       710.0   0.000000063
       711.0   0.000000037
       712.0   0.000000013
       713.0   0.000000313
       714.0   0.000002102
       715.0   0.000007861
       716.0   0.000016912
       717.0   0.000023824
       718.0   0.000023842
       719.0   0.000017243
       720.0   0.000008488
       721.0   0.000002413
       722.0   0.000000331
       723.0   0.000000031
       724.0   0.000000000
       725.0   0.000000105
       726.0   0.000000062
       727.0   0.000000000
       728.0   0.000000000
       729.0   0.000000000
       730.0   0.000000148
       731.0   0.000000087
       732.0   0.000000000
       733.0   0.000000000
       734.0   0.000000000
       735.0   0.000000079
       736.0   0.000000047
       737.0   0.000000002
       738.0   0.000000017
       739.0   0.000000009
       740.0   0.000000000
       741.0   0.000000109
       742.0   0.000000083
       743.0   0.000000011
       744.0   0.000000000
       745.0   0.000000000
       746.0   0.000000047
       747.0   0.000000055
       748.0   0.000000016
       749.0   0.000000029
       750.0   0.000000017
       751.0   0.000000000
       752.0   0.000000058
       753.0   0.000000034
       754.0   0.000000011
       755.0   0.000000006
       756.0   0.000000000
       757.0   0.000000000
       758.0   0.000000000
       759.0   0.000000000
       760.0   0.000000000
       761.0   0.000000000
       762.0   0.000000056
       763.0   0.000000033
       764.0   0.000000000
       765.0   0.000000000
       766.0   0.000000000
       767.0   0.000000043
       768.0   0.000000025
       769.0   0.000000000
       770.0   0.000000000
       771.0   0.000000066
       772.0   0.000000062
       773.0   0.000000014
       774.0   0.000000000
       775.0   0.000000000
       776.0   0.000000148
       777.0   0.000000087
       778.0   0.000000098
       779.0   0.000000057
       780.0   0.000000025
       781.0   0.000000086
       782.0   0.000000042
       783.0   0.000000000
       784.0   0.000000068
       785.0   0.000000500
       786.0   0.000000759
       787.0   0.000000990
       788.0   0.000001522
       789.0   0.000002589
       790.0   0.000004181
       791.0   0.000006368
       792.0   0.000007762
       793.0   0.000007672
       794.0   0.000007126
       795.0   0.000006757
       796.0   0.000006283
       797.0   0.000006048
       798.0   0.000005847
       799.0   0.000005866
       800.0   0.000006433
       801.0   0.000006959
       802.0   0.000006828
       803.0   0.000006461
       804.0   0.000006347
       805.0   0.000006677
       806.0   0.000006565
       807.0   0.000006604
       808.0   0.000006436
       809.0   0.000006973
       810.0   0.000007824
       811.0   0.000008850
       812.0   0.000009361
       813.0   0.000009202
       814.0   0.000008252
       815.0   0.000006493
       816.0   0.000004636
       817.0   0.000003255
       818.0   0.000002568
       819.0   0.000002235
       820.0   0.000002397
       821.0   0.000002257
       822.0   0.000001951
       823.0   0.000002480
       824.0   0.000003034
       825.0   0.000004355
       826.0   0.000006497
       827.0   0.000008235
       828.0   0.000010011
       829.0   0.000012861
       830.0   0.000015687
       831.0   0.000017680
       832.0   0.000018552
       833.0   0.000017292
       834.0   0.000014484
       835.0   0.000011568
       836.0   0.000009567
       837.0   0.000009676
       838.0   0.000011653
       839.0   0.000013337
       840.0   0.000014251
       841.0   0.000013585
       842.0   0.000012940
       843.0   0.000013879
       844.0   0.000014849
       845.0   0.000015658
       846.0   0.000016522
       847.0   0.000015398
       848.0   0.000012622
       849.0   0.000010428
       850.0   0.000009929
       851.0   0.000012282
       852.0   0.000013290
       853.0   0.000013681
       854.0   0.000014132
       855.0   0.000013708
       856.0   0.000014639
       857.0   0.000018253
       858.0   0.000022643
       859.0   0.000023825
       860.0   0.000022895
       861.0   0.000023558
       862.0   0.000022975
       863.0   0.000023177
       864.0   0.000023839
       865.0   0.000023512
       866.0   0.000020077
       867.0   0.000021075
       868.0   0.000020022
       869.0   0.000021154
       870.0   0.000024168
       871.0   0.000024421
       872.0   0.000023339
       873.0   0.000023104
       874.0   0.000021155
       875.0   0.000024927
       876.0   0.000024417
       877.0   0.000021783
       878.0   0.000023388
       879.0   0.000029097
       880.0   0.000025576
       881.0   0.000020080
       882.0   0.000026818
       883.0   0.000028277
       884.0   0.000026073
       885.0   0.000027573
       886.0   0.000022045
       887.0   0.000014946
       888.0   0.000016948
       889.0   0.000020716
       890.0   0.000020951
       891.0   0.000018900
       892.0   0.000023997
       893.0   0.000027466
       894.0   0.000026735
       895.0   0.000022227
       896.0   0.000027817
       897.0   0.000026962
       898.0   0.000025194
       899.0   0.000028618
       900.0   0.000022113
       901.0   0.000016624
       902.0   0.000018369
       903.0   0.000022544
       904.0   0.000029594
       905.0   0.000029389
       906.0   0.000020790
       907.0   0.000019848
       908.0   0.000024242
       909.0   0.000029749
       910.0   0.000025186
       911.0   0.000018062
       912.0   0.000018935
       913.0   0.000022802
       914.0   0.000026424
       915.0   0.000023620
       916.0   0.000026758
       917.0   0.000027829
       918.0   0.000025152
       919.0   0.000026686
       920.0   0.000025947
       921.0   0.000018075
       922.0   0.000013898
       923.0   0.000015974
       924.0   0.000016632
       925.0   0.000018269
       926.0   0.000021005
       927.0   0.000014062
       928.0   0.000025492
       929.0   0.000021655
       930.0   0.000018063
       931.0   0.000021264
       932.0   0.000020143
       933.0   0.000018160
       934.0   0.000022392
       935.0   0.000025353
       936.0   0.000029363
       937.0   0.000031258
       938.0   0.000025630
       939.0   0.000027341
       940.0   0.000028062
       941.0   0.000033744
       942.0   0.000034416
       943.0   0.000034395
       944.0   0.000041103
       945.0   0.000040619
       946.0   0.000040530
       947.0   0.000039717
       948.0   0.000047429
       949.0   0.000055795
       950.0   0.000049033
       951.0   0.000053250
       952.0   0.000058815
       953.0   0.000058164
       954.0   0.000054693
       955.0   0.000052908
       956.0   0.000056507
       957.0   0.000055937
       958.0   0.000057226
       959.0   0.000065295
       960.0   0.000065628
       961.0   0.000063950
       962.0   0.000063844
       963.0   0.000060194
       964.0   0.000064400
       965.0   0.000060265
       966.0   0.000061960
       967.0   0.000060564
       968.0   0.000054227
       969.0   0.000061533
       970.0   0.000064803
       971.0   0.000065284
       972.0   0.000064354
       973.0   0.000065542
       974.0   0.000066354
       975.0   0.000060268
       976.0   0.000067777
       977.0   0.000066762
       978.0   0.000058900
       979.0   0.000057777
       980.0   0.000063975
       981.0   0.000057317
       982.0   0.000052385
       983.0   0.000053016
       984.0   0.000050501
       985.0   0.000059717
       986.0   0.000063458
       987.0   0.000054140
       988.0   0.000058857
       989.0   0.000063372
       990.0   0.000063428
       991.0   0.000061574
       992.0   0.000058247
       993.0   0.000054808
       994.0   0.000057046
       995.0   0.000059571
       996.0   0.000058542
       997.0   0.000057148
       998.0   0.000058849
       999.0   0.000051933
      1000.0   0.000051764
      1001.0   0.000052707
      1002.0   0.000051439
      1003.0   0.000045504
      1004.0   0.000042358
      1005.0   0.000047729
      1006.0   0.000049317
      1007.0   0.000049930
      1008.0   0.000046528
      1009.0   0.000047236
      1010.0   0.000049995
      1011.0   0.000042770
      1012.0   0.000039207
      1013.0   0.000038318
      1014.0   0.000038175
      1015.0   0.000041083
      1016.0   0.000035054
      1017.0   0.000039608
      1018.0   0.000040313
      1019.0   0.000044026
      1020.0   0.000047040
      1021.0   0.000053441
      1022.0   0.000056044
      1023.0   0.000053396
      1024.0   0.000049015
      1025.0   0.000052360
      1026.0   0.000055524
      1027.0   0.000058942
      1028.0   0.000057502
      1029.0   0.000062181
      1030.0   0.000058146
      1031.0   0.000054498
      1032.0   0.000053897
      1033.0   0.000055342
      1034.0   0.000056056
      1035.0   0.000051291
      1036.0   0.000045801
      1037.0   0.000047207
      1038.0   0.000047823
      1039.0   0.000046700
      1040.0   0.000046476
      1041.0   0.000044638
      1042.0   0.000041104
      1043.0   0.000042985
      1044.0   0.000037622
      1045.0   0.000033433
      1046.0   0.000037686
      1047.0   0.000037898
      1048.0   0.000036653
      1049.0   0.000033486
      1050.0   0.000032885
      1051.0   0.000034929
      1052.0   0.000033086
      1053.0   0.000031929
      1054.0   0.000032959
      1055.0   0.000035089
      1056.0   0.000035164
      1057.0   0.000039352
      1058.0   0.000043216
      1059.0   0.000047413
      1060.0   0.000046383
      1061.0   0.000041828
      1062.0   0.000041226
      1063.0   0.000046547
      1064.0   0.000049948
      1065.0   0.000048726
      1066.0   0.000043696
      1067.0   0.000033434
      1068.0   0.000035984
      1069.0   0.000038315
      1070.0   0.000042175
      1071.0   0.000036231
      1072.0   0.000024211
      1073.0   0.000028117
      1074.0   0.000036343
      1075.0   0.000042935
      1076.0   0.000037545
      1077.0   0.000033147
      1078.0   0.000041833
      1079.0   0.000037959
      1080.0   0.000034288
      1081.0   0.000035780
      1082.0   0.000039421
      1083.0   0.000041146
      1084.0   0.000033717
      1085.0   0.000036842
      1086.0   0.000042225
      1087.0   0.000044853
      1088.0   0.000036113
      1089.0   0.000032609
      1090.0   0.000038192
      1091.0   0.000031740
      1092.0   0.000034464
      1093.0   0.000029867
      1094.0   0.000023083
      1095.0   0.000029551
      1096.0   0.000037076
      1097.0   0.000032026
      1098.0   0.000040159
      1099.0   0.000028535
      1100.0   0.000021487
      1101.0   0.000031630
      1102.0   0.000035490
      1103.0   0.000035455
      1104.0   0.000034088
      1105.0   0.000036941
      1106.0   0.000033133
      1107.0   0.000035000
      1108.0   0.000032939
      1109.0   0.000025531
      1110.0   0.000031596
      1111.0   0.000039035
      1112.0   0.000036179
      1113.0   0.000033861
      1114.0   0.000039729
      1115.0   0.000038534
      1116.0   0.000031123
      1117.0   0.000032054
      1118.0   0.000042106
      1119.0   0.000041823
      1120.0   0.000033704
      1121.0   0.000030964
      1122.0   0.000037934
      1123.0   0.000036883
      1124.0   0.000038399
      1125.0   0.000039004
      1126.0   0.000031691
      1127.0   0.000035048
      1128.0   0.000031234
      1129.0   0.000024316
      1130.0   0.000025135
      1131.0   0.000028514
      1132.0   0.000022707
      1133.0   0.000024724
      1134.0   0.000019818
      1135.0   0.000019972
      1136.0   0.000028175
      1137.0   0.000023653
      1138.0   0.000022058
      1139.0   0.000021284
      1140.0   0.000020441
      1141.0   0.000025698
      1142.0   0.000025603
      1143.0   0.000024225
      1144.0   0.000026945
      1145.0   0.000027203
      1146.0   0.000020657
      1147.0   0.000025945
      1148.0   0.000028765
      1149.0   0.000029318
      1150.0   0.000030222
      1151.0   0.000030447
      1152.0   0.000021827
      1153.0   0.000019333
      1154.0   0.000024222
      1155.0   0.000020283
      1156.0   0.000020132
      1157.0   0.000014190
      1158.0   0.000020917
      1159.0   0.000023029
      1160.0   0.000021273
      1161.0   0.000018678
      1162.0   0.000025285
      1163.0   0.000026077
      1164.0   0.000018420
      1165.0   0.000020096
      1166.0   0.000027305
      1167.0   0.000036233
      1168.0   0.000031589
      1169.0   0.000033988
      1170.0   0.000033615
      1171.0   0.000021953
      1172.0   0.000023735
      1173.0   0.000032349
      1174.0   0.000027650
      1175.0   0.000029810
      1176.0   0.000035801
      1177.0   0.000025510
      1178.0   0.000024696
      1179.0   0.000021806
      1180.0   0.000018475
      1181.0   0.000018693
      1182.0   0.000023322
      1183.0   0.000022892
      1184.0   0.000023122
      1185.0   0.000022111
      1186.0   0.000019974
      1187.0   0.000018171
      1188.0   0.000022834
      1189.0   0.000027691
      1190.0   0.000029701
      1191.0   0.000034030
      1192.0   0.000030214
      1193.0   0.000031047
      1194.0   0.000036594
      1195.0   0.000034929
      1196.0   0.000037515
      1197.0   0.000034742
      1198.0   0.000031449
      1199.0   0.000027153
      1200.0   0.000024625
      1201.0   0.000024489
      1202.0   0.000024100
      1203.0   0.000023153
      1204.0   0.000019883
      1205.0   0.000017615
      1206.0   0.000022015
      1207.0   0.000021034
      1208.0   0.000017742
      1209.0   0.000018328
      1210.0   0.000018012
      1211.0   0.000011769
      1212.0   0.000014019
      1213.0   0.000023303
      1214.0   0.000016203
      1215.0   0.000010755
      1216.0   0.000012583
      1217.0   0.000016264
      1218.0   0.000015937
      1219.0   0.000016721
      1220.0   0.000028146
      1221.0   0.000035411
      1222.0   0.000031783
      1223.0   0.000028913
      1224.0   0.000036831
      1225.0   0.000036648
      1226.0   0.000036404
      1227.0   0.000036005
      1228.0   0.000031057
      1229.0   0.000031591
      1230.0   0.000031970
      1231.0   0.000028426
      1232.0   0.000030901
      1233.0   0.000028227
      1234.0   0.000020826
      1235.0   0.000024208
      1236.0   0.000022425
      1237.0   0.000023507
      1238.0   0.000016991
      1239.0   0.000018389
      1240.0   0.000019612
      1241.0   0.000016659
      1242.0   0.000018871
      1243.0   0.000018819
      1244.0   0.000009388
      1245.0   0.000011629
      1246.0   0.000014192
      1247.0   0.000016135
      1248.0   0.000017867
      1249.0   0.000015246
      1250.0   0.000013469
      1251.0   0.000009525
      1252.0   0.000014619
      1253.0   0.000014139
      1254.0   0.000010692
      1255.0   0.000009561
      1256.0   0.000006464
      1257.0   0.000007850
      1258.0   0.000012759
      1259.0   0.000011595
      1260.0   0.000011970
      1261.0   0.000012972
      1262.0   0.000013552
      1263.0   0.000020616
      1264.0   0.000013618
      1265.0   0.000012651
      1266.0   0.000020397
      1267.0   0.000019167
      1268.0   0.000020106
      1269.0   0.000025353
      1270.0   0.000024665
      1271.0   0.000026320
      1272.0   0.000026139
      1273.0   0.000033782
      1274.0   0.000035569
      1275.0   0.000033612
      1276.0   0.000029074
      1277.0   0.000029660
      1278.0   0.000028377
      1279.0   0.000022664
      1280.0   0.000022041
      1281.0   0.000021186
      1282.0   0.000020294
      1283.0   0.000018239
      1284.0   0.000014888
      1285.0   0.000009498
      1286.0   0.000005615
      1287.0   0.000002826
      1288.0   0.000004588
      1289.0   0.000007351
      1290.0   0.000003730
      1291.0   0.000008351
      1292.0   0.000008991
      1293.0   0.000003770
      1294.0   0.000004349
      1295.0   0.000006663
      1296.0   0.000002658
      1297.0   0.000000000
      1298.0   0.000002160
      1299.0   0.000001269
      1300.0   0.000000993
      1301.0   0.000000583
      1302.0   0.000002942
      1303.0   0.000009677
      1304.0   0.000004669
      1305.0   0.000001387
      1306.0   0.000004847
      1307.0   0.000004495
      1308.0   0.000003975
      1309.0   0.000001601
      1310.0   0.000002819
      1311.0   0.000011171
      1312.0   0.000005588
      1313.0   0.000010633
      1314.0   0.000019385
      1315.0   0.000018141
      1316.0   0.000024335
      1317.0   0.000029495
      1318.0   0.000021708
      1319.0   0.000021650
      1320.0   0.000015991
      1321.0   0.000010431
      1322.0   0.000010945
      1323.0   0.000006229
      1324.0   0.000001169
      1325.0   0.000002082
      1326.0   0.000001223
      1327.0   0.000000000
      1328.0   0.000000000
      1329.0   0.000001448
      1330.0   0.000002385
      1331.0   0.000002457
      1332.0   0.000004849
      1333.0   0.000003026
      1334.0   0.000003530
      1335.0   0.000001826
      1336.0   0.000000000
      1337.0   0.000002991
      1338.0   0.000009213
      1339.0   0.000004379
      1340.0   0.000000000
      1341.0   0.000005821
      1342.0   0.000004136
      1343.0   0.000001879
      1344.0   0.000005206
      1345.0   0.000002555
      1346.0   0.000001271
      1347.0   0.000000746
      1348.0   0.000000000
      1349.0   0.000001754
      1350.0   0.000001030
      1351.0   0.000000000
      1352.0   0.000000000
      1353.0   0.000005848
      1354.0   0.000010275
      1355.0   0.000007471
      1356.0   0.000004331
      1357.0   0.000004157
      1358.0   0.000001647
      1359.0   0.000000000
      1360.0   0.000000000
      1361.0   0.000003199
      1362.0   0.000006187
      1363.0   0.000002530
      1364.0   0.000000000
      1365.0   0.000000000
      1366.0   0.000000000
      1367.0   0.000000000
      1368.0   0.000007276
      1369.0   0.000007480
      1370.0   0.000001884
      1371.0   0.000000000
      1372.0   0.000000000
      1373.0   0.000004706
      1374.0   0.000002764
      1375.0   0.000000000
      1376.0   0.000000000
      1377.0   0.000000000
      1378.0   0.000000976
      1379.0   0.000001567
      1380.0   0.000000584
      1381.0   0.000000000
      1382.0   0.000000000
      1383.0   0.000000000
      1384.0   0.000001732
      1385.0   0.000001018
      1386.0   0.000000000
      1387.0   0.000000000
      1388.0   0.000000000
      1389.0   0.000002115
      1390.0   0.000003280
      1391.0   0.000002738
      1392.0   0.000000905
      1393.0   0.000000563
      1394.0   0.000000330
      1395.0   0.000000760
      1396.0   0.000000446
      1397.0   0.000004866
      1398.0   0.000002858
      1399.0   0.000001127
      1400.0   0.000002112
      1401.0   0.000000852
      1402.0   0.000000000
      1403.0   0.000000000
      1404.0   0.000000783
      1405.0   0.000001149
      1406.0   0.000001618
      1407.0   0.000002297
      1408.0   0.000000930
      1409.0   0.000006086
      1410.0   0.000003574
      1411.0   0.000000000
      1412.0   0.000000000
      1413.0   0.000001256
      1414.0   0.000000738
      1415.0   0.000000000
      1416.0   0.000002351
      1417.0   0.000007325
      1418.0   0.000003491
      1419.0   0.000000515
      1420.0   0.000000303
      1421.0   0.000000000
      1422.0   0.000000750
      1423.0   0.000000440
      1424.0   0.000001694
      1425.0   0.000000995
      1426.0   0.000003031
      1427.0   0.000004719
      1428.0   0.000003942
      1429.0   0.000001757
      1430.0   0.000001845
      1431.0   0.000000926
      1432.0   0.000000000
      1433.0   0.000000000
      1434.0   0.000000000
      1435.0   0.000008035
      1436.0   0.000004719
      1437.0   0.000001321
      1438.0   0.000000776
      1439.0   0.000001844
      1440.0   0.000002352
      1441.0   0.000004022
      1442.0   0.000006265
      1443.0   0.000006323
      1444.0   0.000002216
      1445.0   0.000000000
      1446.0   0.000000000
      1447.0   0.000000000
      1448.0   0.000005766
      1449.0   0.000007819
      1450.0   0.000003540
      1451.0   0.000002989
      1452.0   0.000002716
      1453.0   0.000004254
      1454.0   0.000002056
      1455.0   0.000000151
      1456.0   0.000001469
      1457.0   0.000001056
      1458.0   0.000003641
      1459.0   0.000002054
      1460.0   0.000000000
      1461.0   0.000003371
      1462.0   0.000001980
      1463.0   0.000003654
      1464.0   0.000002146
      1465.0   0.000000000
      1466.0   0.000001160
      1467.0   0.000000681
      1468.0   0.000003238
      1469.0   0.000001902
      1470.0   0.000000000
      1471.0   0.000000093
      1472.0   0.000000055
      1473.0   0.000000000
      1474.0   0.000000000
      1475.0   0.000000000
      1476.0   0.000000000
      1477.0   0.000000000
      1478.0   0.000000000
      1479.0   0.000000000
      1480.0   0.000002223
      1481.0   0.000002663
      1482.0   0.000000797
      1483.0   0.000000000
      1484.0   0.000001894
      1485.0   0.000003078
      1486.0   0.000001154
      1487.0   0.000000000
      1488.0   0.000001188
      1489.0   0.000000698
      1490.0   0.000002060
      1491.0   0.000001914
      1492.0   0.000005857
      1493.0   0.000003197
      1494.0   0.000002747
      1495.0   0.000004333
      1496.0   0.000001597
      1497.0   0.000000000
      1498.0   0.000000000
      1499.0   0.000000000
      1500.0   0.000000000
      1501.0   0.000000000
      1502.0   0.000000000
      1503.0   0.000004819
      1504.0   0.000004096
      1505.0   0.000002890
      1506.0   0.000001915
      1507.0   0.000000384
      1508.0   0.000000000
      1509.0   0.000000000
      1510.0   0.000000000
      1511.0   0.000000000
      1512.0   0.000001045
      1513.0   0.000000614
      1514.0   0.000000000
      1515.0   0.000004076
      1516.0   0.000002394
      1517.0   0.000001176
      1518.0   0.000000691
      1519.0   0.000000000
      1520.0   0.000003395
      1521.0   0.000001994
      1522.0   0.000000000
      1523.0   0.000000978
      1524.0   0.000000574
      1525.0   0.000002652
      1526.0   0.000004418
      1527.0   0.000001680
      1528.0   0.000001080
      1529.0   0.000000634
      1530.0   0.000000326
      1531.0   0.000003827
      1532.0   0.000007749
      1533.0   0.000005581
      1534.0   0.000001342
      1535.0   0.000000000
      1536.0   0.000000403
      1537.0   0.000001847
      1538.0   0.000000945
      1539.0   0.000001407
      1540.0   0.000003312
      1541.0   0.000002139
      1542.0   0.000001313
      1543.0   0.000000537
      1544.0   0.000000000
      1545.0   0.000002301
      1546.0   0.000001426
      1547.0   0.000000044
      1548.0   0.000000000
      1549.0   0.000000000
      1550.0   0.000000046
      1551.0   0.000000286
      1552.0   0.000000510
      1553.0   0.000001643
      1554.0   0.000000842
      1555.0   0.000000000
      1556.0   0.000000213
      1557.0   0.000002855
      1558.0   0.000001603
      1559.0   0.000000059
      1560.0   0.000000517
      1561.0   0.000001832
      1562.0   0.000001942
      1563.0   0.000000607
      1564.0   0.000000000
      1565.0   0.000004465
      1566.0   0.000002622
      1567.0   0.000001078
      1568.0   0.000001579
      1569.0   0.000000789
      1570.0   0.000001808
      1571.0   0.000000982
      1572.0   0.000000000
      1573.0   0.000000000
      1574.0   0.000004952
      1575.0   0.000003359
      1576.0   0.000000265
      1577.0   0.000000000
      1578.0   0.000002412
      1579.0   0.000001417
      1580.0   0.000004950
      1581.0   0.000003520
      1582.0   0.000000360
      1583.0   0.000000000
      1584.0   0.000000000
      1585.0   0.000005037
      1586.0   0.000005662
      1587.0   0.000001588
      1588.0   0.000000000
      1589.0   0.000000000
      1590.0   0.000001322
      1591.0   0.000000777
      1592.0   0.000003050
      1593.0   0.000001791
      1594.0   0.000004148
      1595.0   0.000002436
      1596.0   0.000000000
      1597.0   0.000000000
      1598.0   0.000005488
      1599.0   0.000003223
      1600.0   0.000000000
      1601.0   0.000000000
      1602.0   0.000001153
      1603.0   0.000001819
      1604.0   0.000000671
      1605.0   0.000002027
      1606.0   0.000001190
      1607.0   0.000008123
      1608.0   0.000004771
      1609.0   0.000000000
      1610.0   0.000001176
      1611.0   0.000001025
      1612.0   0.000000196
      1613.0   0.000003859
      1614.0   0.000002266
      1615.0   0.000002001
      1616.0   0.000001175
      1617.0   0.000004992
      1618.0   0.000002932
      1619.0   0.000001995
      1620.0   0.000001493
      1621.0   0.000003593
      1622.0   0.000005722
      1623.0   0.000002187
      1624.0   0.000000000
      1625.0   0.000000000
      1626.0   0.000000000
      1627.0   0.000000000
      1628.0   0.000000000
      1629.0   0.000001974
      1630.0   0.000005972
      1631.0   0.000007134
      1632.0   0.000002530
      1633.0   0.000003040
      1634.0   0.000001786
      1635.0   0.000000000
      1636.0   0.000000000
      1637.0   0.000005637
      1638.0   0.000003590
      1639.0   0.000000650
      1640.0   0.000000285
      1641.0   0.000002223
      1642.0   0.000001306
      1643.0   0.000000000
      1644.0   0.000000000
      1645.0   0.000000000
      1646.0   0.000000170
      1647.0   0.000000100
      1648.0   0.000000000
      1649.0   0.000000000
      1650.0   0.000002277
      1651.0   0.000001337
      1652.0   0.000000759
      1653.0   0.000000446
      1654.0   0.000000000
      1655.0   0.000000000
      1656.0   0.000003325
      1657.0   0.000008319
      1658.0   0.000003739
      1659.0   0.000001860
      1660.0   0.000001093
      1661.0   0.000000000
      1662.0   0.000000000
      1663.0   0.000000000
      1664.0   0.000001792
      1665.0   0.000001052
      1666.0   0.000000518
      1667.0   0.000000304
      1668.0   0.000000000
      1669.0   0.000001597
      1670.0   0.000001874
      1671.0   0.000000550
      1672.0   0.000004356
      1673.0   0.000002831
      1674.0   0.000000160
      1675.0   0.000000000
      1676.0   0.000000000
      1677.0   0.000001634
      1678.0   0.000003278
      1679.0   0.000001361
      1680.0   0.000002825
      1681.0   0.000001659
      1682.0   0.000000656
      1683.0   0.000005182
      1684.0   0.000012518
      1685.0   0.000005698
      1686.0   0.000000000
      1687.0   0.000000000
      1688.0   0.000000290
      1689.0   0.000003585
      1690.0   0.000002006
      1691.0   0.000000000
      1692.0   0.000000000
      1693.0   0.000000000
      1694.0   0.000004386
      1695.0   0.000002998
      1696.0   0.000001626
      1697.0   0.000005254
      1698.0   0.000002610
      1699.0   0.000001546
      1700.0   0.000002499
      1701.0   0.000000934
      1702.0   0.000000000
      1703.0   0.000001429
      1704.0   0.000002497
      1705.0   0.000002157
      1706.0   0.000003876
      1707.0   0.000003805
      1708.0   0.000001138
      1709.0   0.000007687
      1710.0   0.000004515
      1711.0   0.000000004
      1712.0   0.000000002
      1713.0   0.000000000
      1714.0   0.000000000
      1715.0   0.000000000
      1716.0   0.000001637
      1717.0   0.000000961
      1718.0   0.000000000
      1719.0   0.000000000
      1720.0   0.000000000
      1721.0   0.000000000
      1722.0   0.000000000
      1723.0   0.000000894
      1724.0   0.000000525
      1725.0   0.000000053
      1726.0   0.000000209
      1727.0   0.000000104
      1728.0   0.000000000
      1729.0   0.000000363
      1730.0   0.000000213
      1731.0   0.000002855
      1732.0   0.000001677
      1733.0   0.000000000
      1734.0   0.000000000
      1735.0   0.000000000
      1736.0   0.000000631
      1737.0   0.000000371
      1738.0   0.000000000
      1739.0   0.000000000
      1740.0   0.000000000
      1741.0   0.000000000
      1742.0   0.000001757
      1743.0   0.000001032
      1744.0   0.000000000
      1745.0   0.000000737
      1746.0   0.000003250
      1747.0   0.000002569
      1748.0   0.000000537
      1749.0   0.000003581
      1750.0   0.000004427
      1751.0   0.000005816
      1752.0   0.000002614
      1753.0   0.000000623
      1754.0   0.000000366
      1755.0   0.000000000
      1756.0   0.000008992
      1757.0   0.000007797
      1758.0   0.000001478
      1759.0   0.000000000
      1760.0   0.000002005
      1761.0   0.000006131
      1762.0   0.000002910
      1763.0   0.000000000
      1764.0   0.000000000
      1765.0   0.000000000
      1766.0   0.000000000
      1767.0   0.000003211
      1768.0   0.000001886
      1769.0   0.000003674
      1770.0   0.000002158
      1771.0   0.000000000
      1772.0   0.000007783
      1773.0   0.000004571
      1774.0   0.000000000
      1775.0   0.000000000
      1776.0   0.000000000
      1777.0   0.000000000
      1778.0   0.000004481
      1779.0   0.000002632
      1780.0   0.000002298
      1781.0   0.000001350
      1782.0   0.000000000
      1783.0   0.000000000
      1784.0   0.000000000
      1785.0   0.000003591
      1786.0   0.000004848
      1787.0   0.000001609
      1788.0   0.000000000
      1789.0   0.000000000
      1790.0   0.000000000
      1791.0   0.000002974
      1792.0   0.000004614
      1793.0   0.000003386
      1794.0   0.000004322
      1795.0   0.000001952
      1796.0   0.000005867
      1797.0   0.000004510
      1798.0   0.000000625
      1799.0   0.000003755
      1800.0   0.000002768
      1801.0   0.000000331
      1802.0   0.000000000
      1803.0   0.000000961
      1804.0   0.000001867
      1805.0   0.000003448
      1806.0   0.000001576
      1807.0   0.000000000
      1808.0   0.000002344
      1809.0   0.000001377
      1810.0   0.000003564
      1811.0   0.000005435
      1812.0   0.000001963
      1813.0   0.000005141
      1814.0   0.000003865
      1815.0   0.000004520
      1816.0   0.000003267
      1817.0   0.000001341
      1818.0   0.000000476
      1819.0   0.000002187
      1820.0   0.000001285
      1821.0   0.000001451
      1822.0   0.000000852
      1823.0   0.000002185
      1824.0   0.000001283
      1825.0   0.000000000
      1826.0   0.000002124
      1827.0   0.000001248
      1828.0   0.000000000
      1829.0   0.000001147
      1830.0   0.000000693
      1831.0   0.000000044
      1832.0   0.000000019
      1833.0   0.000001949
      1834.0   0.000006987
      1835.0   0.000003621
      1836.0   0.000003859
      1837.0   0.000002624
      1838.0   0.000001637
      1839.0   0.000000815
      1840.0   0.000001249
      1841.0   0.000002204
      1842.0   0.000003530
      1843.0   0.000001566
      1844.0   0.000001848
      1845.0   0.000001085
      1846.0   0.000003144
      1847.0   0.000007944
      1848.0   0.000003581
      1849.0   0.000000000
      1850.0   0.000004247
      1851.0   0.000003332
      1852.0   0.000000759
      1853.0   0.000001506
      1854.0   0.000000793
      1855.0   0.000002393
      1856.0   0.000001406
      1857.0   0.000000000
      1858.0   0.000001947
      1859.0   0.000001143
      1860.0   0.000000951
      1861.0   0.000000558
      1862.0   0.000004511
      1863.0   0.000005060
      1864.0   0.000001416
      1865.0   0.000000000
      1866.0   0.000001617
      1867.0   0.000002893
      1868.0   0.000002283
      1869.0   0.000002308
      1870.0   0.000000962
      1871.0   0.000000000
      1872.0   0.000000000
      1873.0   0.000000000
      1874.0   0.000000000
      1875.0   0.000002573
      1876.0   0.000001511
      1877.0   0.000000000
      1878.0   0.000000000
      1879.0   0.000001948
      1880.0   0.000001144
      1881.0   0.000003108
      1882.0   0.000001833
      1883.0   0.000000005
      1884.0   0.000002244
      1885.0   0.000007144
      1886.0   0.000003422
      1887.0   0.000000000
      1888.0   0.000000000
      1889.0   0.000000000
      1890.0   0.000000000
      1891.0   0.000003662
      1892.0   0.000002151
      1893.0   0.000000000
      1894.0   0.000000000
      1895.0   0.000003050
      1896.0   0.000002007
      1897.0   0.000000127
      1898.0   0.000000000
      1899.0   0.000000000
      1900.0   0.000000000
      1901.0   0.000000000
      1902.0   0.000000000
      1903.0   0.000000000
      1904.0   0.000000000
      1905.0   0.000000000
      1906.0   0.000000719
      1907.0   0.000001998
      1908.0   0.000000925
      1909.0   0.000005027
      1910.0   0.000006995
      1911.0   0.000005279
      1912.0   0.000001805
      1913.0   0.000002063
      1914.0   0.000003703
      1915.0   0.000003540
      1916.0   0.000006821
      1917.0   0.000003296
      1918.0   0.000004664
      1919.0   0.000004691
      1920.0   0.000001146
      1921.0   0.000002947
      1922.0   0.000001731
      1923.0   0.000000020
      1924.0   0.000000012
      1925.0   0.000003204
      1926.0   0.000001882
      1927.0   0.000001840
      1928.0   0.000001080
      1929.0   0.000000000
      1930.0   0.000000000
      1931.0   0.000000820
      1932.0   0.000000886
      1933.0   0.000009764
      1934.0   0.000005595
      1935.0   0.000000000
      1936.0   0.000000000
      1937.0   0.000000031
      1938.0   0.000000388
      1939.0   0.000001055
      1940.0   0.000000492
      1941.0   0.000000000
      1942.0   0.000000513
      1943.0   0.000000301
      1944.0   0.000000000
      1945.0   0.000000000
      1946.0   0.000000000
      1947.0   0.000000000
      1948.0   0.000001450
      1949.0   0.000001116
      1950.0   0.000001746
      1951.0   0.000000934
      1952.0   0.000000000
      1953.0   0.000000302
      1954.0   0.000000178
      1955.0   0.000000000
      1956.0   0.000000253
      1957.0   0.000000149
      1958.0   0.000006668
      1959.0   0.000003916
      1960.0   0.000000000
      1961.0   0.000001658
      1962.0   0.000000974
      1963.0   0.000004222
      1964.0   0.000003687
      1965.0   0.000000709
      1966.0   0.000003242
      1967.0   0.000003604
      1968.0   0.000000999
      1969.0   0.000002502
      1970.0   0.000001470
      1971.0   0.000000000
      1972.0   0.000007208
      1973.0   0.000004233
      1974.0   0.000000000
      1975.0   0.000005864
      1976.0   0.000003444
      1977.0   0.000000000
      1978.0   0.000000000
      1979.0   0.000001316
      1980.0   0.000000773
      1981.0   0.000000000
      1982.0   0.000001266
      1983.0   0.000004648
      1984.0   0.000002293
      1985.0   0.000003947
      1986.0   0.000002589
      1987.0   0.000000159
      1988.0   0.000001305
      1989.0   0.000000766
      1990.0   0.000004956
      1991.0   0.000002911
      1992.0   0.000000000
      1993.0   0.000000000
      1994.0   0.000004569
      1995.0   0.000002683
      1996.0   0.000005976
      1997.0   0.000003510
      1998.0   0.000001038
      1999.0   0.000003501
      2000.0   0.000001698
      2001.0   0.000000000
      2002.0   0.000000000
      2003.0   0.000000000
      2004.0   0.000000000
      2005.0   0.000000000
      2006.0   0.000000000
      2007.0   0.000004277
      2008.0   0.000004923
      2009.0   0.000002496
      2010.0   0.000003729
      2011.0   0.000007413
      2012.0   0.000005466
      2013.0   0.000004231
      2014.0   0.000004185
      2015.0   0.000007771
      2016.0   0.000010850
      2017.0   0.000004189
      2018.0   0.000002861
      2019.0   0.000004253
      2020.0   0.000008682
      2021.0   0.000010677
      2022.0   0.000009522
      2023.0   0.000006363
      2024.0   0.000007689
      2025.0   0.000009371
      2026.0   0.000011741
      2027.0   0.000013771
      2028.0   0.000008496
      2029.0   0.000006414
      2030.0   0.000013284
      2031.0   0.000021886
      2032.0   0.000023958
      2033.0   0.000020979
      2034.0   0.000018164
      2035.0   0.000019563
      2036.0   0.000028923
      2037.0   0.000036116
      2038.0   0.000029241
      2039.0   0.000034369
      2040.0   0.000037932
      2041.0   0.000033141
      2042.0   0.000034516
      2043.0   0.000040257
      2044.0   0.000047336
      2045.0   0.000049413
      2046.0   0.000054061
      2047.0   0.000058239
      2048.0   0.000068190
      2049.0   0.000070482
      2050.0   0.000077181
      2051.0   0.000077110
      2052.0   0.000088588
      2053.0   0.000100731
      2054.0   0.000113105
      2055.0   0.000123170
      2056.0   0.000131222
      2057.0   0.000132755
      2058.0   0.000141055
      2059.0   0.000160352
      2060.0   0.000171561
      2061.0   0.000182632
      2062.0   0.000203685
      2063.0   0.000229610
      2064.0   0.000250410
      2065.0   0.000273925
      2066.0   0.000301580
      2067.0   0.000333447
      2068.0   0.000377017
      2069.0   0.000419866
      2070.0   0.000464499
      2071.0   0.000518642
      2072.0   0.000583351
      2073.0   0.000658693
      2074.0   0.000748523
      2075.0   0.000855057
      2076.0   0.000975301
      2077.0   0.001126290
      2078.0   0.001311520
      2079.0   0.001535930
      2080.0   0.001789850
      2081.0   0.002093890
      2082.0   0.002467390
      2083.0   0.002934400
      2084.0   0.003512250
      2085.0   0.004248850
      2086.0   0.005121970
      2087.0   0.006215290
      2088.0   0.007617830
      2089.0   0.009356730
      2090.0   0.011624100
      2091.0   0.014612600
      2092.0   0.018256500
      2093.0   0.022903999
      2094.0   0.028971801
      2095.0   0.036334600
      2096.0   0.044561099
      2097.0   0.052389901
      2098.0   0.061512899
      2099.0   0.072914697
      2100.0   0.087150902
      2101.0   0.104662001
      2102.0   0.126499996
      2103.0   0.153919995
      2104.0   0.186628997
      2105.0   0.225548998
      2106.0   0.270588994
      2107.0   0.320710987
      2108.0   0.375135005
      2109.0   0.430537999
      2110.0   0.481739014
      2111.0   0.524595976
      2112.0   0.559682012
      2113.0   0.587638021
      2114.0   0.608473003
      2115.0   0.624180973
      2116.0   0.635928988
      2117.0   0.644483984
      2118.0   0.650996029
      2119.0   0.656185985
      2120.0   0.660345972
      2121.0   0.663721979
      2122.0   0.666741014
      2123.0   0.669247985
      2124.0   0.671582997
      2125.0   0.673609018
      2126.0   0.675152004
      2127.0   0.676256001
      2128.0   0.676459014
      2129.0   0.675191998
      2130.0   0.671777010
      2131.0   0.665109992
      2132.0   0.653831005
      2133.0   0.636834025
      2134.0   0.611742973
      2135.0   0.577228010
      2136.0   0.535206020
      2137.0   0.486613005
      2138.0   0.428546011
      2139.0   0.370572001
      2140.0   0.316511005
      2141.0   0.264135003
      2142.0   0.218622997
      2143.0   0.181595996
      2144.0   0.150988996
      2145.0   0.125346005
      2146.0   0.104056001
      2147.0   0.086775102
      2148.0   0.072628804
      2149.0   0.061990000
      2150.0   0.054064699
      2151.0   0.044608802
      2152.0   0.035453498
      2153.0   0.028084001
      2154.0   0.022120200
      2155.0   0.017592300
      2156.0   0.014109700
      2157.0   0.011352800
      2158.0   0.009233310
      2159.0   0.007543630
      2160.0   0.006149190
      2161.0   0.005088230
      2162.0   0.004241290
      2163.0   0.003557980
      2164.0   0.003010120
      2165.0   0.002544370
      2166.0   0.002161590
      2167.0   0.001852680
      2168.0   0.001602230
      2169.0   0.001389870
      2170.0   0.001199360
      2171.0   0.001053480
      2172.0   0.000929546
      2173.0   0.000815323
      2174.0   0.000711944
      2175.0   0.000629049
      2176.0   0.000559999
      2177.0   0.000502235
      2178.0   0.000451812
      2179.0   0.000409343
      2180.0   0.000364979
      2181.0   0.000322100
      2182.0   0.000288844
      2183.0   0.000264780
      2184.0   0.000237642
      2185.0   0.000208559
      2186.0   0.000189508
      2187.0   0.000169068
      2188.0   0.000154682
      2189.0   0.000148822
      2190.0   0.000126953
      2191.0   0.000104784
      2192.0   0.000089858
      2193.0   0.000084988
      2194.0   0.000083220
      2195.0   0.000071435
      2196.0   0.000060432
      2197.0   0.000051616
      2198.0   0.000046526
      2199.0   0.000040692
      2200.0   0.000036349
      2201.0   0.000039890
      2202.0   0.000041969
      2203.0   0.000035634
      2204.0   0.000025107
      2205.0   0.000016541
      2206.0   0.000017762
      2207.0   0.000022689
      2208.0   0.000021503
      2209.0   0.000018723
      2210.0   0.000010985
      2211.0   0.000005935
      2212.0   0.000007155
      2213.0   0.000003029
      2214.0   0.000000010
      2215.0   0.000003855
      2216.0   0.000008660
      2217.0   0.000006724
      2218.0   0.000005005
      2219.0   0.000005296
      2220.0   0.000005113
      2221.0   0.000010055
      2222.0   0.000006305
      2223.0   0.000000868
      2224.0   0.000000000
      2225.0   0.000000364
      2226.0   0.000000923
      2227.0   0.000004873
      2228.0   0.000011660
      2229.0   0.000012567
      2230.0   0.000004369
      2231.0   0.000007711
      2232.0   0.000005942
      2233.0   0.000000851
      2234.0   0.000000634
      2235.0   0.000000373
      2236.0   0.000000000
      2237.0   0.000001145
      2238.0   0.000001840
      2239.0   0.000004260
      2240.0   0.000003972
      2241.0   0.000009140
      2242.0   0.000004724
      2243.0   0.000005168
      2244.0   0.000003101
      2245.0   0.000003003
      2246.0   0.000001742
      2247.0   0.000001083
      2248.0   0.000000677
      2249.0   0.000001338
      2250.0   0.000000772
      2251.0   0.000001204
      2252.0   0.000003431
      2253.0   0.000004264
      2254.0   0.000007352
      2255.0   0.000003904
      2256.0   0.000000812
      2257.0   0.000002131
      2258.0   0.000006174
      2259.0   0.000003464
      2260.0   0.000000550
      2261.0   0.000004445
      2262.0   0.000006914
      2263.0   0.000002584
      2264.0   0.000000000
      2265.0   0.000000000
      2266.0   0.000002920
      2267.0   0.000001716
      2268.0   0.000004045
      2269.0   0.000002377
      2270.0   0.000003077
      2271.0   0.000001808
      2272.0   0.000000000
      2273.0   0.000003631
      2274.0   0.000002134
      2275.0   0.000000484
      2276.0   0.000000643
      2277.0   0.000000211
      2278.0   0.000000000
      2279.0   0.000000000
      2280.0   0.000001950
      2281.0   0.000001146
      2282.0   0.000000000
      2283.0   0.000004541
      2284.0   0.000006858
      2285.0   0.000011572
      2286.0   0.000005353
      2287.0   0.000000000
      2288.0   0.000000392
      2289.0   0.000000231
      2290.0   0.000006856
      2291.0   0.000006985
      2292.0   0.000001737
      2293.0   0.000001280
      2294.0   0.000000752
      2295.0   0.000000000
      2296.0   0.000000890
      2297.0   0.000000729
      2298.0   0.000004090
      2299.0   0.000002332
      2300.0   0.000000000
      2301.0   0.000005139
      2302.0   0.000003279
      2303.0   0.000004159
      2304.0   0.000002379
      2305.0   0.000000015
      2306.0   0.000000000
      2307.0   0.000003485
      2308.0   0.000003000
      2309.0   0.000000559
      2310.0   0.000000000
      2311.0   0.000002168
      2312.0   0.000003851
      2313.0   0.000001514
      2314.0   0.000000000
      2315.0   0.000000000
      2316.0   0.000000000
      2317.0   0.000004407
      2318.0   0.000003744
      2319.0   0.000006773
      2320.0   0.000003581
      2321.0   0.000000000
      2322.0   0.000000000
      2323.0   0.000000578
      2324.0   0.000003734
      2325.0   0.000001995
      2326.0   0.000000000
      2327.0   0.000005688
      2328.0   0.000004298
      2329.0   0.000007244
      2330.0   0.000005523
      2331.0   0.000004975
      2332.0   0.000002372
      2333.0   0.000000000
      2334.0   0.000001402
      2335.0   0.000000824
      2336.0   0.000002807
      2337.0   0.000001649
      2338.0   0.000001583
      2339.0   0.000000930
      2340.0   0.000000000
      2341.0   0.000000000
      2342.0   0.000000977
      2343.0   0.000001606
      2344.0   0.000000606
      2345.0   0.000000484
      2346.0   0.000002355
      2347.0   0.000001217
      2348.0   0.000000000
      2349.0   0.000000000
      2350.0   0.000000000
      2351.0   0.000001072
      2352.0   0.000001133
      2353.0   0.000002066
      2354.0   0.000001040
      2355.0   0.000000000
      2356.0   0.000000000
      2357.0   0.000001307
      2358.0   0.000004850
      2359.0   0.000002399
      2360.0   0.000003793
      2361.0   0.000002229
      2362.0   0.000000000
      2363.0   0.000002279
      2364.0   0.000001339
      2365.0   0.000003993
      2366.0   0.000005794
      2367.0   0.000003122
      2368.0   0.000002094
      2369.0   0.000000852
      2370.0   0.000000697
      2371.0   0.000000410
      2372.0   0.000000000
      2373.0   0.000000000
      2374.0   0.000001900
      2375.0   0.000005723
      2376.0   0.000003021
      2377.0   0.000000185
      2378.0   0.000003829
      2379.0   0.000002250
      2380.0   0.000002876
      2381.0   0.000004862
      2382.0   0.000002057
      2383.0   0.000002194
      2384.0   0.000001222
      2385.0   0.000002007
      2386.0   0.000002293
      2387.0   0.000000655
      2388.0   0.000000000
      2389.0   0.000000000
      2390.0   0.000002945
      2391.0   0.000003004
      2392.0   0.000000749
      2393.0   0.000000000
      2394.0   0.000000000
      2395.0   0.000000315
      2396.0   0.000000185
      2397.0   0.000003725
      2398.0   0.000002189
      2399.0   0.000000000
      2400.0   0.000000000
      2401.0   0.000000000
      2402.0   0.000003308
      2403.0   0.000007825
      2404.0   0.000003456
      2405.0   0.000000000
      2406.0   0.000000000
      2407.0   0.000000000
      2408.0   0.000000000
      2409.0   0.000005041
      2410.0   0.000002962
      2411.0   0.000000000
      2412.0   0.000002513
      2413.0   0.000001477
      2414.0   0.000001002
      2415.0   0.000008396
      2416.0   0.000004588
      2417.0   0.000000000
      2418.0   0.000001111
      2419.0   0.000000653
      2420.0   0.000001907
      2421.0   0.000003211
      2422.0   0.000001908
      2423.0   0.000005082
      2424.0   0.000003886
      2425.0   0.000000667
      2426.0   0.000000000
      2427.0   0.000002763
      2428.0   0.000001623
      2429.0   0.000008577
      2430.0   0.000008300
      2431.0   0.000001916
      2432.0   0.000004799
      2433.0   0.000006357
      2434.0   0.000002078
      2435.0   0.000000000
      2436.0   0.000000000
      2437.0   0.000006684
      2438.0   0.000003927
      2439.0   0.000002433
      2440.0   0.000004776
      2441.0   0.000004764
      2442.0   0.000005995
      2443.0   0.000005309
      2444.0   0.000004195
      2445.0   0.000003971
      2446.0   0.000001444
      2447.0   0.000002189
      2448.0   0.000001286
      2449.0   0.000000925
      2450.0   0.000000543
      2451.0   0.000000000
      2452.0   0.000002772
      2453.0   0.000001629
      2454.0   0.000000979
      2455.0   0.000000575
      2456.0   0.000001444
      2457.0   0.000001464
      2458.0   0.000003853
      2459.0   0.000002968
      2460.0   0.000000538
      2461.0   0.000007117
      2462.0   0.000008007
      2463.0   0.000002248
      2464.0   0.000001177
      2465.0   0.000000692
      2466.0   0.000000000
      2467.0   0.000000000
      2468.0   0.000000000
      2469.0   0.000004830
      2470.0   0.000006226
      2471.0   0.000002642
      2472.0   0.000010774
      2473.0   0.000006106
      2474.0   0.000000000
      2475.0   0.000000000
      2476.0   0.000000000
      2477.0   0.000006199
      2478.0   0.000003643
      2479.0   0.000000000
      2480.0   0.000000000
      2481.0   0.000000000
      2482.0   0.000000000
      2483.0   0.000000000
      2484.0   0.000004209
      2485.0   0.000002473
      2486.0   0.000002842
      2487.0   0.000001670
      2488.0   0.000000000
      2489.0   0.000000000
      2490.0   0.000000000
      2491.0   0.000001227
      2492.0   0.000001226
      2493.0   0.000001519
      2494.0   0.000005298
      2495.0   0.000002691
      2496.0   0.000001623
      2497.0   0.000000954
      2498.0   0.000000053
      2499.0   0.000000031
      2500.0   0.000000000
      2501.0   0.000003978
      2502.0   0.000002337
      2503.0   0.000000000
      2504.0   0.000004126
      2505.0   0.000002424
      2506.0   0.000000000
      2507.0   0.000001545
      2508.0   0.000003469
      2509.0   0.000001505
      2510.0   0.000004949
      2511.0   0.000002908
      2512.0   0.000000000
      2513.0   0.000001285
      2514.0   0.000000755
      2515.0   0.000000000
      2516.0   0.000000000
      2517.0   0.000003747
      2518.0   0.000002201
      2519.0   0.000005533
      2520.0   0.000004350
      2521.0   0.000000646
      2522.0   0.000001491
      2523.0   0.000002152
      2524.0   0.000000750
      2525.0   0.000000000
      2526.0   0.000000000
      2527.0   0.000002518
      2528.0   0.000002324
      2529.0   0.000003577
      2530.0   0.000002364
      2531.0   0.000001850
      2532.0   0.000000896
      2533.0   0.000004463
      2534.0   0.000006629
      2535.0   0.000002354
      2536.0   0.000003997
      2537.0   0.000002349
      2538.0   0.000000000
      2539.0   0.000000000
      2540.0   0.000004410
      2541.0   0.000005981
      2542.0   0.000005323
      2543.0   0.000001958
      2544.0   0.000001873
      2545.0   0.000001101
      2546.0   0.000000805
      2547.0   0.000005269
      2548.0   0.000003846
      2549.0   0.000003751
      2550.0   0.000001888
      2551.0   0.000002409
      2552.0   0.000006451
      2553.0   0.000002967
      2554.0   0.000003573
      2555.0   0.000002099
      2556.0   0.000000000
      2557.0   0.000000000
      2558.0   0.000000000
      2559.0   0.000000000
      2560.0   0.000000000
      2561.0   0.000000000
      2562.0   0.000000000
      2563.0   0.000000000
      2564.0   0.000000000
      2565.0   0.000000000
      2566.0   0.000000000
      2567.0   0.000004192
      2568.0   0.000005055
      2569.0   0.000001523
      2570.0   0.000000000
      2571.0   0.000005966
      2572.0   0.000012140
      2573.0   0.000005321
      2574.0   0.000011169
      2575.0   0.000006477
      2576.0   0.000000000
      2577.0   0.000000599
      2578.0   0.000000352
      2579.0   0.000000000
      2580.0   0.000009893
      2581.0   0.000005813
      2582.0   0.000000000
      2583.0   0.000000564
      2584.0   0.000000331
      2585.0   0.000007892
      2586.0   0.000004637
      2587.0   0.000007939
      2588.0   0.000008934
      2589.0   0.000002509
      2590.0   0.000000808
      2591.0   0.000000475
      2592.0   0.000000000
      2593.0   0.000000000
      2594.0   0.000000000
      2595.0   0.000000000
      2596.0   0.000000563
      2597.0   0.000004313
      2598.0   0.000014144
      2599.0   0.000023373
      2600.0   0.000018285
      2601.0   0.000021467
      2602.0   0.000009636
      2603.0   0.000001189
      2604.0   0.000000699
      2605.0   0.000017438
      2606.0   0.000014158
      2607.0   0.000015112
      2608.0   0.000007530
      2609.0   0.000000000
      2610.0   0.000008354
      2611.0   0.000006209
      2612.0   0.000017176
      2613.0   0.000009644
      2614.0   0.000000000
      2615.0   0.000004503
      2616.0   0.000020982
      2617.0   0.000010774
      2618.0   0.000002192
      2619.0   0.000004194
      2620.0   0.000007789
      2621.0   0.000003574
      2622.0   0.000009758
      2623.0   0.000011385
      2624.0   0.000016139
      2625.0   0.000015888
      2626.0   0.000028476
      2627.0   0.000033034
      2628.0   0.000035662
      2629.0   0.000037554
      2630.0   0.000051357
      2631.0   0.000042645
      2632.0   0.000051573
      2633.0   0.000050084
      2634.0   0.000060658
      2635.0   0.000063298
      2636.0   0.000075226
      2637.0   0.000064386
      2638.0   0.000062409
      2639.0   0.000070762
      2640.0   0.000067142
      2641.0   0.000074954
      2642.0   0.000060040
      2643.0   0.000074260
      2644.0   0.000071424
      2645.0   0.000076276
      2646.0   0.000078237
      2647.0   0.000085512
      2648.0   0.000076996
      2649.0   0.000070675
      2650.0   0.000075783
      2651.0   0.000028818
      2652.0   0.000000000
      2653.0   0.000000000
      2654.0   0.000000000
      2655.0   0.000000000
      2656.0   0.000000000
      2657.0   0.000000000
      2658.0   0.000000000
      2659.0   0.000000000
      2660.0   0.000000000
      2661.0   0.000000000
      2662.0   0.000000000
      2663.0   0.000000000
      2664.0   0.000000000
      2665.0   0.000000000
      2666.0   0.000000000
      2667.0   0.000000000
      2668.0   0.000000000
      2669.0   0.000000000
      2670.0   0.000000000
      2671.0   0.000000000
      2672.0   0.000000000
      2673.0   0.000000000
      2674.0   0.000000000
      2675.0   0.000000000
      2676.0   0.000000000
      2677.0   0.000000000
      2678.0   0.000000000
      2679.0   0.000000000
      2680.0   0.000000000
      2681.0   0.000000000
      2682.0   0.000000000
      2683.0   0.000000000
      2684.0   0.000000000
      2685.0   0.000000000
      2686.0   0.000000000
      2687.0   0.000000000
      2688.0   0.000000000
      2689.0   0.000000000
      2690.0   0.000000000
      2691.0   0.000000000
      2692.0   0.000000000
      2693.0   0.000000000
      2694.0   0.000000000
      2695.0   0.000000000
      2696.0   0.000000000
      2697.0   0.000000000
      2698.0   0.000000000
      2699.0   0.000000000
      2700.0   0.000000000
