#                                                          
# SPHERE/IRDIS NB N_CntJ filter transmission               
#                                                          
# Updated with final values on 2015-04-16 by Arthur Vigan  
# For any information, please contact <arthur.vigan@lam.fr>
#                                                          
# wavelength   N_CntJ                                      
#                                                          
       400.0   0.000000000
       401.0   0.000000000
       402.0   0.000000033
       403.0   0.000000161
       404.0   0.000000058
       405.0   0.000000000
       406.0   0.000000000
       407.0   0.000000000
       408.0   0.000000000
       409.0   0.000000000
       410.0   0.000000038
       411.0   0.000000015
       412.0   0.000000000
       413.0   0.000000000
       414.0   0.000000000
       415.0   0.000000000
       416.0   0.000000000
       417.0   0.000000000
       418.0   0.000000032
       419.0   0.000000054
       420.0   0.000000016
       421.0   0.000000000
       422.0   0.000000002
       423.0   0.000000001
       424.0   0.000000000
       425.0   0.000000000
       426.0   0.000000000
       427.0   0.000000000
       428.0   0.000000000
       429.0   0.000000000
       430.0   0.000000012
       431.0   0.000000005
       432.0   0.000000000
       433.0   0.000000000
       434.0   0.000000000
       435.0   0.000000024
       436.0   0.000000009
       437.0   0.000000001
       438.0   0.000000000
       439.0   0.000000014
       440.0   0.000000014
       441.0   0.000000003
       442.0   0.000000060
       443.0   0.000000023
       444.0   0.000000000
       445.0   0.000000000
       446.0   0.000000029
       447.0   0.000000011
       448.0   0.000000000
       449.0   0.000000000
       450.0   0.000000000
       451.0   0.000000002
       452.0   0.000000001
       453.0   0.000000000
       454.0   0.000000034
       455.0   0.000000013
       456.0   0.000000074
       457.0   0.000000069
       458.0   0.000000016
       459.0   0.000000008
       460.0   0.000000040
       461.0   0.000000015
       462.0   0.000000000
       463.0   0.000000000
       464.0   0.000000036
       465.0   0.000000014
       466.0   0.000000000
       467.0   0.000000038
       468.0   0.000000015
       469.0   0.000000007
       470.0   0.000000003
       471.0   0.000000000
       472.0   0.000000013
       473.0   0.000000005
       474.0   0.000000000
       475.0   0.000000000
       476.0   0.000000014
       477.0   0.000000006
       478.0   0.000000000
       479.0   0.000000000
       480.0   0.000000000
       481.0   0.000000000
       482.0   0.000000020
       483.0   0.000000008
       484.0   0.000000008
       485.0   0.000000003
       486.0   0.000000001
       487.0   0.000000001
       488.0   0.000000000
       489.0   0.000000000
       490.0   0.000000000
       491.0   0.000000000
       492.0   0.000000000
       493.0   0.000000000
       494.0   0.000000000
       495.0   0.000000000
       496.0   0.000000000
       497.0   0.000000000
       498.0   0.000000000
       499.0   0.000000000
       500.0   0.000000000
       501.0   0.000000000
       502.0   0.000000007
       503.0   0.000000003
       504.0   0.000000000
       505.0   0.000000009
       506.0   0.000000004
       507.0   0.000000044
       508.0   0.000000034
       509.0   0.000000007
       510.0   0.000000000
       511.0   0.000000000
       512.0   0.000000000
       513.0   0.000000000
       514.0   0.000000000
       515.0   0.000000000
       516.0   0.000000033
       517.0   0.000000013
       518.0   0.000000002
       519.0   0.000000001
       520.0   0.000000000
       521.0   0.000000000
       522.0   0.000000000
       523.0   0.000000000
       524.0   0.000000000
       525.0   0.000000000
       526.0   0.000000000
       527.0   0.000000000
       528.0   0.000000000
       529.0   0.000000000
       530.0   0.000000000
       531.0   0.000000000
       532.0   0.000000017
       533.0   0.000000007
       534.0   0.000000000
       535.0   0.000000054
       536.0   0.000000021
       537.0   0.000000000
       538.0   0.000000043
       539.0   0.000000017
       540.0   0.000000014
       541.0   0.000000006
       542.0   0.000000000
       543.0   0.000000000
       544.0   0.000000000
       545.0   0.000000000
       546.0   0.000000000
       547.0   0.000000000
       548.0   0.000000000
       549.0   0.000000000
       550.0   0.000000039
       551.0   0.000000079
       552.0   0.000000025
       553.0   0.000000000
       554.0   0.000000096
       555.0   0.000000038
       556.0   0.000000029
       557.0   0.000000011
       558.0   0.000000000
       559.0   0.000000039
       560.0   0.000000015
       561.0   0.000000000
       562.0   0.000000026
       563.0   0.000000010
       564.0   0.000000000
       565.0   0.000000000
       566.0   0.000000000
       567.0   0.000000049
       568.0   0.000000027
       569.0   0.000000003
       570.0   0.000000000
       571.0   0.000000000
       572.0   0.000000000
       573.0   0.000000005
       574.0   0.000000002
       575.0   0.000000000
       576.0   0.000000000
       577.0   0.000000000
       578.0   0.000000000
       579.0   0.000000000
       580.0   0.000000000
       581.0   0.000000000
       582.0   0.000000000
       583.0   0.000000034
       584.0   0.000000015
       585.0   0.000000001
       586.0   0.000000000
       587.0   0.000000000
       588.0   0.000000008
       589.0   0.000000055
       590.0   0.000000020
       591.0   0.000000031
       592.0   0.000000012
       593.0   0.000000086
       594.0   0.000000033
       595.0   0.000000016
       596.0   0.000000062
       597.0   0.000000022
       598.0   0.000000040
       599.0   0.000000016
       600.0   0.000000016
       601.0   0.000000006
       602.0   0.000000002
       603.0   0.000000001
       604.0   0.000000000
       605.0   0.000000045
       606.0   0.000000018
       607.0   0.000000000
       608.0   0.000000000
       609.0   0.000000000
       610.0   0.000000000
       611.0   0.000000000
       612.0   0.000000000
       613.0   0.000000000
       614.0   0.000000000
       615.0   0.000000000
       616.0   0.000000040
       617.0   0.000000015
       618.0   0.000000000
       619.0   0.000000093
       620.0   0.000000036
       621.0   0.000000024
       622.0   0.000000009
       623.0   0.000000036
       624.0   0.000000014
       625.0   0.000000028
       626.0   0.000000011
       627.0   0.000000044
       628.0   0.000000017
       629.0   0.000000019
       630.0   0.000000007
       631.0   0.000000000
       632.0   0.000000007
       633.0   0.000000003
       634.0   0.000000000
       635.0   0.000000000
       636.0   0.000000000
       637.0   0.000000014
       638.0   0.000000038
       639.0   0.000000052
       640.0   0.000000053
       641.0   0.000000033
       642.0   0.000000007
       643.0   0.000000000
       644.0   0.000000000
       645.0   0.000000000
       646.0   0.000000000
       647.0   0.000000000
       648.0   0.000000000
       649.0   0.000000000
       650.0   0.000000000
       651.0   0.000000013
       652.0   0.000000014
       653.0   0.000000004
       654.0   0.000000000
       655.0   0.000000000
       656.0   0.000000065
       657.0   0.000000025
       658.0   0.000000059
       659.0   0.000000023
       660.0   0.000000000
       661.0   0.000000000
       662.0   0.000000000
       663.0   0.000000201
       664.0   0.000000517
       665.0   0.000000863
       666.0   0.000000528
       667.0   0.000000132
       668.0   0.000000108
       669.0   0.000000398
       670.0   0.000000912
       671.0   0.000001844
       672.0   0.000002481
       673.0   0.000002011
       674.0   0.000001173
       675.0   0.000001016
       676.0   0.000002520
       677.0   0.000005959
       678.0   0.000009338
       679.0   0.000011298
       680.0   0.000012649
       681.0   0.000011814
       682.0   0.000008763
       683.0   0.000006247
       684.0   0.000005985
       685.0   0.000007865
       686.0   0.000010247
       687.0   0.000011199
       688.0   0.000011599
       689.0   0.000014184
       690.0   0.000017764
       691.0   0.000016455
       692.0   0.000010685
       693.0   0.000005746
       694.0   0.000003829
       695.0   0.000003417
       696.0   0.000003531
       697.0   0.000003595
       698.0   0.000003483
       699.0   0.000004039
       700.0   0.000005134
       701.0   0.000006627
       702.0   0.000008461
       703.0   0.000009482
       704.0   0.000009242
       705.0   0.000007358
       706.0   0.000004845
       707.0   0.000002830
       708.0   0.000001433
       709.0   0.000000538
       710.0   0.000000395
       711.0   0.000000251
       712.0   0.000000324
       713.0   0.000000672
       714.0   0.000000813
       715.0   0.000000524
       716.0   0.000000114
       717.0   0.000000000
       718.0   0.000000000
       719.0   0.000000000
       720.0   0.000000000
       721.0   0.000000018
       722.0   0.000000007
       723.0   0.000000000
       724.0   0.000000000
       725.0   0.000000009
       726.0   0.000000027
       727.0   0.000000009
       728.0   0.000000024
       729.0   0.000000056
       730.0   0.000000018
       731.0   0.000000000
       732.0   0.000000000
       733.0   0.000000000
       734.0   0.000000064
       735.0   0.000000025
       736.0   0.000000000
       737.0   0.000000096
       738.0   0.000000038
       739.0   0.000000064
       740.0   0.000000025
       741.0   0.000000004
       742.0   0.000000002
       743.0   0.000000000
       744.0   0.000000000
       745.0   0.000000004
       746.0   0.000000065
       747.0   0.000000045
       748.0   0.000000008
       749.0   0.000000000
       750.0   0.000000000
       751.0   0.000000054
       752.0   0.000000021
       753.0   0.000000015
       754.0   0.000000006
       755.0   0.000000000
       756.0   0.000000000
       757.0   0.000000000
       758.0   0.000000000
       759.0   0.000000000
       760.0   0.000000035
       761.0   0.000000165
       762.0   0.000000059
       763.0   0.000000000
       764.0   0.000000000
       765.0   0.000000000
       766.0   0.000000000
       767.0   0.000000000
       768.0   0.000000000
       769.0   0.000000000
       770.0   0.000000000
       771.0   0.000000000
       772.0   0.000000040
       773.0   0.000000016
       774.0   0.000000000
       775.0   0.000000000
       776.0   0.000000000
       777.0   0.000000000
       778.0   0.000000000
       779.0   0.000000006
       780.0   0.000000002
       781.0   0.000000042
       782.0   0.000000016
       783.0   0.000000000
       784.0   0.000000000
       785.0   0.000000212
       786.0   0.000000125
       787.0   0.000000018
       788.0   0.000000001
       789.0   0.000000000
       790.0   0.000000000
       791.0   0.000000000
       792.0   0.000000000
       793.0   0.000000019
       794.0   0.000000007
       795.0   0.000000020
       796.0   0.000000078
       797.0   0.000000027
       798.0   0.000000000
       799.0   0.000000005
       800.0   0.000000002
       801.0   0.000000000
       802.0   0.000000000
       803.0   0.000000000
       804.0   0.000000000
       805.0   0.000000000
       806.0   0.000000071
       807.0   0.000000028
       808.0   0.000000044
       809.0   0.000000109
       810.0   0.000000036
       811.0   0.000000000
       812.0   0.000000000
       813.0   0.000000077
       814.0   0.000000030
       815.0   0.000000020
       816.0   0.000000008
       817.0   0.000000039
       818.0   0.000000015
       819.0   0.000000000
       820.0   0.000000071
       821.0   0.000000094
       822.0   0.000000032
       823.0   0.000000003
       824.0   0.000000140
       825.0   0.000000054
       826.0   0.000000008
       827.0   0.000000003
       828.0   0.000000000
       829.0   0.000000000
       830.0   0.000000000
       831.0   0.000000000
       832.0   0.000000275
       833.0   0.000000136
       834.0   0.000000063
       835.0   0.000000020
       836.0   0.000000000
       837.0   0.000000000
       838.0   0.000000000
       839.0   0.000000000
       840.0   0.000000000
       841.0   0.000000527
       842.0   0.000000205
       843.0   0.000000052
       844.0   0.000000050
       845.0   0.000000012
       846.0   0.000000000
       847.0   0.000000124
       848.0   0.000000277
       849.0   0.000000089
       850.0   0.000000000
       851.0   0.000000000
       852.0   0.000000232
       853.0   0.000000604
       854.0   0.000000914
       855.0   0.000000775
       856.0   0.000000193
       857.0   0.000000233
       858.0   0.000000182
       859.0   0.000000036
       860.0   0.000000778
       861.0   0.000000320
       862.0   0.000000007
       863.0   0.000000091
       864.0   0.000000036
       865.0   0.000000268
       866.0   0.000000126
       867.0   0.000000009
       868.0   0.000000000
       869.0   0.000000000
       870.0   0.000000000
       871.0   0.000000000
       872.0   0.000001886
       873.0   0.000000734
       874.0   0.000000238
       875.0   0.000000093
       876.0   0.000000000
       877.0   0.000000000
       878.0   0.000002493
       879.0   0.000001404
       880.0   0.000001288
       881.0   0.000000469
       882.0   0.000000013
       883.0   0.000000000
       884.0   0.000000907
       885.0   0.000000353
       886.0   0.000000000
       887.0   0.000002831
       888.0   0.000002214
       889.0   0.000001085
       890.0   0.000000254
       891.0   0.000000227
       892.0   0.000000088
       893.0   0.000003132
       894.0   0.000005558
       895.0   0.000003087
       896.0   0.000000544
       897.0   0.000000755
       898.0   0.000000294
       899.0   0.000000000
       900.0   0.000000000
       901.0   0.000000000
       902.0   0.000000000
       903.0   0.000000815
       904.0   0.000000317
       905.0   0.000000151
       906.0   0.000000059
       907.0   0.000007083
       908.0   0.000004521
       909.0   0.000000823
       910.0   0.000004283
       911.0   0.000002510
       912.0   0.000000336
       913.0   0.000005938
       914.0   0.000007232
       915.0   0.000003032
       916.0   0.000000435
       917.0   0.000000000
       918.0   0.000000000
       919.0   0.000000000
       920.0   0.000000846
       921.0   0.000000329
       922.0   0.000004962
       923.0   0.000006571
       924.0   0.000001805
       925.0   0.000000000
       926.0   0.000006797
       927.0   0.000010585
       928.0   0.000008598
       929.0   0.000002302
       930.0   0.000000062
       931.0   0.000000000
       932.0   0.000000000
       933.0   0.000002094
       934.0   0.000006347
       935.0   0.000002152
       936.0   0.000000000
       937.0   0.000002799
       938.0   0.000001089
       939.0   0.000002886
       940.0   0.000001123
       941.0   0.000000000
       942.0   0.000000000
       943.0   0.000000000
       944.0   0.000008867
       945.0   0.000006377
       946.0   0.000001139
       947.0   0.000000000
       948.0   0.000004107
       949.0   0.000007919
       950.0   0.000002459
       951.0   0.000008465
       952.0   0.000004437
       953.0   0.000003282
       954.0   0.000003327
       955.0   0.000000865
       956.0   0.000000000
       957.0   0.000001139
       958.0   0.000001280
       959.0   0.000000326
       960.0   0.000002465
       961.0   0.000000959
       962.0   0.000004493
       963.0   0.000001747
       964.0   0.000005540
       965.0   0.000002155
       966.0   0.000000000
       967.0   0.000000000
       968.0   0.000000000
       969.0   0.000002066
       970.0   0.000007532
       971.0   0.000002617
       972.0   0.000000000
       973.0   0.000003912
       974.0   0.000001522
       975.0   0.000000000
       976.0   0.000003883
       977.0   0.000001511
       978.0   0.000002227
       979.0   0.000000866
       980.0   0.000001050
       981.0   0.000000605
       982.0   0.000000077
       983.0   0.000001520
       984.0   0.000000591
       985.0   0.000001555
       986.0   0.000001659
       987.0   0.000000410
       988.0   0.000000582
       989.0   0.000002320
       990.0   0.000000821
       991.0   0.000000828
       992.0   0.000000321
       993.0   0.000000000
       994.0   0.000000000
       995.0   0.000001105
       996.0   0.000000973
       997.0   0.000005136
       998.0   0.000009047
       999.0   0.000003555
      1000.0   0.000001913
      1001.0   0.000000626
      1002.0   0.000000000
      1003.0   0.000005134
      1004.0   0.000001997
      1005.0   0.000003580
      1006.0   0.000002122
      1007.0   0.000000284
      1008.0   0.000000000
      1009.0   0.000000641
      1010.0   0.000000250
      1011.0   0.000000000
      1012.0   0.000000000
      1013.0   0.000000000
      1014.0   0.000000000
      1015.0   0.000003240
      1016.0   0.000002248
      1017.0   0.000000384
      1018.0   0.000001786
      1019.0   0.000000695
      1020.0   0.000000000
      1021.0   0.000005036
      1022.0   0.000004536
      1023.0   0.000001003
      1024.0   0.000005826
      1025.0   0.000006693
      1026.0   0.000002485
      1027.0   0.000005172
      1028.0   0.000002418
      1029.0   0.000014011
      1030.0   0.000015511
      1031.0   0.000004969
      1032.0   0.000005110
      1033.0   0.000003741
      1034.0   0.000005779
      1035.0   0.000006187
      1036.0   0.000010866
      1037.0   0.000007664
      1038.0   0.000003664
      1039.0   0.000005602
      1040.0   0.000001865
      1041.0   0.000001658
      1042.0   0.000004153
      1043.0   0.000001519
      1044.0   0.000000060
      1045.0   0.000005125
      1046.0   0.000012158
      1047.0   0.000009319
      1048.0   0.000004297
      1049.0   0.000007067
      1050.0   0.000002414
      1051.0   0.000000000
      1052.0   0.000000000
      1053.0   0.000007591
      1054.0   0.000002953
      1055.0   0.000006380
      1056.0   0.000002482
      1057.0   0.000007132
      1058.0   0.000015717
      1059.0   0.000005034
      1060.0   0.000009097
      1061.0   0.000005675
      1062.0   0.000006254
      1063.0   0.000004944
      1064.0   0.000003498
      1065.0   0.000000932
      1066.0   0.000001518
      1067.0   0.000001689
      1068.0   0.000001653
      1069.0   0.000007336
      1070.0   0.000004381
      1071.0   0.000004720
      1072.0   0.000003317
      1073.0   0.000007836
      1074.0   0.000005913
      1075.0   0.000004755
      1076.0   0.000001376
      1077.0   0.000005219
      1078.0   0.000007475
      1079.0   0.000002118
      1080.0   0.000009820
      1081.0   0.000008629
      1082.0   0.000009384
      1083.0   0.000014157
      1084.0   0.000004370
      1085.0   0.000001939
      1086.0   0.000009983
      1087.0   0.000007559
      1088.0   0.000007640
      1089.0   0.000005190
      1090.0   0.000001097
      1091.0   0.000000970
      1092.0   0.000006496
      1093.0   0.000002380
      1094.0   0.000003613
      1095.0   0.000002405
      1096.0   0.000000389
      1097.0   0.000002972
      1098.0   0.000002247
      1099.0   0.000000424
      1100.0   0.000001425
      1101.0   0.000000554
      1102.0   0.000001454
      1103.0   0.000003126
      1104.0   0.000000996
      1105.0   0.000002639
      1106.0   0.000004150
      1107.0   0.000001215
      1108.0   0.000003011
      1109.0   0.000001171
      1110.0   0.000000147
      1111.0   0.000000676
      1112.0   0.000002626
      1113.0   0.000002539
      1114.0   0.000004110
      1115.0   0.000001355
      1116.0   0.000000000
      1117.0   0.000001468
      1118.0   0.000001095
      1119.0   0.000001625
      1120.0   0.000005402
      1121.0   0.000006999
      1122.0   0.000001989
      1123.0   0.000000000
      1124.0   0.000004120
      1125.0   0.000001602
      1126.0   0.000000000
      1127.0   0.000000938
      1128.0   0.000000365
      1129.0   0.000002113
      1130.0   0.000005776
      1131.0   0.000005523
      1132.0   0.000005702
      1133.0   0.000004012
      1134.0   0.000000910
      1135.0   0.000006516
      1136.0   0.000004670
      1137.0   0.000000831
      1138.0   0.000003911
      1139.0   0.000012891
      1140.0   0.000006314
      1141.0   0.000007036
      1142.0   0.000008567
      1143.0   0.000007519
      1144.0   0.000002561
      1145.0   0.000003499
      1146.0   0.000007812
      1147.0   0.000006202
      1148.0   0.000005690
      1149.0   0.000012002
      1150.0   0.000004023
      1151.0   0.000004305
      1152.0   0.000001674
      1153.0   0.000010124
      1154.0   0.000009152
      1155.0   0.000011994
      1156.0   0.000022487
      1157.0   0.000023253
      1158.0   0.000016686
      1159.0   0.000016197
      1160.0   0.000014569
      1161.0   0.000020664
      1162.0   0.000028154
      1163.0   0.000026279
      1164.0   0.000029624
      1165.0   0.000030112
      1166.0   0.000040996
      1167.0   0.000037529
      1168.0   0.000040642
      1169.0   0.000052155
      1170.0   0.000059672
      1171.0   0.000055888
      1172.0   0.000063449
      1173.0   0.000087714
      1174.0   0.000091215
      1175.0   0.000105782
      1176.0   0.000123022
      1177.0   0.000151880
      1178.0   0.000174694
      1179.0   0.000199035
      1180.0   0.000238262
      1181.0   0.000284030
      1182.0   0.000344304
      1183.0   0.000419472
      1184.0   0.000508404
      1185.0   0.000624496
      1186.0   0.000776560
      1187.0   0.000973712
      1188.0   0.001231220
      1189.0   0.001602760
      1190.0   0.002096960
      1191.0   0.002800180
      1192.0   0.003819360
      1193.0   0.005338490
      1194.0   0.007899290
      1195.0   0.011797600
      1196.0   0.017791500
      1197.0   0.027046699
      1198.0   0.040789299
      1199.0   0.058578800
      1200.0   0.084909797
      1201.0   0.129696995
      1202.0   0.202753007
      1203.0   0.307280988
      1204.0   0.450893998
      1205.0   0.605400026
      1206.0   0.729164004
      1207.0   0.804569006
      1208.0   0.837669015
      1209.0   0.848980010
      1210.0   0.854014993
      1211.0   0.857869983
      1212.0   0.859767020
      1213.0   0.856939971
      1214.0   0.847956002
      1215.0   0.833594978
      1216.0   0.816088974
      1217.0   0.795315981
      1218.0   0.763975024
      1219.0   0.711139023
      1220.0   0.619265020
      1221.0   0.493550986
      1222.0   0.363303989
      1223.0   0.252546012
      1224.0   0.169817999
      1225.0   0.115140997
      1226.0   0.079261400
      1227.0   0.055667099
      1228.0   0.037858400
      1229.0   0.025283501
      1230.0   0.017231900
      1231.0   0.012057600
      1232.0   0.008577650
      1233.0   0.006173890
      1234.0   0.004530210
      1235.0   0.003408720
      1236.0   0.002591440
      1237.0   0.001991520
      1238.0   0.001558750
      1239.0   0.001229740
      1240.0   0.000972476
      1241.0   0.000781518
      1242.0   0.000638841
      1243.0   0.000525262
      1244.0   0.000437861
      1245.0   0.000366875
      1246.0   0.000307176
      1247.0   0.000259507
      1248.0   0.000221117
      1249.0   0.000188745
      1250.0   0.000159918
      1251.0   0.000141283
      1252.0   0.000120760
      1253.0   0.000108311
      1254.0   0.000094310
      1255.0   0.000078046
      1256.0   0.000064076
      1257.0   0.000059470
      1258.0   0.000060495
      1259.0   0.000049990
      1260.0   0.000039603
      1261.0   0.000043441
      1262.0   0.000030074
      1263.0   0.000036287
      1264.0   0.000030798
      1265.0   0.000031974
      1266.0   0.000024321
      1267.0   0.000019038
      1268.0   0.000012155
      1269.0   0.000014845
      1270.0   0.000018900
      1271.0   0.000017799
      1272.0   0.000021897
      1273.0   0.000021719
      1274.0   0.000014194
      1275.0   0.000010449
      1276.0   0.000011176
      1277.0   0.000008136
      1278.0   0.000012180
      1279.0   0.000011216
      1280.0   0.000011089
      1281.0   0.000008591
      1282.0   0.000003566
      1283.0   0.000003015
      1284.0   0.000006867
      1285.0   0.000002302
      1286.0   0.000007146
      1287.0   0.000009780
      1288.0   0.000008313
      1289.0   0.000006056
      1290.0   0.000006286
      1291.0   0.000001907
      1292.0   0.000003576
      1293.0   0.000004278
      1294.0   0.000007245
      1295.0   0.000003228
      1296.0   0.000000970
      1297.0   0.000000662
      1298.0   0.000005184
      1299.0   0.000005477
      1300.0   0.000001371
      1301.0   0.000001306
      1302.0   0.000006914
      1303.0   0.000002492
      1304.0   0.000004064
      1305.0   0.000010563
      1306.0   0.000003494
      1307.0   0.000002614
      1308.0   0.000001233
      1309.0   0.000002677
      1310.0   0.000004540
      1311.0   0.000001374
      1312.0   0.000011483
      1313.0   0.000005840
      1314.0   0.000001145
      1315.0   0.000008822
      1316.0   0.000009057
      1317.0   0.000004151
      1318.0   0.000000750
      1319.0   0.000002758
      1320.0   0.000001721
      1321.0   0.000007551
      1322.0   0.000007801
      1323.0   0.000002805
      1324.0   0.000003199
      1325.0   0.000010834
      1326.0   0.000003781
      1327.0   0.000000000
      1328.0   0.000002087
      1329.0   0.000000812
      1330.0   0.000001296
      1331.0   0.000002763
      1332.0   0.000004841
      1333.0   0.000001541
      1334.0   0.000000485
      1335.0   0.000002716
      1336.0   0.000000983
      1337.0   0.000000000
      1338.0   0.000006309
      1339.0   0.000002454
      1340.0   0.000002933
      1341.0   0.000001331
      1342.0   0.000005027
      1343.0   0.000009322
      1344.0   0.000002877
      1345.0   0.000003536
      1346.0   0.000001421
      1347.0   0.000000018
      1348.0   0.000000849
      1349.0   0.000005352
      1350.0   0.000005285
      1351.0   0.000001296
      1352.0   0.000006529
      1353.0   0.000002540
      1354.0   0.000000000
      1355.0   0.000000000
      1356.0   0.000000000
      1357.0   0.000000000
      1358.0   0.000003462
      1359.0   0.000001347
      1360.0   0.000001802
      1361.0   0.000003102
      1362.0   0.000000934
      1363.0   0.000005021
      1364.0   0.000001953
      1365.0   0.000001945
      1366.0   0.000000757
      1367.0   0.000000000
      1368.0   0.000003147
      1369.0   0.000004510
      1370.0   0.000007798
      1371.0   0.000005647
      1372.0   0.000001210
      1373.0   0.000000000
      1374.0   0.000000000
      1375.0   0.000000000
      1376.0   0.000002065
      1377.0   0.000005230
      1378.0   0.000001722
      1379.0   0.000002334
      1380.0   0.000004515
      1381.0   0.000001403
      1382.0   0.000003572
      1383.0   0.000001389
      1384.0   0.000007386
      1385.0   0.000008694
      1386.0   0.000002264
      1387.0   0.000000000
      1388.0   0.000000000
      1389.0   0.000001666
      1390.0   0.000002030
      1391.0   0.000000538
      1392.0   0.000000000
      1393.0   0.000003222
      1394.0   0.000004223
      1395.0   0.000001155
      1396.0   0.000000000
      1397.0   0.000001036
      1398.0   0.000000403
      1399.0   0.000000000
      1400.0   0.000000000
      1401.0   0.000001781
      1402.0   0.000005388
      1403.0   0.000001827
      1404.0   0.000000049
      1405.0   0.000000019
      1406.0   0.000001761
      1407.0   0.000000685
      1408.0   0.000000000
      1409.0   0.000000000
      1410.0   0.000000000
      1411.0   0.000000000
      1412.0   0.000000484
      1413.0   0.000005951
      1414.0   0.000006069
      1415.0   0.000006295
      1416.0   0.000005287
      1417.0   0.000005774
      1418.0   0.000006621
      1419.0   0.000001903
      1420.0   0.000004182
      1421.0   0.000001627
      1422.0   0.000000000
      1423.0   0.000000000
      1424.0   0.000000000
      1425.0   0.000000000
      1426.0   0.000001141
      1427.0   0.000000444
      1428.0   0.000002827
      1429.0   0.000001100
      1430.0   0.000000000
      1431.0   0.000000000
      1432.0   0.000002814
      1433.0   0.000001094
      1434.0   0.000000000
      1435.0   0.000005530
      1436.0   0.000002151
      1437.0   0.000000018
      1438.0   0.000000007
      1439.0   0.000000000
      1440.0   0.000003559
      1441.0   0.000004904
      1442.0   0.000001369
      1443.0   0.000000000
      1444.0   0.000000000
      1445.0   0.000000460
      1446.0   0.000003449
      1447.0   0.000001272
      1448.0   0.000000000
      1449.0   0.000000178
      1450.0   0.000000069
      1451.0   0.000001864
      1452.0   0.000003195
      1453.0   0.000002789
      1454.0   0.000006984
      1455.0   0.000003775
      1456.0   0.000004795
      1457.0   0.000001663
      1458.0   0.000000000
      1459.0   0.000001766
      1460.0   0.000000687
      1461.0   0.000002159
      1462.0   0.000000840
      1463.0   0.000000000
      1464.0   0.000000000
      1465.0   0.000003920
      1466.0   0.000001525
      1467.0   0.000000000
      1468.0   0.000000000
      1469.0   0.000003395
      1470.0   0.000002591
      1471.0   0.000000494
      1472.0   0.000001682
      1473.0   0.000000654
      1474.0   0.000000000
      1475.0   0.000000000
      1476.0   0.000003474
      1477.0   0.000001351
      1478.0   0.000000000
      1479.0   0.000010795
      1480.0   0.000006369
      1481.0   0.000002307
      1482.0   0.000000569
      1483.0   0.000000000
      1484.0   0.000000000
      1485.0   0.000000445
      1486.0   0.000003228
      1487.0   0.000002703
      1488.0   0.000001314
      1489.0   0.000000282
      1490.0   0.000000000
      1491.0   0.000000000
      1492.0   0.000000000
      1493.0   0.000006756
      1494.0   0.000002628
      1495.0   0.000005206
      1496.0   0.000003677
      1497.0   0.000003407
      1498.0   0.000001075
      1499.0   0.000000000
      1500.0   0.000000000
      1501.0   0.000000000
      1502.0   0.000002771
      1503.0   0.000001078
      1504.0   0.000002525
      1505.0   0.000000982
      1506.0   0.000000000
      1507.0   0.000000000
      1508.0   0.000004921
      1509.0   0.000001914
      1510.0   0.000006089
      1511.0   0.000002368
      1512.0   0.000005247
      1513.0   0.000005565
      1514.0   0.000003783
      1515.0   0.000009264
      1516.0   0.000003238
      1517.0   0.000000000
      1518.0   0.000003704
      1519.0   0.000007324
      1520.0   0.000006054
      1521.0   0.000001465
      1522.0   0.000000000
      1523.0   0.000000000
      1524.0   0.000000000
      1525.0   0.000000000
      1526.0   0.000000306
      1527.0   0.000003449
      1528.0   0.000002475
      1529.0   0.000001750
      1530.0   0.000000502
      1531.0   0.000000000
      1532.0   0.000000216
      1533.0   0.000005899
      1534.0   0.000006100
      1535.0   0.000002022
      1536.0   0.000006453
      1537.0   0.000002430
      1538.0   0.000000000
      1539.0   0.000006031
      1540.0   0.000002346
      1541.0   0.000000000
      1542.0   0.000000000
      1543.0   0.000002762
      1544.0   0.000001516
      1545.0   0.000000433
      1546.0   0.000000102
      1547.0   0.000000000
      1548.0   0.000000000
      1549.0   0.000005417
      1550.0   0.000003050
      1551.0   0.000001168
      1552.0   0.000004446
      1553.0   0.000001608
      1554.0   0.000000000
      1555.0   0.000000000
      1556.0   0.000008011
      1557.0   0.000006703
      1558.0   0.000001395
      1559.0   0.000002201
      1560.0   0.000004179
      1561.0   0.000001292
      1562.0   0.000002990
      1563.0   0.000001423
      1564.0   0.000000101
      1565.0   0.000000000
      1566.0   0.000000000
      1567.0   0.000003817
      1568.0   0.000001485
      1569.0   0.000000028
      1570.0   0.000001922
      1571.0   0.000000743
      1572.0   0.000000000
      1573.0   0.000000171
      1574.0   0.000000066
      1575.0   0.000000000
      1576.0   0.000000000
      1577.0   0.000000000
      1578.0   0.000002788
      1579.0   0.000001084
      1580.0   0.000000000
      1581.0   0.000000000
      1582.0   0.000002581
      1583.0   0.000001004
      1584.0   0.000001458
      1585.0   0.000000567
      1586.0   0.000002190
      1587.0   0.000000852
      1588.0   0.000002343
      1589.0   0.000005229
      1590.0   0.000006821
      1591.0   0.000004300
      1592.0   0.000000895
      1593.0   0.000004369
      1594.0   0.000004179
      1595.0   0.000004919
      1596.0   0.000001538
      1597.0   0.000001025
      1598.0   0.000000399
      1599.0   0.000006247
      1600.0   0.000002430
      1601.0   0.000004139
      1602.0   0.000001610
      1603.0   0.000000000
      1604.0   0.000003527
      1605.0   0.000003032
      1606.0   0.000002948
      1607.0   0.000004182
      1608.0   0.000001278
      1609.0   0.000000000
      1610.0   0.000007075
      1611.0   0.000004669
      1612.0   0.000007245
      1613.0   0.000003382
      1614.0   0.000000332
      1615.0   0.000002262
      1616.0   0.000000880
      1617.0   0.000001072
      1618.0   0.000000417
      1619.0   0.000005763
      1620.0   0.000004707
      1621.0   0.000006268
      1622.0   0.000002065
      1623.0   0.000009903
      1624.0   0.000004938
      1625.0   0.000000423
      1626.0   0.000000000
      1627.0   0.000004981
      1628.0   0.000002614
      1629.0   0.000003245
      1630.0   0.000001160
      1631.0   0.000000000
      1632.0   0.000000000
      1633.0   0.000002348
      1634.0   0.000004787
      1635.0   0.000003870
      1636.0   0.000000919
      1637.0   0.000006728
      1638.0   0.000002617
      1639.0   0.000001528
      1640.0   0.000000594
      1641.0   0.000007225
      1642.0   0.000002810
      1643.0   0.000000000
      1644.0   0.000000000
      1645.0   0.000001120
      1646.0   0.000000436
      1647.0   0.000000000
      1648.0   0.000000319
      1649.0   0.000000124
      1650.0   0.000005782
      1651.0   0.000002249
      1652.0   0.000000000
      1653.0   0.000000000
      1654.0   0.000000000
      1655.0   0.000000000
      1656.0   0.000004790
      1657.0   0.000001863
      1658.0   0.000000535
      1659.0   0.000000208
      1660.0   0.000000000
      1661.0   0.000005392
      1662.0   0.000002097
      1663.0   0.000005467
      1664.0   0.000004335
      1665.0   0.000001831
      1666.0   0.000003572
      1667.0   0.000001344
      1668.0   0.000003587
      1669.0   0.000006291
      1670.0   0.000001910
      1671.0   0.000000000
      1672.0   0.000000000
      1673.0   0.000001233
      1674.0   0.000000480
      1675.0   0.000008203
      1676.0   0.000003191
      1677.0   0.000000000
      1678.0   0.000000000
      1679.0   0.000001677
      1680.0   0.000000652
      1681.0   0.000004057
      1682.0   0.000008492
      1683.0   0.000006748
      1684.0   0.000001579
      1685.0   0.000005766
      1686.0   0.000002288
      1687.0   0.000002811
      1688.0   0.000001086
      1689.0   0.000000000
      1690.0   0.000000000
      1691.0   0.000000000
      1692.0   0.000000000
      1693.0   0.000005371
      1694.0   0.000002089
      1695.0   0.000002894
      1696.0   0.000002226
      1697.0   0.000000428
      1698.0   0.000000000
      1699.0   0.000002092
      1700.0   0.000003872
      1701.0   0.000001190
      1702.0   0.000000267
      1703.0   0.000002416
      1704.0   0.000007412
      1705.0   0.000004192
      1706.0   0.000002058
      1707.0   0.000000550
      1708.0   0.000000000
      1709.0   0.000000000
      1710.0   0.000000000
      1711.0   0.000007129
      1712.0   0.000002773
      1713.0   0.000002527
      1714.0   0.000002319
      1715.0   0.000002910
      1716.0   0.000005747
      1717.0   0.000001874
      1718.0   0.000000709
      1719.0   0.000004863
      1720.0   0.000005355
      1721.0   0.000002632
      1722.0   0.000000484
      1723.0   0.000000000
      1724.0   0.000006532
      1725.0   0.000004812
      1726.0   0.000007624
      1727.0   0.000002622
      1728.0   0.000001136
      1729.0   0.000000991
      1730.0   0.000001675
      1731.0   0.000000568
      1732.0   0.000001579
      1733.0   0.000000614
      1734.0   0.000005209
      1735.0   0.000008795
      1736.0   0.000002633
      1737.0   0.000000000
      1738.0   0.000000000
      1739.0   0.000000091
      1740.0   0.000005215
      1741.0   0.000003177
      1742.0   0.000000452
      1743.0   0.000000333
      1744.0   0.000000129
      1745.0   0.000002053
      1746.0   0.000000798
      1747.0   0.000000744
      1748.0   0.000000289
      1749.0   0.000000000
      1750.0   0.000002655
      1751.0   0.000001033
      1752.0   0.000000000
      1753.0   0.000003146
      1754.0   0.000001224
      1755.0   0.000000000
      1756.0   0.000000549
      1757.0   0.000002445
      1758.0   0.000000868
      1759.0   0.000002890
      1760.0   0.000001124
      1761.0   0.000001720
      1762.0   0.000000669
      1763.0   0.000000000
      1764.0   0.000000000
      1765.0   0.000004094
      1766.0   0.000001592
      1767.0   0.000004062
      1768.0   0.000001580
      1769.0   0.000000000
      1770.0   0.000000000
      1771.0   0.000000966
      1772.0   0.000001587
      1773.0   0.000014541
      1774.0   0.000008710
      1775.0   0.000001568
      1776.0   0.000000120
      1777.0   0.000000000
      1778.0   0.000000000
      1779.0   0.000002351
      1780.0   0.000000915
      1781.0   0.000003682
      1782.0   0.000001432
      1783.0   0.000004860
      1784.0   0.000001890
      1785.0   0.000000000
      1786.0   0.000001443
      1787.0   0.000000561
      1788.0   0.000000995
      1789.0   0.000000387
      1790.0   0.000000000
      1791.0   0.000003098
      1792.0   0.000001850
      1793.0   0.000000251
      1794.0   0.000000000
      1795.0   0.000000000
      1796.0   0.000000000
      1797.0   0.000000000
      1798.0   0.000001975
      1799.0   0.000002648
      1800.0   0.000000731
      1801.0   0.000000000
      1802.0   0.000001143
      1803.0   0.000007157
      1804.0   0.000004237
      1805.0   0.000000632
      1806.0   0.000000000
      1807.0   0.000001611
      1808.0   0.000003183
      1809.0   0.000004340
      1810.0   0.000001346
      1811.0   0.000000017
      1812.0   0.000007807
      1813.0   0.000003105
      1814.0   0.000003407
      1815.0   0.000001315
      1816.0   0.000000000
      1817.0   0.000004564
      1818.0   0.000003373
      1819.0   0.000003393
      1820.0   0.000001078
      1821.0   0.000000000
      1822.0   0.000000000
      1823.0   0.000000484
      1824.0   0.000002420
      1825.0   0.000004836
      1826.0   0.000001544
      1827.0   0.000002938
      1828.0   0.000001143
      1829.0   0.000004452
      1830.0   0.000001732
      1831.0   0.000000000
      1832.0   0.000000020
      1833.0   0.000003281
      1834.0   0.000003650
      1835.0   0.000002832
      1836.0   0.000002563
      1837.0   0.000002050
      1838.0   0.000006385
      1839.0   0.000009150
      1840.0   0.000002672
      1841.0   0.000000000
      1842.0   0.000001145
      1843.0   0.000000506
      1844.0   0.000000024
      1845.0   0.000000000
      1846.0   0.000000775
      1847.0   0.000000301
      1848.0   0.000003665
      1849.0   0.000005406
      1850.0   0.000004322
      1851.0   0.000001079
      1852.0   0.000002694
      1853.0   0.000001048
      1854.0   0.000001402
      1855.0   0.000004835
      1856.0   0.000003945
      1857.0   0.000000886
      1858.0   0.000000894
      1859.0   0.000004921
      1860.0   0.000006650
      1861.0   0.000004649
      1862.0   0.000007558
      1863.0   0.000002523
      1864.0   0.000000000
      1865.0   0.000003644
      1866.0   0.000001417
      1867.0   0.000000700
      1868.0   0.000000272
      1869.0   0.000000000
      1870.0   0.000008929
      1871.0   0.000003473
      1872.0   0.000005059
      1873.0   0.000001968
      1874.0   0.000003317
      1875.0   0.000006749
      1876.0   0.000002123
      1877.0   0.000000000
      1878.0   0.000001811
      1879.0   0.000000704
      1880.0   0.000000000
      1881.0   0.000000626
      1882.0   0.000000244
      1883.0   0.000001046
      1884.0   0.000002547
      1885.0   0.000000832
      1886.0   0.000000000
      1887.0   0.000000000
      1888.0   0.000003651
      1889.0   0.000005750
      1890.0   0.000001684
      1891.0   0.000001785
      1892.0   0.000001525
      1893.0   0.000000323
      1894.0   0.000001444
      1895.0   0.000000562
      1896.0   0.000000000
      1897.0   0.000002737
      1898.0   0.000003370
      1899.0   0.000000897
      1900.0   0.000000000
      1901.0   0.000000000
      1902.0   0.000000000
      1903.0   0.000000000
      1904.0   0.000000000
      1905.0   0.000000002
      1906.0   0.000004330
      1907.0   0.000006455
      1908.0   0.000008435
      1909.0   0.000002559
      1910.0   0.000000000
      1911.0   0.000001068
      1912.0   0.000000416
      1913.0   0.000000000
      1914.0   0.000002104
      1915.0   0.000002970
      1916.0   0.000004437
      1917.0   0.000003831
      1918.0   0.000002782
      1919.0   0.000000714
      1920.0   0.000000000
      1921.0   0.000000000
      1922.0   0.000000000
      1923.0   0.000000000
      1924.0   0.000000000
      1925.0   0.000006268
      1926.0   0.000002438
      1927.0   0.000000000
      1928.0   0.000000000
      1929.0   0.000000506
      1930.0   0.000000197
      1931.0   0.000011358
      1932.0   0.000004418
      1933.0   0.000001673
      1934.0   0.000004119
      1935.0   0.000001349
      1936.0   0.000002091
      1937.0   0.000008214
      1938.0   0.000002878
      1939.0   0.000003066
      1940.0   0.000001192
      1941.0   0.000000000
      1942.0   0.000000000
      1943.0   0.000000000
      1944.0   0.000002219
      1945.0   0.000000863
      1946.0   0.000000000
      1947.0   0.000003859
      1948.0   0.000003868
      1949.0   0.000000921
      1950.0   0.000003918
      1951.0   0.000001524
      1952.0   0.000000000
      1953.0   0.000000000
      1954.0   0.000000000
      1955.0   0.000005907
      1956.0   0.000002298
      1957.0   0.000003261
      1958.0   0.000001268
      1959.0   0.000000000
      1960.0   0.000003704
      1961.0   0.000001441
      1962.0   0.000000000
      1963.0   0.000001129
      1964.0   0.000002071
      1965.0   0.000000635
      1966.0   0.000000000
      1967.0   0.000004726
      1968.0   0.000001838
      1969.0   0.000000000
      1970.0   0.000000000
      1971.0   0.000000000
      1972.0   0.000000000
      1973.0   0.000001940
      1974.0   0.000002274
      1975.0   0.000000591
      1976.0   0.000004785
      1977.0   0.000001861
      1978.0   0.000002058
      1979.0   0.000000801
      1980.0   0.000003884
      1981.0   0.000003072
      1982.0   0.000000608
      1983.0   0.000000000
      1984.0   0.000006213
      1985.0   0.000004726
      1986.0   0.000001241
      1987.0   0.000003400
      1988.0   0.000001271
      1989.0   0.000000000
      1990.0   0.000002633
      1991.0   0.000004708
      1992.0   0.000001433
      1993.0   0.000006720
      1994.0   0.000008289
      1995.0   0.000003821
      1996.0   0.000004026
      1997.0   0.000002451
      1998.0   0.000000439
      1999.0   0.000000000
      2000.0   0.000000000
      2001.0   0.000000000
      2002.0   0.000000000
      2003.0   0.000000000
      2004.0   0.000000000
      2005.0   0.000000758
      2006.0   0.000000844
      2007.0   0.000001419
      2008.0   0.000000469
      2009.0   0.000002679
      2010.0   0.000003704
      2011.0   0.000001036
      2012.0   0.000006733
      2013.0   0.000007852
      2014.0   0.000002036
      2015.0   0.000001956
      2016.0   0.000000761
      2017.0   0.000000000
      2018.0   0.000001203
      2019.0   0.000000778
      2020.0   0.000000121
      2021.0   0.000000000
      2022.0   0.000001261
      2023.0   0.000000490
      2024.0   0.000000046
      2025.0   0.000000018
      2026.0   0.000000000
      2027.0   0.000003189
      2028.0   0.000001241
      2029.0   0.000000000
      2030.0   0.000003197
      2031.0   0.000001244
      2032.0   0.000000607
      2033.0   0.000000236
      2034.0   0.000000000
      2035.0   0.000000000
      2036.0   0.000000537
      2037.0   0.000000209
      2038.0   0.000005010
      2039.0   0.000005057
      2040.0   0.000001209
      2041.0   0.000005732
      2042.0   0.000002230
      2043.0   0.000000000
      2044.0   0.000000000
      2045.0   0.000000000
      2046.0   0.000000611
      2047.0   0.000000873
      2048.0   0.000000247
      2049.0   0.000000000
      2050.0   0.000003059
      2051.0   0.000001554
      2052.0   0.000005276
      2053.0   0.000002056
      2054.0   0.000000222
      2055.0   0.000003354
      2056.0   0.000001274
      2057.0   0.000000098
      2058.0   0.000000785
      2059.0   0.000000291
      2060.0   0.000001693
      2061.0   0.000000659
      2062.0   0.000003895
      2063.0   0.000001824
      2064.0   0.000004726
      2065.0   0.000002802
      2066.0   0.000000393
      2067.0   0.000000000
      2068.0   0.000000000
      2069.0   0.000004526
      2070.0   0.000004198
      2071.0   0.000000948
      2072.0   0.000000000
      2073.0   0.000000375
      2074.0   0.000002338
      2075.0   0.000000853
      2076.0   0.000000000
      2077.0   0.000003111
      2078.0   0.000001210
      2079.0   0.000000000
      2080.0   0.000000000
      2081.0   0.000005302
      2082.0   0.000005323
      2083.0   0.000001268
      2084.0   0.000001826
      2085.0   0.000000710
      2086.0   0.000003596
      2087.0   0.000001842
      2088.0   0.000000173
      2089.0   0.000000000
      2090.0   0.000001006
      2091.0   0.000000392
      2092.0   0.000000169
      2093.0   0.000004003
      2094.0   0.000001531
      2095.0   0.000000000
      2096.0   0.000006611
      2097.0   0.000007667
      2098.0   0.000008049
      2099.0   0.000004943
      2100.0   0.000001005
      2101.0   0.000000000
      2102.0   0.000000207
      2103.0   0.000000081
      2104.0   0.000005949
      2105.0   0.000004145
      2106.0   0.000002002
      2107.0   0.000000502
      2108.0   0.000005229
      2109.0   0.000002034
      2110.0   0.000000000
      2111.0   0.000000384
      2112.0   0.000002766
      2113.0   0.000002858
      2114.0   0.000003485
      2115.0   0.000001077
      2116.0   0.000001217
      2117.0   0.000000842
      2118.0   0.000000143
      2119.0   0.000000000
      2120.0   0.000003752
      2121.0   0.000007377
      2122.0   0.000002302
      2123.0   0.000000000
      2124.0   0.000000000
      2125.0   0.000000000
      2126.0   0.000000000
      2127.0   0.000000000
      2128.0   0.000000000
      2129.0   0.000000000
      2130.0   0.000002947
      2131.0   0.000003817
      2132.0   0.000001039
      2133.0   0.000002804
      2134.0   0.000001091
      2135.0   0.000000318
      2136.0   0.000000124
      2137.0   0.000000000
      2138.0   0.000000000
      2139.0   0.000002060
      2140.0   0.000003146
      2141.0   0.000001533
      2142.0   0.000000242
      2143.0   0.000000000
      2144.0   0.000000000
      2145.0   0.000005229
      2146.0   0.000002034
      2147.0   0.000000000
      2148.0   0.000004462
      2149.0   0.000006108
      2150.0   0.000002753
      2151.0   0.000005672
      2152.0   0.000002047
      2153.0   0.000000000
      2154.0   0.000000000
      2155.0   0.000001171
      2156.0   0.000004328
      2157.0   0.000002596
      2158.0   0.000005813
      2159.0   0.000002231
      2160.0   0.000002653
      2161.0   0.000001011
      2162.0   0.000000000
      2163.0   0.000000256
      2164.0   0.000001669
      2165.0   0.000007204
      2166.0   0.000002565
      2167.0   0.000000978
      2168.0   0.000003682
      2169.0   0.000004797
      2170.0   0.000002954
      2171.0   0.000002608
      2172.0   0.000000774
      2173.0   0.000003451
      2174.0   0.000001342
      2175.0   0.000000000
      2176.0   0.000003312
      2177.0   0.000002354
      2178.0   0.000003882
      2179.0   0.000001413
      2180.0   0.000000025
      2181.0   0.000001606
      2182.0   0.000005521
      2183.0   0.000009846
      2184.0   0.000003089
      2185.0   0.000003549
      2186.0   0.000001381
      2187.0   0.000000000
      2188.0   0.000005023
      2189.0   0.000001954
      2190.0   0.000000000
      2191.0   0.000004216
      2192.0   0.000003536
      2193.0   0.000000738
      2194.0   0.000000000
      2195.0   0.000000000
      2196.0   0.000000000
      2197.0   0.000002965
      2198.0   0.000002334
      2199.0   0.000000459
      2200.0   0.000005421
      2201.0   0.000002109
      2202.0   0.000005852
      2203.0   0.000002276
      2204.0   0.000000000
      2205.0   0.000000000
      2206.0   0.000000000
      2207.0   0.000002768
      2208.0   0.000001077
      2209.0   0.000000000
      2210.0   0.000000000
      2211.0   0.000002405
      2212.0   0.000001070
      2213.0   0.000002572
      2214.0   0.000004169
      2215.0   0.000001241
      2216.0   0.000002364
      2217.0   0.000000919
      2218.0   0.000000000
      2219.0   0.000000000
      2220.0   0.000007434
      2221.0   0.000002892
      2222.0   0.000005257
      2223.0   0.000003300
      2224.0   0.000005496
      2225.0   0.000001948
      2226.0   0.000000549
      2227.0   0.000000214
      2228.0   0.000003955
      2229.0   0.000001539
      2230.0   0.000006870
      2231.0   0.000003437
      2232.0   0.000000298
      2233.0   0.000000000
      2234.0   0.000000000
      2235.0   0.000001434
      2236.0   0.000000558
      2237.0   0.000000000
      2238.0   0.000000585
      2239.0   0.000000227
      2240.0   0.000000000
      2241.0   0.000000000
      2242.0   0.000000000
      2243.0   0.000000000
      2244.0   0.000000163
      2245.0   0.000000063
      2246.0   0.000000228
      2247.0   0.000006399
      2248.0   0.000003902
      2249.0   0.000000563
      2250.0   0.000000000
      2251.0   0.000003185
      2252.0   0.000001239
      2253.0   0.000000000
      2254.0   0.000002778
      2255.0   0.000001080
      2256.0   0.000000000
      2257.0   0.000000000
      2258.0   0.000004812
      2259.0   0.000001872
      2260.0   0.000004153
      2261.0   0.000001615
      2262.0   0.000004337
      2263.0   0.000001687
      2264.0   0.000001184
      2265.0   0.000001481
      2266.0   0.000000397
      2267.0   0.000002439
      2268.0   0.000002154
      2269.0   0.000000469
      2270.0   0.000000000
      2271.0   0.000002630
      2272.0   0.000001023
      2273.0   0.000002399
      2274.0   0.000001444
      2275.0   0.000009575
      2276.0   0.000003647
      2277.0   0.000000656
      2278.0   0.000003160
      2279.0   0.000001130
      2280.0   0.000003209
      2281.0   0.000001248
      2282.0   0.000003011
      2283.0   0.000001171
      2284.0   0.000000963
      2285.0   0.000000374
      2286.0   0.000000000
      2287.0   0.000000858
      2288.0   0.000000334
      2289.0   0.000000000
      2290.0   0.000006342
      2291.0   0.000002467
      2292.0   0.000000000
      2293.0   0.000000000
      2294.0   0.000005028
      2295.0   0.000001956
      2296.0   0.000000000
      2297.0   0.000008238
      2298.0   0.000003204
      2299.0   0.000000000
      2300.0   0.000004414
      2301.0   0.000004160
      2302.0   0.000001801
      2303.0   0.000006015
      2304.0   0.000002211
      2305.0   0.000002245
      2306.0   0.000002513
      2307.0   0.000005469
      2308.0   0.000001879
      2309.0   0.000000000
      2310.0   0.000000000
      2311.0   0.000000000
      2312.0   0.000000000
      2313.0   0.000000283
      2314.0   0.000000713
      2315.0   0.000000234
      2316.0   0.000005832
      2317.0   0.000002268
      2318.0   0.000000000
      2319.0   0.000000000
      2320.0   0.000004742
      2321.0   0.000001845
      2322.0   0.000000000
      2323.0   0.000000000
      2324.0   0.000000015
      2325.0   0.000000006
      2326.0   0.000002666
      2327.0   0.000007685
      2328.0   0.000005707
      2329.0   0.000001214
      2330.0   0.000005682
      2331.0   0.000002210
      2332.0   0.000000000
      2333.0   0.000007405
      2334.0   0.000004952
      2335.0   0.000003794
      2336.0   0.000001162
      2337.0   0.000000000
      2338.0   0.000000075
      2339.0   0.000000029
      2340.0   0.000004574
      2341.0   0.000007358
      2342.0   0.000002170
      2343.0   0.000000000
      2344.0   0.000000121
      2345.0   0.000000047
      2346.0   0.000004391
      2347.0   0.000002001
      2348.0   0.000006510
      2349.0   0.000003301
      2350.0   0.000001545
      2351.0   0.000004369
      2352.0   0.000001514
      2353.0   0.000002716
      2354.0   0.000004140
      2355.0   0.000001200
      2356.0   0.000004744
      2357.0   0.000006868
      2358.0   0.000002109
      2359.0   0.000000948
      2360.0   0.000000345
      2361.0   0.000000000
      2362.0   0.000000000
      2363.0   0.000000000
      2364.0   0.000000000
      2365.0   0.000000000
      2366.0   0.000000000
      2367.0   0.000003988
      2368.0   0.000002951
      2369.0   0.000008602
      2370.0   0.000006138
      2371.0   0.000001168
      2372.0   0.000000000
      2373.0   0.000003789
      2374.0   0.000004880
      2375.0   0.000001943
      2376.0   0.000003776
      2377.0   0.000001375
      2378.0   0.000000000
      2379.0   0.000000000
      2380.0   0.000005105
      2381.0   0.000003824
      2382.0   0.000010375
      2383.0   0.000008028
      2384.0   0.000005045
      2385.0   0.000002997
      2386.0   0.000000654
      2387.0   0.000000000
      2388.0   0.000001532
      2389.0   0.000000596
      2390.0   0.000000000
      2391.0   0.000000000
      2392.0   0.000000000
      2393.0   0.000008560
      2394.0   0.000003352
      2395.0   0.000004402
      2396.0   0.000002168
      2397.0   0.000000179
      2398.0   0.000000000
      2399.0   0.000005761
      2400.0   0.000005001
      2401.0   0.000002647
      2402.0   0.000003143
      2403.0   0.000000985
      2404.0   0.000002563
      2405.0   0.000004224
      2406.0   0.000001255
      2407.0   0.000003330
      2408.0   0.000001295
      2409.0   0.000007409
      2410.0   0.000003683
      2411.0   0.000000312
      2412.0   0.000004195
      2413.0   0.000010292
      2414.0   0.000005869
      2415.0   0.000000973
      2416.0   0.000005003
      2417.0   0.000009476
      2418.0   0.000002929
      2419.0   0.000009225
      2420.0   0.000006191
      2421.0   0.000001012
      2422.0   0.000001706
      2423.0   0.000000663
      2424.0   0.000008690
      2425.0   0.000003380
      2426.0   0.000000000
      2427.0   0.000000000
      2428.0   0.000000093
      2429.0   0.000000036
      2430.0   0.000000000
      2431.0   0.000000849
      2432.0   0.000000338
      2433.0   0.000000003
      2434.0   0.000002142
      2435.0   0.000003235
      2436.0   0.000000934
      2437.0   0.000000000
      2438.0   0.000003218
      2439.0   0.000006851
      2440.0   0.000003756
      2441.0   0.000000614
      2442.0   0.000000295
      2443.0   0.000000115
      2444.0   0.000001965
      2445.0   0.000000764
      2446.0   0.000008404
      2447.0   0.000003269
      2448.0   0.000002075
      2449.0   0.000000807
      2450.0   0.000000000
      2451.0   0.000007616
      2452.0   0.000004039
      2453.0   0.000004797
      2454.0   0.000001703
      2455.0   0.000001837
      2456.0   0.000000715
      2457.0   0.000006057
      2458.0   0.000003611
      2459.0   0.000000488
      2460.0   0.000000000
      2461.0   0.000000000
      2462.0   0.000000067
      2463.0   0.000000026
      2464.0   0.000002637
      2465.0   0.000001026
      2466.0   0.000000000
      2467.0   0.000004400
      2468.0   0.000001711
      2469.0   0.000003270
      2470.0   0.000001272
      2471.0   0.000000000
      2472.0   0.000001455
      2473.0   0.000000566
      2474.0   0.000000000
      2475.0   0.000000000
      2476.0   0.000000000
      2477.0   0.000000000
      2478.0   0.000000000
      2479.0   0.000001413
      2480.0   0.000000550
      2481.0   0.000000000
      2482.0   0.000002037
      2483.0   0.000008237
      2484.0   0.000003744
      2485.0   0.000001792
      2486.0   0.000000569
      2487.0   0.000000000
      2488.0   0.000005421
      2489.0   0.000007131
      2490.0   0.000008746
      2491.0   0.000006531
      2492.0   0.000005043
      2493.0   0.000006613
      2494.0   0.000003784
      2495.0   0.000002056
      2496.0   0.000002159
      2497.0   0.000000631
      2498.0   0.000000894
      2499.0   0.000001151
      2500.0   0.000000312
      2501.0   0.000006216
      2502.0   0.000004689
      2503.0   0.000000883
      2504.0   0.000004112
      2505.0   0.000001676
      2506.0   0.000000030
      2507.0   0.000000000
      2508.0   0.000000000
      2509.0   0.000001496
      2510.0   0.000000582
      2511.0   0.000000000
      2512.0   0.000005426
      2513.0   0.000002445
      2514.0   0.000000130
      2515.0   0.000004255
      2516.0   0.000001655
      2517.0   0.000000000
      2518.0   0.000004024
      2519.0   0.000010783
      2520.0   0.000004620
      2521.0   0.000001901
      2522.0   0.000001620
      2523.0   0.000005921
      2524.0   0.000004780
      2525.0   0.000001025
      2526.0   0.000000000
      2527.0   0.000006711
      2528.0   0.000005156
      2529.0   0.000002513
      2530.0   0.000002013
      2531.0   0.000007629
      2532.0   0.000002752
      2533.0   0.000000000
      2534.0   0.000000000
      2535.0   0.000007887
      2536.0   0.000003203
      2537.0   0.000000053
      2538.0   0.000002871
      2539.0   0.000001117
      2540.0   0.000004594
      2541.0   0.000001787
      2542.0   0.000002257
      2543.0   0.000000878
      2544.0   0.000000262
      2545.0   0.000000102
      2546.0   0.000000000
      2547.0   0.000002166
      2548.0   0.000002942
      2549.0   0.000009911
      2550.0   0.000003537
      2551.0   0.000000000
      2552.0   0.000008265
      2553.0   0.000009235
      2554.0   0.000009503
      2555.0   0.000007013
      2556.0   0.000003972
      2557.0   0.000000905
      2558.0   0.000008158
      2559.0   0.000006108
      2560.0   0.000001142
      2561.0   0.000000000
      2562.0   0.000000000
      2563.0   0.000005203
      2564.0   0.000002024
      2565.0   0.000000000
      2566.0   0.000000000
      2567.0   0.000000000
      2568.0   0.000000000
      2569.0   0.000000000
      2570.0   0.000000000
      2571.0   0.000000000
      2572.0   0.000000000
      2573.0   0.000002025
      2574.0   0.000010150
      2575.0   0.000010666
      2576.0   0.000006157
      2577.0   0.000008885
      2578.0   0.000002938
      2579.0   0.000006385
      2580.0   0.000002484
      2581.0   0.000000000
      2582.0   0.000000000
      2583.0   0.000000000
      2584.0   0.000003459
      2585.0   0.000016029
      2586.0   0.000014899
      2587.0   0.000013127
      2588.0   0.000003716
      2589.0   0.000009188
      2590.0   0.000004218
      2591.0   0.000002632
      2592.0   0.000003936
      2593.0   0.000012756
      2594.0   0.000013687
      2595.0   0.000005359
      2596.0   0.000016079
      2597.0   0.000005983
      2598.0   0.000000000
      2599.0   0.000000000
      2600.0   0.000000891
      2601.0   0.000031180
      2602.0   0.000026051
      2603.0   0.000005468
      2604.0   0.000008024
      2605.0   0.000035664
      2606.0   0.000017514
      2607.0   0.000024528
      2608.0   0.000039245
      2609.0   0.000030053
      2610.0   0.000015266
      2611.0   0.000017060
      2612.0   0.000005398
      2613.0   0.000011512
      2614.0   0.000004477
      2615.0   0.000006980
      2616.0   0.000002880
      2617.0   0.000000201
      2618.0   0.000000053
      2619.0   0.000000000
      2620.0   0.000008989
      2621.0   0.000003496
      2622.0   0.000006996
      2623.0   0.000002721
      2624.0   0.000010513
      2625.0   0.000026172
      2626.0   0.000008589
      2627.0   0.000000000
      2628.0   0.000009014
      2629.0   0.000013104
      2630.0   0.000007864
      2631.0   0.000001607
      2632.0   0.000007337
      2633.0   0.000002854
      2634.0   0.000005835
      2635.0   0.000010515
      2636.0   0.000009403
      2637.0   0.000002410
      2638.0   0.000014904
      2639.0   0.000021000
      2640.0   0.000024740
      2641.0   0.000013988
      2642.0   0.000024759
      2643.0   0.000027645
      2644.0   0.000007399
      2645.0   0.000005306
      2646.0   0.000002064
      2647.0   0.000020429
      2648.0   0.000015889
      2649.0   0.000015314
      2650.0   0.000008627
      2651.0   0.000030315
      2652.0   0.000011205
      2653.0   0.000000000
      2654.0   0.000000000
      2655.0   0.000000000
      2656.0   0.000000000
      2657.0   0.000000000
      2658.0   0.000000000
      2659.0   0.000000000
      2660.0   0.000000000
      2661.0   0.000000000
      2662.0   0.000000000
      2663.0   0.000000000
      2664.0   0.000000000
      2665.0   0.000000000
      2666.0   0.000000000
      2667.0   0.000000000
      2668.0   0.000000000
      2669.0   0.000000000
      2670.0   0.000000000
      2671.0   0.000000000
      2672.0   0.000000000
      2673.0   0.000000000
      2674.0   0.000000000
      2675.0   0.000000000
      2676.0   0.000000000
      2677.0   0.000000000
      2678.0   0.000000000
      2679.0   0.000000000
      2680.0   0.000000000
      2681.0   0.000000000
      2682.0   0.000000000
      2683.0   0.000000000
      2684.0   0.000000000
      2685.0   0.000000000
      2686.0   0.000000000
      2687.0   0.000000000
      2688.0   0.000000000
      2689.0   0.000000000
      2690.0   0.000000000
      2691.0   0.000000000
      2692.0   0.000000000
      2693.0   0.000000000
      2694.0   0.000000000
      2695.0   0.000000000
      2696.0   0.000000000
      2697.0   0.000000000
      2698.0   0.000000000
      2699.0   0.000000000
      2700.0   0.000000000
