#                                                          
# SPHERE/IRDIS NB N_CntK1 filter transmission              
#                                                          
# Updated with final values on 2015-04-16 by Arthur Vigan  
# For any information, please contact <arthur.vigan@lam.fr>
#                                                          
# wavelength   N_CntK1                                     
#                                                          
       400.0   0.000000009
       401.0   0.000000000
       402.0   0.000000069
       403.0   0.000000004
       404.0   0.000000000
       405.0   0.000000085
       406.0   0.000000121
       407.0   0.000000058
       408.0   0.000000003
       409.0   0.000000000
       410.0   0.000000000
       411.0   0.000000000
       412.0   0.000000000
       413.0   0.000000000
       414.0   0.000000000
       415.0   0.000000000
       416.0   0.000000000
       417.0   0.000000000
       418.0   0.000000012
       419.0   0.000000001
       420.0   0.000000000
       421.0   0.000000194
       422.0   0.000000010
       423.0   0.000000000
       424.0   0.000000000
       425.0   0.000000044
       426.0   0.000000002
       427.0   0.000000000
       428.0   0.000000000
       429.0   0.000000000
       430.0   0.000000000
       431.0   0.000000087
       432.0   0.000000005
       433.0   0.000000022
       434.0   0.000000001
       435.0   0.000000061
       436.0   0.000000003
       437.0   0.000000000
       438.0   0.000000000
       439.0   0.000000026
       440.0   0.000000230
       441.0   0.000000435
       442.0   0.000000375
       443.0   0.000000264
       444.0   0.000000288
       445.0   0.000000474
       446.0   0.000000611
       447.0   0.000000488
       448.0   0.000000554
       449.0   0.000000601
       450.0   0.000000276
       451.0   0.000000094
       452.0   0.000000004
       453.0   0.000000000
       454.0   0.000000085
       455.0   0.000000005
       456.0   0.000000000
       457.0   0.000000000
       458.0   0.000000000
       459.0   0.000000020
       460.0   0.000000001
       461.0   0.000000000
       462.0   0.000000018
       463.0   0.000000086
       464.0   0.000000116
       465.0   0.000000157
       466.0   0.000000741
       467.0   0.000001622
       468.0   0.000002266
       469.0   0.000003558
       470.0   0.000005150
       471.0   0.000005262
       472.0   0.000003724
       473.0   0.000002773
       474.0   0.000002381
       475.0   0.000001356
       476.0   0.000000914
       477.0   0.000000906
       478.0   0.000000653
       479.0   0.000000501
       480.0   0.000001451
       481.0   0.000002619
       482.0   0.000002277
       483.0   0.000001155
       484.0   0.000001045
       485.0   0.000001820
       486.0   0.000002214
       487.0   0.000001272
       488.0   0.000000478
       489.0   0.000000068
       490.0   0.000000048
       491.0   0.000000073
       492.0   0.000000246
       493.0   0.000000329
       494.0   0.000000281
       495.0   0.000000077
       496.0   0.000000052
       497.0   0.000000044
       498.0   0.000000242
       499.0   0.000000641
       500.0   0.000000958
       501.0   0.000000625
       502.0   0.000000154
       503.0   0.000000007
       504.0   0.000000000
       505.0   0.000000000
       506.0   0.000000000
       507.0   0.000000000
       508.0   0.000000000
       509.0   0.000000038
       510.0   0.000000002
       511.0   0.000000000
       512.0   0.000000012
       513.0   0.000000001
       514.0   0.000000000
       515.0   0.000000000
       516.0   0.000000000
       517.0   0.000000000
       518.0   0.000000000
       519.0   0.000000000
       520.0   0.000000000
       521.0   0.000000000
       522.0   0.000000026
       523.0   0.000000001
       524.0   0.000000000
       525.0   0.000000000
       526.0   0.000000000
       527.0   0.000000000
       528.0   0.000000000
       529.0   0.000000000
       530.0   0.000000000
       531.0   0.000000004
       532.0   0.000000000
       533.0   0.000000000
       534.0   0.000000000
       535.0   0.000000000
       536.0   0.000000000
       537.0   0.000000007
       538.0   0.000000000
       539.0   0.000000000
       540.0   0.000000003
       541.0   0.000000000
       542.0   0.000000000
       543.0   0.000000000
       544.0   0.000000000
       545.0   0.000000000
       546.0   0.000000000
       547.0   0.000000000
       548.0   0.000000000
       549.0   0.000000000
       550.0   0.000000000
       551.0   0.000000000
       552.0   0.000000024
       553.0   0.000000001
       554.0   0.000000006
       555.0   0.000000000
       556.0   0.000000107
       557.0   0.000000006
       558.0   0.000000000
       559.0   0.000000003
       560.0   0.000000007
       561.0   0.000000000
       562.0   0.000000000
       563.0   0.000000000
       564.0   0.000000000
       565.0   0.000000000
       566.0   0.000000000
       567.0   0.000000000
       568.0   0.000000000
       569.0   0.000000000
       570.0   0.000000000
       571.0   0.000000000
       572.0   0.000000115
       573.0   0.000000083
       574.0   0.000000004
       575.0   0.000000000
       576.0   0.000000000
       577.0   0.000000000
       578.0   0.000000000
       579.0   0.000000123
       580.0   0.000000822
       581.0   0.000001113
       582.0   0.000000900
       583.0   0.000000546
       584.0   0.000000469
       585.0   0.000000686
       586.0   0.000001010
       587.0   0.000001551
       588.0   0.000001630
       589.0   0.000001451
       590.0   0.000001172
       591.0   0.000000847
       592.0   0.000000784
       593.0   0.000001080
       594.0   0.000001334
       595.0   0.000001828
       596.0   0.000002507
       597.0   0.000003141
       598.0   0.000003511
       599.0   0.000003645
       600.0   0.000003231
       601.0   0.000002709
       602.0   0.000002318
       603.0   0.000001988
       604.0   0.000001846
       605.0   0.000002020
       606.0   0.000002264
       607.0   0.000002558
       608.0   0.000002951
       609.0   0.000003793
       610.0   0.000003974
       611.0   0.000003506
       612.0   0.000002916
       613.0   0.000002374
       614.0   0.000001743
       615.0   0.000001588
       616.0   0.000001587
       617.0   0.000001356
       618.0   0.000000923
       619.0   0.000000738
       620.0   0.000000539
       621.0   0.000000399
       622.0   0.000000137
       623.0   0.000000008
       624.0   0.000000000
       625.0   0.000000000
       626.0   0.000000000
       627.0   0.000000000
       628.0   0.000000029
       629.0   0.000000056
       630.0   0.000000084
       631.0   0.000000272
       632.0   0.000000426
       633.0   0.000000541
       634.0   0.000000487
       635.0   0.000000357
       636.0   0.000000195
       637.0   0.000000206
       638.0   0.000000050
       639.0   0.000000055
       640.0   0.000000084
       641.0   0.000000004
       642.0   0.000000012
       643.0   0.000000285
       644.0   0.000000381
       645.0   0.000000457
       646.0   0.000000306
       647.0   0.000000132
       648.0   0.000000112
       649.0   0.000000006
       650.0   0.000000000
       651.0   0.000000000
       652.0   0.000000000
       653.0   0.000000004
       654.0   0.000000000
       655.0   0.000000000
       656.0   0.000000000
       657.0   0.000000000
       658.0   0.000000000
       659.0   0.000000000
       660.0   0.000000000
       661.0   0.000000000
       662.0   0.000000000
       663.0   0.000000029
       664.0   0.000000002
       665.0   0.000000000
       666.0   0.000000000
       667.0   0.000000000
       668.0   0.000000000
       669.0   0.000000000
       670.0   0.000000000
       671.0   0.000000000
       672.0   0.000000011
       673.0   0.000000001
       674.0   0.000000000
       675.0   0.000000056
       676.0   0.000000003
       677.0   0.000000000
       678.0   0.000000012
       679.0   0.000000001
       680.0   0.000000000
       681.0   0.000000000
       682.0   0.000000000
       683.0   0.000000000
       684.0   0.000000000
       685.0   0.000000027
       686.0   0.000000002
       687.0   0.000000000
       688.0   0.000000000
       689.0   0.000000000
       690.0   0.000000000
       691.0   0.000000000
       692.0   0.000000000
       693.0   0.000000000
       694.0   0.000000000
       695.0   0.000000000
       696.0   0.000000000
       697.0   0.000000041
       698.0   0.000000002
       699.0   0.000000034
       700.0   0.000000002
       701.0   0.000000175
       702.0   0.000000074
       703.0   0.000000003
       704.0   0.000000071
       705.0   0.000000813
       706.0   0.000001590
       707.0   0.000002545
       708.0   0.000002788
       709.0   0.000002016
       710.0   0.000001366
       711.0   0.000001132
       712.0   0.000000933
       713.0   0.000001179
       714.0   0.000001549
       715.0   0.000001663
       716.0   0.000001197
       717.0   0.000000364
       718.0   0.000000016
       719.0   0.000000000
       720.0   0.000000000
       721.0   0.000000000
       722.0   0.000000068
       723.0   0.000000004
       724.0   0.000000000
       725.0   0.000000000
       726.0   0.000000059
       727.0   0.000000003
       728.0   0.000000000
       729.0   0.000000000
       730.0   0.000000000
       731.0   0.000000000
       732.0   0.000000000
       733.0   0.000000000
       734.0   0.000000018
       735.0   0.000000045
       736.0   0.000000002
       737.0   0.000000000
       738.0   0.000000000
       739.0   0.000000000
       740.0   0.000000000
       741.0   0.000000000
       742.0   0.000000000
       743.0   0.000000000
       744.0   0.000000000
       745.0   0.000000000
       746.0   0.000000000
       747.0   0.000000000
       748.0   0.000000000
       749.0   0.000000000
       750.0   0.000000033
       751.0   0.000000002
       752.0   0.000000000
       753.0   0.000000000
       754.0   0.000000000
       755.0   0.000000122
       756.0   0.000000034
       757.0   0.000000002
       758.0   0.000000068
       759.0   0.000000004
       760.0   0.000000000
       761.0   0.000000060
       762.0   0.000000003
       763.0   0.000000000
       764.0   0.000000127
       765.0   0.000000007
       766.0   0.000000000
       767.0   0.000000241
       768.0   0.000000013
       769.0   0.000000000
       770.0   0.000000083
       771.0   0.000000004
       772.0   0.000000289
       773.0   0.000000015
       774.0   0.000000028
       775.0   0.000000002
       776.0   0.000000000
       777.0   0.000000240
       778.0   0.000000013
       779.0   0.000000000
       780.0   0.000000000
       781.0   0.000000000
       782.0   0.000000054
       783.0   0.000000003
       784.0   0.000000134
       785.0   0.000000007
       786.0   0.000000143
       787.0   0.000000008
       788.0   0.000000000
       789.0   0.000000221
       790.0   0.000000540
       791.0   0.000000421
       792.0   0.000000545
       793.0   0.000000693
       794.0   0.000000585
       795.0   0.000000551
       796.0   0.000000393
       797.0   0.000000316
       798.0   0.000000713
       799.0   0.000000619
       800.0   0.000000524
       801.0   0.000000583
       802.0   0.000000900
       803.0   0.000001084
       804.0   0.000001396
       805.0   0.000001770
       806.0   0.000001993
       807.0   0.000002447
       808.0   0.000003082
       809.0   0.000003385
       810.0   0.000004395
       811.0   0.000005522
       812.0   0.000006618
       813.0   0.000007619
       814.0   0.000007693
       815.0   0.000006996
       816.0   0.000005421
       817.0   0.000004126
       818.0   0.000002952
       819.0   0.000002361
       820.0   0.000001664
       821.0   0.000001750
       822.0   0.000001383
       823.0   0.000001271
       824.0   0.000002055
       825.0   0.000002049
       826.0   0.000002342
       827.0   0.000002899
       828.0   0.000004377
       829.0   0.000005539
       830.0   0.000006801
       831.0   0.000007641
       832.0   0.000007445
       833.0   0.000006799
       834.0   0.000005764
       835.0   0.000005321
       836.0   0.000004816
       837.0   0.000004557
       838.0   0.000004076
       839.0   0.000004728
       840.0   0.000004608
       841.0   0.000004317
       842.0   0.000004490
       843.0   0.000005534
       844.0   0.000005679
       845.0   0.000006088
       846.0   0.000005656
       847.0   0.000006772
       848.0   0.000005861
       849.0   0.000004453
       850.0   0.000004427
       851.0   0.000004929
       852.0   0.000005185
       853.0   0.000004529
       854.0   0.000006084
       855.0   0.000006426
       856.0   0.000006527
       857.0   0.000006036
       858.0   0.000007723
       859.0   0.000008050
       860.0   0.000008524
       861.0   0.000009958
       862.0   0.000006698
       863.0   0.000009974
       864.0   0.000008635
       865.0   0.000009219
       866.0   0.000008974
       867.0   0.000007836
       868.0   0.000005960
       869.0   0.000003060
       870.0   0.000007077
       871.0   0.000007019
       872.0   0.000007126
       873.0   0.000007182
       874.0   0.000005235
       875.0   0.000007624
       876.0   0.000010924
       877.0   0.000006298
       878.0   0.000007091
       879.0   0.000009958
       880.0   0.000011132
       881.0   0.000004796
       882.0   0.000006353
       883.0   0.000007645
       884.0   0.000013697
       885.0   0.000010400
       886.0   0.000011000
       887.0   0.000002800
       888.0   0.000001843
       889.0   0.000001870
       890.0   0.000004974
       891.0   0.000005859
       892.0   0.000003207
       893.0   0.000012122
       894.0   0.000004958
       895.0   0.000011558
       896.0   0.000009322
       897.0   0.000013802
       898.0   0.000010246
       899.0   0.000013709
       900.0   0.000019087
       901.0   0.000009194
       902.0   0.000013554
       903.0   0.000003998
       904.0   0.000007321
       905.0   0.000015462
       906.0   0.000006752
       907.0   0.000000314
       908.0   0.000011779
       909.0   0.000008000
       910.0   0.000015649
       911.0   0.000007321
       912.0   0.000006437
       913.0   0.000000668
       914.0   0.000004250
       915.0   0.000007573
       916.0   0.000004692
       917.0   0.000006498
       918.0   0.000003436
       919.0   0.000008425
       920.0   0.000002534
       921.0   0.000001718
       922.0   0.000007028
       923.0   0.000000365
       924.0   0.000005844
       925.0   0.000000308
       926.0   0.000000000
       927.0   0.000000000
       928.0   0.000000000
       929.0   0.000013949
       930.0   0.000000734
       931.0   0.000005003
       932.0   0.000004335
       933.0   0.000005835
       934.0   0.000006121
       935.0   0.000006653
       936.0   0.000008544
       937.0   0.000010775
       938.0   0.000012891
       939.0   0.000015553
       940.0   0.000008405
       941.0   0.000017045
       942.0   0.000020517
       943.0   0.000012378
       944.0   0.000000597
       945.0   0.000009613
       946.0   0.000012043
       947.0   0.000017603
       948.0   0.000007236
       949.0   0.000013963
       950.0   0.000024782
       951.0   0.000010559
       952.0   0.000011302
       953.0   0.000010165
       954.0   0.000014875
       955.0   0.000016168
       956.0   0.000019380
       957.0   0.000011643
       958.0   0.000006850
       959.0   0.000010619
       960.0   0.000009704
       961.0   0.000011772
       962.0   0.000008670
       963.0   0.000016947
       964.0   0.000009364
       965.0   0.000014921
       966.0   0.000013940
       967.0   0.000015172
       968.0   0.000017060
       969.0   0.000014645
       970.0   0.000020895
       971.0   0.000020410
       972.0   0.000023276
       973.0   0.000022350
       974.0   0.000020793
       975.0   0.000016424
       976.0   0.000006066
       977.0   0.000021711
       978.0   0.000012786
       979.0   0.000014660
       980.0   0.000010239
       981.0   0.000015008
       982.0   0.000008220
       983.0   0.000012107
       984.0   0.000008617
       985.0   0.000009147
       986.0   0.000010857
       987.0   0.000011311
       988.0   0.000001757
       989.0   0.000011229
       990.0   0.000010318
       991.0   0.000013223
       992.0   0.000001419
       993.0   0.000006746
       994.0   0.000004899
       995.0   0.000008090
       996.0   0.000011933
       997.0   0.000008608
       998.0   0.000010770
       999.0   0.000010482
      1000.0   0.000006658
      1001.0   0.000010887
      1002.0   0.000005546
      1003.0   0.000021821
      1004.0   0.000015080
      1005.0   0.000014684
      1006.0   0.000016056
      1007.0   0.000014808
      1008.0   0.000024569
      1009.0   0.000016476
      1010.0   0.000020319
      1011.0   0.000025237
      1012.0   0.000014573
      1013.0   0.000015124
      1014.0   0.000015840
      1015.0   0.000010876
      1016.0   0.000020246
      1017.0   0.000012063
      1018.0   0.000020343
      1019.0   0.000013585
      1020.0   0.000015829
      1021.0   0.000020115
      1022.0   0.000025627
      1023.0   0.000025583
      1024.0   0.000023383
      1025.0   0.000012717
      1026.0   0.000017730
      1027.0   0.000014742
      1028.0   0.000013939
      1029.0   0.000016929
      1030.0   0.000017447
      1031.0   0.000018611
      1032.0   0.000015803
      1033.0   0.000020858
      1034.0   0.000017168
      1035.0   0.000015261
      1036.0   0.000024089
      1037.0   0.000013145
      1038.0   0.000008937
      1039.0   0.000013967
      1040.0   0.000009569
      1041.0   0.000012328
      1042.0   0.000008768
      1043.0   0.000008183
      1044.0   0.000015106
      1045.0   0.000009531
      1046.0   0.000001543
      1047.0   0.000008945
      1048.0   0.000000468
      1049.0   0.000010589
      1050.0   0.000012696
      1051.0   0.000015780
      1052.0   0.000010235
      1053.0   0.000010121
      1054.0   0.000014231
      1055.0   0.000012840
      1056.0   0.000014875
      1057.0   0.000012604
      1058.0   0.000017451
      1059.0   0.000020444
      1060.0   0.000015247
      1061.0   0.000006525
      1062.0   0.000013891
      1063.0   0.000008402
      1064.0   0.000015563
      1065.0   0.000020429
      1066.0   0.000014668
      1067.0   0.000021542
      1068.0   0.000005982
      1069.0   0.000017039
      1070.0   0.000013118
      1071.0   0.000020894
      1072.0   0.000007213
      1073.0   0.000008338
      1074.0   0.000006797
      1075.0   0.000016374
      1076.0   0.000013902
      1077.0   0.000004139
      1078.0   0.000008152
      1079.0   0.000016919
      1080.0   0.000006332
      1081.0   0.000010500
      1082.0   0.000000538
      1083.0   0.000004075
      1084.0   0.000012993
      1085.0   0.000003607
      1086.0   0.000011170
      1087.0   0.000007048
      1088.0   0.000012232
      1089.0   0.000012305
      1090.0   0.000006176
      1091.0   0.000009844
      1092.0   0.000000503
      1093.0   0.000011553
      1094.0   0.000009420
      1095.0   0.000003269
      1096.0   0.000003621
      1097.0   0.000017354
      1098.0   0.000005569
      1099.0   0.000014271
      1100.0   0.000005102
      1101.0   0.000006965
      1102.0   0.000011449
      1103.0   0.000006635
      1104.0   0.000006006
      1105.0   0.000008666
      1106.0   0.000016149
      1107.0   0.000010590
      1108.0   0.000010710
      1109.0   0.000011457
      1110.0   0.000012110
      1111.0   0.000010850
      1112.0   0.000012977
      1113.0   0.000013126
      1114.0   0.000008600
      1115.0   0.000010834
      1116.0   0.000023365
      1117.0   0.000005836
      1118.0   0.000006857
      1119.0   0.000019391
      1120.0   0.000013501
      1121.0   0.000003578
      1122.0   0.000010114
      1123.0   0.000020674
      1124.0   0.000021455
      1125.0   0.000010002
      1126.0   0.000009470
      1127.0   0.000004701
      1128.0   0.000012703
      1129.0   0.000000658
      1130.0   0.000010470
      1131.0   0.000002790
      1132.0   0.000002583
      1133.0   0.000000130
      1134.0   0.000003109
      1135.0   0.000002541
      1136.0   0.000001580
      1137.0   0.000011382
      1138.0   0.000012935
      1139.0   0.000000952
      1140.0   0.000007909
      1141.0   0.000008943
      1142.0   0.000009314
      1143.0   0.000010128
      1144.0   0.000007444
      1145.0   0.000010030
      1146.0   0.000010280
      1147.0   0.000006601
      1148.0   0.000017596
      1149.0   0.000010032
      1150.0   0.000005743
      1151.0   0.000008977
      1152.0   0.000015335
      1153.0   0.000008091
      1154.0   0.000015260
      1155.0   0.000010681
      1156.0   0.000005196
      1157.0   0.000009581
      1158.0   0.000000492
      1159.0   0.000020470
      1160.0   0.000004822
      1161.0   0.000009297
      1162.0   0.000002640
      1163.0   0.000013929
      1164.0   0.000012733
      1165.0   0.000014085
      1166.0   0.000008691
      1167.0   0.000009052
      1168.0   0.000016660
      1169.0   0.000009576
      1170.0   0.000011545
      1171.0   0.000007450
      1172.0   0.000000362
      1173.0   0.000010524
      1174.0   0.000017330
      1175.0   0.000005739
      1176.0   0.000005538
      1177.0   0.000015248
      1178.0   0.000002426
      1179.0   0.000002767
      1180.0   0.000000987
      1181.0   0.000004207
      1182.0   0.000000219
      1183.0   0.000007490
      1184.0   0.000004677
      1185.0   0.000009836
      1186.0   0.000002979
      1187.0   0.000000664
      1188.0   0.000001645
      1189.0   0.000000085
      1190.0   0.000006043
      1191.0   0.000007794
      1192.0   0.000016009
      1193.0   0.000009540
      1194.0   0.000009858
      1195.0   0.000006859
      1196.0   0.000004027
      1197.0   0.000008383
      1198.0   0.000017931
      1199.0   0.000009672
      1200.0   0.000010016
      1201.0   0.000006658
      1202.0   0.000005190
      1203.0   0.000009117
      1204.0   0.000011545
      1205.0   0.000010032
      1206.0   0.000006742
      1207.0   0.000015630
      1208.0   0.000002901
      1209.0   0.000006330
      1210.0   0.000002717
      1211.0   0.000009582
      1212.0   0.000007550
      1213.0   0.000004227
      1214.0   0.000018199
      1215.0   0.000000948
      1216.0   0.000003954
      1217.0   0.000003785
      1218.0   0.000002353
      1219.0   0.000000272
      1220.0   0.000005144
      1221.0   0.000006887
      1222.0   0.000013505
      1223.0   0.000013799
      1224.0   0.000005026
      1225.0   0.000015234
      1226.0   0.000011735
      1227.0   0.000007266
      1228.0   0.000004063
      1229.0   0.000016394
      1230.0   0.000008507
      1231.0   0.000004123
      1232.0   0.000005630
      1233.0   0.000011133
      1234.0   0.000010540
      1235.0   0.000001541
      1236.0   0.000007971
      1237.0   0.000004523
      1238.0   0.000008857
      1239.0   0.000003440
      1240.0   0.000000491
      1241.0   0.000008438
      1242.0   0.000008357
      1243.0   0.000012599
      1244.0   0.000006577
      1245.0   0.000000313
      1246.0   0.000004184
      1247.0   0.000000221
      1248.0   0.000000644
      1249.0   0.000000181
      1250.0   0.000007262
      1251.0   0.000004214
      1252.0   0.000002475
      1253.0   0.000004798
      1254.0   0.000004826
      1255.0   0.000000241
      1256.0   0.000004502
      1257.0   0.000000237
      1258.0   0.000004962
      1259.0   0.000005453
      1260.0   0.000005430
      1261.0   0.000006718
      1262.0   0.000013723
      1263.0   0.000000705
      1264.0   0.000013622
      1265.0   0.000000718
      1266.0   0.000004059
      1267.0   0.000006971
      1268.0   0.000013292
      1269.0   0.000004312
      1270.0   0.000010138
      1271.0   0.000009566
      1272.0   0.000012477
      1273.0   0.000010132
      1274.0   0.000014238
      1275.0   0.000011383
      1276.0   0.000015859
      1277.0   0.000011222
      1278.0   0.000009644
      1279.0   0.000010615
      1280.0   0.000015175
      1281.0   0.000005058
      1282.0   0.000013843
      1283.0   0.000013765
      1284.0   0.000006147
      1285.0   0.000009449
      1286.0   0.000001149
      1287.0   0.000006385
      1288.0   0.000000335
      1289.0   0.000000000
      1290.0   0.000000393
      1291.0   0.000002688
      1292.0   0.000001638
      1293.0   0.000012643
      1294.0   0.000000662
      1295.0   0.000003492
      1296.0   0.000006603
      1297.0   0.000000338
      1298.0   0.000001339
      1299.0   0.000000551
      1300.0   0.000000025
      1301.0   0.000004166
      1302.0   0.000000220
      1303.0   0.000000000
      1304.0   0.000004171
      1305.0   0.000001657
      1306.0   0.000004916
      1307.0   0.000000255
      1308.0   0.000004671
      1309.0   0.000000736
      1310.0   0.000000773
      1311.0   0.000005135
      1312.0   0.000008069
      1313.0   0.000000411
      1314.0   0.000003971
      1315.0   0.000010477
      1316.0   0.000010960
      1317.0   0.000025612
      1318.0   0.000020150
      1319.0   0.000002797
      1320.0   0.000018926
      1321.0   0.000009180
      1322.0   0.000000431
      1323.0   0.000006961
      1324.0   0.000000367
      1325.0   0.000004804
      1326.0   0.000000253
      1327.0   0.000000000
      1328.0   0.000000000
      1329.0   0.000000082
      1330.0   0.000003297
      1331.0   0.000000174
      1332.0   0.000003888
      1333.0   0.000001637
      1334.0   0.000000076
      1335.0   0.000000809
      1336.0   0.000000043
      1337.0   0.000000000
      1338.0   0.000000000
      1339.0   0.000008786
      1340.0   0.000000463
      1341.0   0.000000000
      1342.0   0.000003523
      1343.0   0.000000186
      1344.0   0.000000000
      1345.0   0.000000687
      1346.0   0.000000036
      1347.0   0.000007719
      1348.0   0.000000407
      1349.0   0.000000000
      1350.0   0.000002380
      1351.0   0.000000126
      1352.0   0.000000000
      1353.0   0.000000000
      1354.0   0.000001920
      1355.0   0.000017577
      1356.0   0.000005923
      1357.0   0.000000264
      1358.0   0.000000022
      1359.0   0.000000001
      1360.0   0.000000000
      1361.0   0.000004046
      1362.0   0.000005497
      1363.0   0.000006901
      1364.0   0.000002707
      1365.0   0.000000124
      1366.0   0.000000000
      1367.0   0.000000300
      1368.0   0.000000016
      1369.0   0.000007355
      1370.0   0.000000783
      1371.0   0.000001872
      1372.0   0.000000098
      1373.0   0.000002073
      1374.0   0.000000109
      1375.0   0.000000000
      1376.0   0.000000000
      1377.0   0.000003647
      1378.0   0.000000192
      1379.0   0.000000000
      1380.0   0.000000000
      1381.0   0.000000000
      1382.0   0.000000000
      1383.0   0.000005758
      1384.0   0.000004516
      1385.0   0.000003435
      1386.0   0.000000169
      1387.0   0.000000000
      1388.0   0.000006861
      1389.0   0.000000362
      1390.0   0.000001504
      1391.0   0.000002036
      1392.0   0.000002584
      1393.0   0.000000131
      1394.0   0.000000000
      1395.0   0.000000000
      1396.0   0.000005099
      1397.0   0.000000269
      1398.0   0.000003026
      1399.0   0.000000160
      1400.0   0.000000000
      1401.0   0.000000940
      1402.0   0.000000050
      1403.0   0.000001545
      1404.0   0.000000082
      1405.0   0.000000000
      1406.0   0.000000000
      1407.0   0.000000000
      1408.0   0.000000000
      1409.0   0.000000000
      1410.0   0.000006427
      1411.0   0.000001119
      1412.0   0.000000041
      1413.0   0.000000000
      1414.0   0.000007167
      1415.0   0.000000378
      1416.0   0.000000000
      1417.0   0.000000736
      1418.0   0.000002538
      1419.0   0.000000132
      1420.0   0.000009674
      1421.0   0.000000510
      1422.0   0.000000000
      1423.0   0.000000000
      1424.0   0.000000000
      1425.0   0.000000000
      1426.0   0.000000000
      1427.0   0.000006842
      1428.0   0.000005510
      1429.0   0.000000271
      1430.0   0.000000000
      1431.0   0.000003519
      1432.0   0.000003922
      1433.0   0.000000197
      1434.0   0.000000000
      1435.0   0.000000000
      1436.0   0.000002627
      1437.0   0.000000138
      1438.0   0.000000000
      1439.0   0.000001120
      1440.0   0.000000059
      1441.0   0.000003106
      1442.0   0.000000164
      1443.0   0.000007404
      1444.0   0.000002087
      1445.0   0.000000765
      1446.0   0.000003354
      1447.0   0.000003629
      1448.0   0.000000182
      1449.0   0.000000400
      1450.0   0.000000021
      1451.0   0.000000000
      1452.0   0.000003718
      1453.0   0.000004472
      1454.0   0.000000225
      1455.0   0.000004226
      1456.0   0.000002968
      1457.0   0.000000912
      1458.0   0.000003400
      1459.0   0.000008305
      1460.0   0.000000428
      1461.0   0.000001153
      1462.0   0.000000061
      1463.0   0.000000000
      1464.0   0.000001792
      1465.0   0.000000095
      1466.0   0.000000000
      1467.0   0.000000000
      1468.0   0.000000000
      1469.0   0.000007954
      1470.0   0.000000419
      1471.0   0.000000395
      1472.0   0.000004083
      1473.0   0.000000214
      1474.0   0.000000000
      1475.0   0.000000000
      1476.0   0.000000000
      1477.0   0.000000000
      1478.0   0.000002350
      1479.0   0.000003875
      1480.0   0.000000198
      1481.0   0.000006723
      1482.0   0.000000354
      1483.0   0.000000649
      1484.0   0.000000034
      1485.0   0.000000000
      1486.0   0.000003599
      1487.0   0.000000190
      1488.0   0.000002037
      1489.0   0.000000107
      1490.0   0.000000000
      1491.0   0.000000000
      1492.0   0.000000000
      1493.0   0.000000961
      1494.0   0.000000051
      1495.0   0.000001578
      1496.0   0.000000083
      1497.0   0.000000000
      1498.0   0.000000000
      1499.0   0.000000000
      1500.0   0.000000000
      1501.0   0.000007103
      1502.0   0.000000374
      1503.0   0.000000000
      1504.0   0.000008905
      1505.0   0.000000469
      1506.0   0.000000000
      1507.0   0.000000000
      1508.0   0.000000000
      1509.0   0.000000000
      1510.0   0.000000000
      1511.0   0.000000000
      1512.0   0.000000000
      1513.0   0.000001841
      1514.0   0.000000097
      1515.0   0.000000000
      1516.0   0.000000000
      1517.0   0.000000000
      1518.0   0.000000000
      1519.0   0.000001270
      1520.0   0.000000067
      1521.0   0.000012053
      1522.0   0.000000635
      1523.0   0.000006349
      1524.0   0.000008077
      1525.0   0.000000408
      1526.0   0.000000000
      1527.0   0.000000000
      1528.0   0.000003159
      1529.0   0.000000167
      1530.0   0.000000000
      1531.0   0.000000000
      1532.0   0.000001434
      1533.0   0.000001496
      1534.0   0.000003902
      1535.0   0.000007299
      1536.0   0.000000374
      1537.0   0.000001746
      1538.0   0.000007081
      1539.0   0.000000368
      1540.0   0.000000000
      1541.0   0.000000000
      1542.0   0.000001068
      1543.0   0.000006081
      1544.0   0.000001303
      1545.0   0.000000052
      1546.0   0.000000000
      1547.0   0.000000000
      1548.0   0.000000000
      1549.0   0.000005534
      1550.0   0.000000292
      1551.0   0.000000000
      1552.0   0.000000000
      1553.0   0.000000064
      1554.0   0.000000003
      1555.0   0.000004007
      1556.0   0.000000211
      1557.0   0.000001693
      1558.0   0.000004659
      1559.0   0.000000241
      1560.0   0.000000000
      1561.0   0.000005512
      1562.0   0.000000291
      1563.0   0.000001413
      1564.0   0.000000075
      1565.0   0.000000000
      1566.0   0.000000680
      1567.0   0.000009461
      1568.0   0.000000497
      1569.0   0.000006402
      1570.0   0.000007094
      1571.0   0.000001781
      1572.0   0.000000075
      1573.0   0.000005368
      1574.0   0.000000283
      1575.0   0.000010570
      1576.0   0.000000557
      1577.0   0.000000000
      1578.0   0.000000000
      1579.0   0.000000000
      1580.0   0.000000000
      1581.0   0.000000000
      1582.0   0.000000883
      1583.0   0.000001117
      1584.0   0.000001569
      1585.0   0.000000080
      1586.0   0.000004662
      1587.0   0.000000246
      1588.0   0.000000000
      1589.0   0.000001714
      1590.0   0.000000090
      1591.0   0.000005356
      1592.0   0.000008307
      1593.0   0.000000423
      1594.0   0.000000000
      1595.0   0.000006970
      1596.0   0.000002181
      1597.0   0.000000096
      1598.0   0.000000000
      1599.0   0.000000421
      1600.0   0.000000022
      1601.0   0.000000000
      1602.0   0.000000000
      1603.0   0.000001899
      1604.0   0.000002630
      1605.0   0.000000133
      1606.0   0.000000000
      1607.0   0.000000000
      1608.0   0.000003782
      1609.0   0.000000199
      1610.0   0.000000000
      1611.0   0.000000000
      1612.0   0.000000000
      1613.0   0.000000000
      1614.0   0.000000000
      1615.0   0.000000555
      1616.0   0.000000029
      1617.0   0.000000000
      1618.0   0.000007508
      1619.0   0.000007952
      1620.0   0.000000398
      1621.0   0.000001017
      1622.0   0.000000264
      1623.0   0.000002797
      1624.0   0.000005707
      1625.0   0.000000293
      1626.0   0.000000000
      1627.0   0.000000000
      1628.0   0.000000000
      1629.0   0.000000000
      1630.0   0.000000000
      1631.0   0.000002536
      1632.0   0.000001155
      1633.0   0.000000897
      1634.0   0.000002324
      1635.0   0.000001926
      1636.0   0.000000095
      1637.0   0.000001267
      1638.0   0.000007194
      1639.0   0.000000759
      1640.0   0.000003950
      1641.0   0.000000976
      1642.0   0.000000041
      1643.0   0.000000000
      1644.0   0.000000000
      1645.0   0.000002950
      1646.0   0.000000156
      1647.0   0.000005356
      1648.0   0.000000282
      1649.0   0.000000000
      1650.0   0.000000000
      1651.0   0.000000000
      1652.0   0.000000000
      1653.0   0.000009263
      1654.0   0.000000488
      1655.0   0.000000000
      1656.0   0.000000000
      1657.0   0.000005194
      1658.0   0.000002706
      1659.0   0.000000128
      1660.0   0.000003137
      1661.0   0.000000165
      1662.0   0.000000000
      1663.0   0.000000000
      1664.0   0.000004206
      1665.0   0.000007926
      1666.0   0.000000595
      1667.0   0.000000010
      1668.0   0.000000000
      1669.0   0.000001519
      1670.0   0.000004113
      1671.0   0.000000213
      1672.0   0.000000000
      1673.0   0.000000000
      1674.0   0.000000022
      1675.0   0.000000001
      1676.0   0.000000000
      1677.0   0.000000000
      1678.0   0.000001520
      1679.0   0.000004813
      1680.0   0.000005814
      1681.0   0.000005519
      1682.0   0.000000275
      1683.0   0.000000000
      1684.0   0.000010087
      1685.0   0.000009620
      1686.0   0.000000479
      1687.0   0.000000000
      1688.0   0.000000000
      1689.0   0.000001058
      1690.0   0.000005853
      1691.0   0.000000306
      1692.0   0.000000000
      1693.0   0.000000000
      1694.0   0.000000000
      1695.0   0.000005329
      1696.0   0.000002666
      1697.0   0.000000126
      1698.0   0.000003912
      1699.0   0.000000206
      1700.0   0.000000000
      1701.0   0.000005267
      1702.0   0.000000278
      1703.0   0.000000000
      1704.0   0.000014710
      1705.0   0.000006185
      1706.0   0.000000285
      1707.0   0.000001437
      1708.0   0.000000076
      1709.0   0.000000000
      1710.0   0.000014233
      1711.0   0.000000750
      1712.0   0.000002266
      1713.0   0.000004691
      1714.0   0.000004566
      1715.0   0.000003415
      1716.0   0.000000168
      1717.0   0.000007765
      1718.0   0.000000409
      1719.0   0.000000000
      1720.0   0.000001713
      1721.0   0.000000090
      1722.0   0.000000000
      1723.0   0.000005197
      1724.0   0.000000736
      1725.0   0.000000024
      1726.0   0.000004752
      1727.0   0.000000682
      1728.0   0.000000023
      1729.0   0.000000000
      1730.0   0.000006710
      1731.0   0.000000354
      1732.0   0.000007544
      1733.0   0.000000398
      1734.0   0.000000000
      1735.0   0.000000000
      1736.0   0.000001637
      1737.0   0.000001935
      1738.0   0.000000582
      1739.0   0.000000026
      1740.0   0.000000000
      1741.0   0.000000000
      1742.0   0.000000000
      1743.0   0.000008509
      1744.0   0.000000448
      1745.0   0.000000900
      1746.0   0.000000048
      1747.0   0.000000587
      1748.0   0.000000031
      1749.0   0.000000000
      1750.0   0.000003058
      1751.0   0.000000161
      1752.0   0.000006247
      1753.0   0.000000329
      1754.0   0.000000000
      1755.0   0.000000000
      1756.0   0.000000000
      1757.0   0.000000000
      1758.0   0.000000000
      1759.0   0.000003388
      1760.0   0.000000179
      1761.0   0.000000000
      1762.0   0.000007425
      1763.0   0.000000980
      1764.0   0.000001499
      1765.0   0.000000077
      1766.0   0.000000000
      1767.0   0.000000000
      1768.0   0.000006900
      1769.0   0.000001970
      1770.0   0.000002268
      1771.0   0.000000115
      1772.0   0.000000000
      1773.0   0.000005063
      1774.0   0.000000267
      1775.0   0.000000000
      1776.0   0.000002820
      1777.0   0.000000149
      1778.0   0.000001027
      1779.0   0.000002318
      1780.0   0.000000119
      1781.0   0.000001114
      1782.0   0.000000984
      1783.0   0.000000049
      1784.0   0.000000000
      1785.0   0.000001719
      1786.0   0.000001427
      1787.0   0.000003645
      1788.0   0.000000188
      1789.0   0.000000000
      1790.0   0.000004516
      1791.0   0.000002464
      1792.0   0.000013181
      1793.0   0.000003306
      1794.0   0.000000138
      1795.0   0.000001375
      1796.0   0.000001348
      1797.0   0.000001458
      1798.0   0.000004372
      1799.0   0.000000227
      1800.0   0.000006074
      1801.0   0.000000320
      1802.0   0.000000000
      1803.0   0.000000000
      1804.0   0.000001971
      1805.0   0.000003661
      1806.0   0.000000188
      1807.0   0.000000000
      1808.0   0.000000000
      1809.0   0.000000000
      1810.0   0.000000000
      1811.0   0.000001025
      1812.0   0.000002471
      1813.0   0.000000127
      1814.0   0.000009618
      1815.0   0.000000507
      1816.0   0.000001003
      1817.0   0.000000861
      1818.0   0.000000348
      1819.0   0.000000016
      1820.0   0.000000000
      1821.0   0.000000000
      1822.0   0.000000980
      1823.0   0.000000052
      1824.0   0.000007377
      1825.0   0.000000389
      1826.0   0.000000942
      1827.0   0.000003614
      1828.0   0.000000230
      1829.0   0.000000002
      1830.0   0.000000232
      1831.0   0.000001093
      1832.0   0.000000682
      1833.0   0.000005878
      1834.0   0.000009192
      1835.0   0.000004473
      1836.0   0.000001482
      1837.0   0.000007603
      1838.0   0.000005932
      1839.0   0.000000292
      1840.0   0.000002318
      1841.0   0.000000122
      1842.0   0.000004050
      1843.0   0.000006121
      1844.0   0.000009303
      1845.0   0.000006031
      1846.0   0.000000702
      1847.0   0.000000022
      1848.0   0.000000455
      1849.0   0.000000024
      1850.0   0.000000000
      1851.0   0.000006767
      1852.0   0.000000357
      1853.0   0.000004581
      1854.0   0.000002911
      1855.0   0.000000141
      1856.0   0.000000000
      1857.0   0.000000000
      1858.0   0.000001431
      1859.0   0.000000075
      1860.0   0.000000000
      1861.0   0.000003691
      1862.0   0.000005268
      1863.0   0.000006373
      1864.0   0.000007887
      1865.0   0.000000399
      1866.0   0.000000000
      1867.0   0.000001920
      1868.0   0.000006277
      1869.0   0.000000325
      1870.0   0.000003739
      1871.0   0.000000839
      1872.0   0.000000034
      1873.0   0.000000000
      1874.0   0.000000000
      1875.0   0.000000000
      1876.0   0.000005465
      1877.0   0.000002599
      1878.0   0.000000122
      1879.0   0.000000794
      1880.0   0.000004513
      1881.0   0.000000236
      1882.0   0.000001844
      1883.0   0.000002739
      1884.0   0.000000139
      1885.0   0.000000000
      1886.0   0.000010334
      1887.0   0.000003234
      1888.0   0.000001895
      1889.0   0.000000092
      1890.0   0.000001480
      1891.0   0.000001698
      1892.0   0.000003369
      1893.0   0.000000173
      1894.0   0.000000000
      1895.0   0.000000000
      1896.0   0.000000000
      1897.0   0.000000000
      1898.0   0.000000000
      1899.0   0.000000486
      1900.0   0.000000026
      1901.0   0.000002326
      1902.0   0.000000123
      1903.0   0.000000000
      1904.0   0.000000000
      1905.0   0.000000000
      1906.0   0.000000000
      1907.0   0.000000000
      1908.0   0.000003366
      1909.0   0.000001171
      1910.0   0.000000052
      1911.0   0.000000000
      1912.0   0.000001769
      1913.0   0.000000093
      1914.0   0.000000000
      1915.0   0.000007156
      1916.0   0.000001252
      1917.0   0.000002752
      1918.0   0.000000143
      1919.0   0.000002664
      1920.0   0.000000140
      1921.0   0.000000000
      1922.0   0.000002755
      1923.0   0.000000145
      1924.0   0.000006925
      1925.0   0.000000365
      1926.0   0.000000000
      1927.0   0.000000000
      1928.0   0.000001153
      1929.0   0.000002598
      1930.0   0.000000134
      1931.0   0.000003787
      1932.0   0.000002142
      1933.0   0.000000102
      1934.0   0.000006451
      1935.0   0.000000340
      1936.0   0.000001068
      1937.0   0.000000056
      1938.0   0.000006272
      1939.0   0.000003104
      1940.0   0.000005662
      1941.0   0.000000291
      1942.0   0.000000000
      1943.0   0.000003812
      1944.0   0.000004395
      1945.0   0.000000221
      1946.0   0.000000000
      1947.0   0.000000000
      1948.0   0.000000000
      1949.0   0.000000000
      1950.0   0.000002801
      1951.0   0.000007396
      1952.0   0.000003132
      1953.0   0.000004392
      1954.0   0.000003286
      1955.0   0.000002018
      1956.0   0.000000098
      1957.0   0.000000656
      1958.0   0.000004855
      1959.0   0.000008870
      1960.0   0.000006246
      1961.0   0.000005750
      1962.0   0.000000287
      1963.0   0.000004336
      1964.0   0.000001003
      1965.0   0.000001421
      1966.0   0.000000073
      1967.0   0.000010507
      1968.0   0.000002057
      1969.0   0.000000079
      1970.0   0.000002369
      1971.0   0.000008147
      1972.0   0.000000423
      1973.0   0.000005804
      1974.0   0.000000306
      1975.0   0.000000000
      1976.0   0.000006527
      1977.0   0.000000344
      1978.0   0.000000000
      1979.0   0.000000000
      1980.0   0.000005670
      1981.0   0.000000299
      1982.0   0.000006443
      1983.0   0.000005145
      1984.0   0.000008437
      1985.0   0.000003098
      1986.0   0.000009276
      1987.0   0.000000481
      1988.0   0.000000502
      1989.0   0.000000194
      1990.0   0.000002833
      1991.0   0.000003836
      1992.0   0.000005755
      1993.0   0.000002765
      1994.0   0.000004521
      1995.0   0.000007334
      1996.0   0.000007526
      1997.0   0.000010043
      1998.0   0.000007958
      1999.0   0.000020388
      2000.0   0.000013716
      2001.0   0.000021592
      2002.0   0.000027564
      2003.0   0.000024339
      2004.0   0.000020256
      2005.0   0.000028357
      2006.0   0.000026561
      2007.0   0.000031139
      2008.0   0.000032252
      2009.0   0.000037927
      2010.0   0.000034809
      2011.0   0.000037450
      2012.0   0.000043412
      2013.0   0.000044917
      2014.0   0.000044808
      2015.0   0.000041771
      2016.0   0.000044895
      2017.0   0.000045969
      2018.0   0.000043256
      2019.0   0.000050126
      2020.0   0.000051071
      2021.0   0.000059483
      2022.0   0.000065937
      2023.0   0.000063550
      2024.0   0.000066321
      2025.0   0.000071765
      2026.0   0.000076997
      2027.0   0.000087266
      2028.0   0.000101600
      2029.0   0.000099940
      2030.0   0.000121484
      2031.0   0.000130236
      2032.0   0.000158878
      2033.0   0.000170770
      2034.0   0.000205382
      2035.0   0.000220227
      2036.0   0.000255656
      2037.0   0.000295871
      2038.0   0.000335111
      2039.0   0.000376661
      2040.0   0.000453576
      2041.0   0.000522638
      2042.0   0.000613293
      2043.0   0.000716487
      2044.0   0.000831218
      2045.0   0.000976047
      2046.0   0.001152180
      2047.0   0.001366720
      2048.0   0.001620540
      2049.0   0.001917390
      2050.0   0.002256920
      2051.0   0.002701410
      2052.0   0.003218660
      2053.0   0.003882830
      2054.0   0.004730200
      2055.0   0.005665440
      2056.0   0.006887900
      2057.0   0.008444000
      2058.0   0.010285300
      2059.0   0.012797800
      2060.0   0.015930500
      2061.0   0.019816101
      2062.0   0.025067400
      2063.0   0.031499501
      2064.0   0.039741199
      2065.0   0.047802102
      2066.0   0.055870101
      2067.0   0.066694200
      2068.0   0.079420596
      2069.0   0.095776103
      2070.0   0.116187997
      2071.0   0.141956002
      2072.0   0.174383998
      2073.0   0.214820996
      2074.0   0.259108007
      2075.0   0.313205987
      2076.0   0.369935989
      2077.0   0.426313996
      2078.0   0.479056001
      2079.0   0.522367001
      2080.0   0.552640975
      2081.0   0.572768986
      2082.0   0.584372997
      2083.0   0.589718997
      2084.0   0.591094971
      2085.0   0.590041995
      2086.0   0.587926984
      2087.0   0.584981978
      2088.0   0.581589997
      2089.0   0.577284992
      2090.0   0.572118998
      2091.0   0.565348029
      2092.0   0.557601988
      2093.0   0.548969984
      2094.0   0.539732993
      2095.0   0.529735029
      2096.0   0.520595014
      2097.0   0.511299014
      2098.0   0.503087997
      2099.0   0.496464014
      2100.0   0.490682989
      2101.0   0.486404985
      2102.0   0.481366009
      2103.0   0.476047009
      2104.0   0.466681987
      2105.0   0.453083992
      2106.0   0.432767004
      2107.0   0.404444993
      2108.0   0.369199991
      2109.0   0.326622993
      2110.0   0.280829012
      2111.0   0.237299994
      2112.0   0.198755994
      2113.0   0.166963995
      2114.0   0.137568995
      2115.0   0.115220003
      2116.0   0.094931997
      2117.0   0.079639003
      2118.0   0.066405199
      2119.0   0.057502698
      2120.0   0.048734698
      2121.0   0.039170198
      2122.0   0.031065900
      2123.0   0.024492200
      2124.0   0.019505801
      2125.0   0.015561900
      2126.0   0.012547500
      2127.0   0.010151600
      2128.0   0.008232920
      2129.0   0.006700210
      2130.0   0.005531850
      2131.0   0.004609370
      2132.0   0.003822170
      2133.0   0.003210390
      2134.0   0.002725460
      2135.0   0.002315140
      2136.0   0.001964610
      2137.0   0.001687220
      2138.0   0.001459270
      2139.0   0.001257610
      2140.0   0.001096760
      2141.0   0.000959025
      2142.0   0.000817883
      2143.0   0.000718191
      2144.0   0.000636209
      2145.0   0.000558269
      2146.0   0.000487441
      2147.0   0.000430177
      2148.0   0.000373532
      2149.0   0.000331762
      2150.0   0.000300042
      2151.0   0.000266242
      2152.0   0.000238037
      2153.0   0.000215151
      2154.0   0.000185663
      2155.0   0.000165889
      2156.0   0.000144800
      2157.0   0.000134789
      2158.0   0.000124771
      2159.0   0.000122433
      2160.0   0.000103289
      2161.0   0.000094504
      2162.0   0.000085842
      2163.0   0.000077286
      2164.0   0.000077176
      2165.0   0.000067502
      2166.0   0.000070605
      2167.0   0.000060228
      2168.0   0.000057976
      2169.0   0.000060994
      2170.0   0.000053936
      2171.0   0.000038628
      2172.0   0.000041366
      2173.0   0.000034860
      2174.0   0.000040267
      2175.0   0.000030745
      2176.0   0.000035996
      2177.0   0.000021073
      2178.0   0.000029668
      2179.0   0.000034692
      2180.0   0.000020267
      2181.0   0.000019711
      2182.0   0.000015441
      2183.0   0.000022606
      2184.0   0.000017125
      2185.0   0.000018868
      2186.0   0.000011605
      2187.0   0.000019952
      2188.0   0.000016479
      2189.0   0.000012299
      2190.0   0.000022096
      2191.0   0.000017145
      2192.0   0.000010268
      2193.0   0.000000497
      2194.0   0.000008330
      2195.0   0.000009612
      2196.0   0.000012313
      2197.0   0.000008015
      2198.0   0.000008319
      2199.0   0.000007223
      2200.0   0.000000397
      2201.0   0.000000531
      2202.0   0.000007499
      2203.0   0.000012615
      2204.0   0.000000644
      2205.0   0.000000000
      2206.0   0.000000000
      2207.0   0.000004505
      2208.0   0.000005242
      2209.0   0.000004704
      2210.0   0.000002373
      2211.0   0.000003288
      2212.0   0.000000167
      2213.0   0.000000000
      2214.0   0.000000000
      2215.0   0.000000000
      2216.0   0.000004969
      2217.0   0.000000262
      2218.0   0.000004518
      2219.0   0.000004604
      2220.0   0.000003249
      2221.0   0.000004778
      2222.0   0.000000600
      2223.0   0.000003023
      2224.0   0.000001820
      2225.0   0.000000088
      2226.0   0.000000000
      2227.0   0.000000000
      2228.0   0.000005151
      2229.0   0.000014380
      2230.0   0.000005706
      2231.0   0.000003441
      2232.0   0.000006657
      2233.0   0.000004372
      2234.0   0.000000212
      2235.0   0.000000000
      2236.0   0.000000000
      2237.0   0.000000000
      2238.0   0.000000000
      2239.0   0.000000000
      2240.0   0.000000000
      2241.0   0.000006435
      2242.0   0.000009193
      2243.0   0.000002893
      2244.0   0.000003625
      2245.0   0.000000184
      2246.0   0.000000000
      2247.0   0.000001404
      2248.0   0.000004685
      2249.0   0.000000243
      2250.0   0.000000000
      2251.0   0.000000000
      2252.0   0.000000000
      2253.0   0.000000000
      2254.0   0.000000551
      2255.0   0.000000029
      2256.0   0.000001918
      2257.0   0.000001598
      2258.0   0.000000079
      2259.0   0.000013142
      2260.0   0.000002868
      2261.0   0.000002262
      2262.0   0.000003616
      2263.0   0.000012148
      2264.0   0.000000630
      2265.0   0.000000000
      2266.0   0.000000000
      2267.0   0.000003111
      2268.0   0.000000164
      2269.0   0.000000000
      2270.0   0.000002738
      2271.0   0.000002693
      2272.0   0.000000134
      2273.0   0.000006640
      2274.0   0.000002644
      2275.0   0.000000121
      2276.0   0.000002154
      2277.0   0.000000114
      2278.0   0.000000000
      2279.0   0.000000000
      2280.0   0.000000000
      2281.0   0.000000000
      2282.0   0.000000000
      2283.0   0.000000895
      2284.0   0.000000047
      2285.0   0.000000000
      2286.0   0.000007375
      2287.0   0.000003841
      2288.0   0.000001160
      2289.0   0.000000627
      2290.0   0.000000030
      2291.0   0.000000000
      2292.0   0.000002564
      2293.0   0.000000135
      2294.0   0.000000000
      2295.0   0.000001061
      2296.0   0.000000056
      2297.0   0.000004549
      2298.0   0.000000240
      2299.0   0.000000000
      2300.0   0.000002093
      2301.0   0.000004458
      2302.0   0.000009063
      2303.0   0.000000682
      2304.0   0.000007899
      2305.0   0.000000416
      2306.0   0.000001385
      2307.0   0.000001312
      2308.0   0.000003216
      2309.0   0.000002513
      2310.0   0.000004221
      2311.0   0.000000216
      2312.0   0.000004401
      2313.0   0.000006769
      2314.0   0.000000779
      2315.0   0.000004946
      2316.0   0.000000259
      2317.0   0.000004537
      2318.0   0.000000603
      2319.0   0.000001125
      2320.0   0.000000058
      2321.0   0.000000000
      2322.0   0.000000000
      2323.0   0.000000000
      2324.0   0.000004616
      2325.0   0.000010430
      2326.0   0.000003845
      2327.0   0.000002164
      2328.0   0.000000105
      2329.0   0.000006408
      2330.0   0.000006276
      2331.0   0.000000313
      2332.0   0.000007603
      2333.0   0.000000401
      2334.0   0.000000000
      2335.0   0.000001112
      2336.0   0.000001077
      2337.0   0.000002866
      2338.0   0.000000148
      2339.0   0.000002425
      2340.0   0.000000128
      2341.0   0.000000000
      2342.0   0.000008265
      2343.0   0.000000436
      2344.0   0.000005153
      2345.0   0.000009703
      2346.0   0.000000497
      2347.0   0.000000000
      2348.0   0.000001561
      2349.0   0.000000832
      2350.0   0.000003127
      2351.0   0.000000163
      2352.0   0.000005350
      2353.0   0.000010807
      2354.0   0.000000555
      2355.0   0.000004884
      2356.0   0.000000257
      2357.0   0.000000000
      2358.0   0.000007158
      2359.0   0.000004416
      2360.0   0.000000213
      2361.0   0.000001210
      2362.0   0.000000064
      2363.0   0.000000000
      2364.0   0.000003756
      2365.0   0.000000198
      2366.0   0.000000000
      2367.0   0.000000000
      2368.0   0.000001199
      2369.0   0.000000063
      2370.0   0.000000000
      2371.0   0.000001512
      2372.0   0.000003331
      2373.0   0.000002467
      2374.0   0.000001686
      2375.0   0.000004278
      2376.0   0.000005994
      2377.0   0.000005681
      2378.0   0.000000283
      2379.0   0.000000000
      2380.0   0.000000000
      2381.0   0.000007049
      2382.0   0.000005337
      2383.0   0.000007073
      2384.0   0.000005310
      2385.0   0.000000261
      2386.0   0.000000000
      2387.0   0.000000000
      2388.0   0.000000000
      2389.0   0.000000000
      2390.0   0.000000000
      2391.0   0.000003587
      2392.0   0.000004113
      2393.0   0.000000207
      2394.0   0.000000000
      2395.0   0.000000142
      2396.0   0.000000008
      2397.0   0.000000000
      2398.0   0.000004285
      2399.0   0.000000226
      2400.0   0.000002056
      2401.0   0.000000108
      2402.0   0.000000000
      2403.0   0.000004489
      2404.0   0.000005146
      2405.0   0.000000259
      2406.0   0.000001058
      2407.0   0.000000056
      2408.0   0.000000000
      2409.0   0.000000000
      2410.0   0.000001348
      2411.0   0.000000071
      2412.0   0.000000000
      2413.0   0.000000000
      2414.0   0.000001900
      2415.0   0.000000867
      2416.0   0.000009355
      2417.0   0.000006531
      2418.0   0.000000318
      2419.0   0.000000526
      2420.0   0.000001203
      2421.0   0.000000982
      2422.0   0.000000049
      2423.0   0.000000000
      2424.0   0.000000000
      2425.0   0.000000000
      2426.0   0.000000000
      2427.0   0.000000000
      2428.0   0.000010453
      2429.0   0.000000572
      2430.0   0.000008286
      2431.0   0.000004421
      2432.0   0.000000210
      2433.0   0.000007327
      2434.0   0.000002053
      2435.0   0.000000088
      2436.0   0.000000000
      2437.0   0.000000000
      2438.0   0.000009847
      2439.0   0.000000519
      2440.0   0.000009918
      2441.0   0.000000523
      2442.0   0.000002592
      2443.0   0.000006654
      2444.0   0.000000528
      2445.0   0.000005158
      2446.0   0.000000271
      2447.0   0.000000000
      2448.0   0.000006804
      2449.0   0.000000359
      2450.0   0.000003588
      2451.0   0.000000189
      2452.0   0.000000000
      2453.0   0.000008552
      2454.0   0.000006686
      2455.0   0.000000329
      2456.0   0.000006449
      2457.0   0.000005872
      2458.0   0.000000292
      2459.0   0.000003227
      2460.0   0.000000170
      2461.0   0.000000000
      2462.0   0.000008006
      2463.0   0.000001110
      2464.0   0.000000036
      2465.0   0.000009340
      2466.0   0.000000492
      2467.0   0.000000000
      2468.0   0.000000000
      2469.0   0.000000000
      2470.0   0.000006171
      2471.0   0.000003766
      2472.0   0.000000181
      2473.0   0.000010094
      2474.0   0.000000532
      2475.0   0.000000000
      2476.0   0.000003107
      2477.0   0.000003900
      2478.0   0.000010358
      2479.0   0.000000535
      2480.0   0.000000000
      2481.0   0.000000707
      2482.0   0.000000037
      2483.0   0.000000000
      2484.0   0.000000000
      2485.0   0.000000000
      2486.0   0.000000000
      2487.0   0.000000000
      2488.0   0.000000000
      2489.0   0.000000000
      2490.0   0.000000000
      2491.0   0.000000539
      2492.0   0.000000028
      2493.0   0.000000000
      2494.0   0.000000368
      2495.0   0.000000019
      2496.0   0.000000000
      2497.0   0.000003710
      2498.0   0.000002874
      2499.0   0.000000141
      2500.0   0.000000000
      2501.0   0.000000000
      2502.0   0.000005632
      2503.0   0.000000667
      2504.0   0.000001749
      2505.0   0.000002982
      2506.0   0.000002169
      2507.0   0.000000106
      2508.0   0.000006014
      2509.0   0.000000410
      2510.0   0.000000005
      2511.0   0.000005450
      2512.0   0.000000287
      2513.0   0.000004176
      2514.0   0.000000220
      2515.0   0.000002363
      2516.0   0.000001138
      2517.0   0.000000053
      2518.0   0.000004344
      2519.0   0.000000229
      2520.0   0.000002862
      2521.0   0.000004278
      2522.0   0.000000218
      2523.0   0.000002453
      2524.0   0.000004151
      2525.0   0.000000212
      2526.0   0.000000000
      2527.0   0.000005334
      2528.0   0.000008894
      2529.0   0.000002067
      2530.0   0.000000085
      2531.0   0.000005624
      2532.0   0.000000296
      2533.0   0.000000418
      2534.0   0.000007697
      2535.0   0.000004036
      2536.0   0.000000191
      2537.0   0.000003683
      2538.0   0.000000194
      2539.0   0.000000000
      2540.0   0.000000000
      2541.0   0.000006741
      2542.0   0.000006158
      2543.0   0.000016173
      2544.0   0.000000836
      2545.0   0.000004597
      2546.0   0.000000242
      2547.0   0.000010463
      2548.0   0.000009062
      2549.0   0.000000634
      2550.0   0.000000010
      2551.0   0.000002533
      2552.0   0.000010737
      2553.0   0.000006881
      2554.0   0.000000333
      2555.0   0.000014640
      2556.0   0.000003305
      2557.0   0.000000143
      2558.0   0.000002937
      2559.0   0.000000155
      2560.0   0.000000000
      2561.0   0.000000000
      2562.0   0.000005150
      2563.0   0.000000271
      2564.0   0.000000000
      2565.0   0.000004319
      2566.0   0.000006244
      2567.0   0.000000317
      2568.0   0.000004260
      2569.0   0.000000225
      2570.0   0.000003977
      2571.0   0.000010220
      2572.0   0.000031232
      2573.0   0.000006184
      2574.0   0.000023003
      2575.0   0.000015660
      2576.0   0.000015471
      2577.0   0.000009642
      2578.0   0.000016199
      2579.0   0.000004128
      2580.0   0.000000174
      2581.0   0.000017147
      2582.0   0.000000903
      2583.0   0.000019790
      2584.0   0.000021924
      2585.0   0.000008146
      2586.0   0.000031395
      2587.0   0.000007869
      2588.0   0.000002845
      2589.0   0.000002396
      2590.0   0.000000119
      2591.0   0.000011697
      2592.0   0.000000616
      2593.0   0.000009114
      2594.0   0.000000480
      2595.0   0.000000000
      2596.0   0.000000000
      2597.0   0.000021281
      2598.0   0.000006152
      2599.0   0.000039228
      2600.0   0.000014167
      2601.0   0.000009238
      2602.0   0.000030284
      2603.0   0.000010635
      2604.0   0.000006273
      2605.0   0.000021887
      2606.0   0.000028928
      2607.0   0.000014026
      2608.0   0.000000662
      2609.0   0.000000000
      2610.0   0.000002102
      2611.0   0.000002589
      2612.0   0.000008282
      2613.0   0.000029085
      2614.0   0.000004237
      2615.0   0.000000144
      2616.0   0.000001456
      2617.0   0.000031503
      2618.0   0.000001656
      2619.0   0.000000000
      2620.0   0.000012373
      2621.0   0.000011400
      2622.0   0.000014311
      2623.0   0.000000724
      2624.0   0.000010802
      2625.0   0.000020799
      2626.0   0.000001066
      2627.0   0.000010165
      2628.0   0.000002060
      2629.0   0.000000080
      2630.0   0.000011406
      2631.0   0.000010664
      2632.0   0.000000530
      2633.0   0.000028154
      2634.0   0.000008898
      2635.0   0.000009627
      2636.0   0.000006020
      2637.0   0.000013496
      2638.0   0.000000696
      2639.0   0.000000011
      2640.0   0.000000001
      2641.0   0.000000000
      2642.0   0.000010758
      2643.0   0.000000567
      2644.0   0.000009516
      2645.0   0.000004631
      2646.0   0.000014161
      2647.0   0.000011388
      2648.0   0.000012826
      2649.0   0.000000646
      2650.0   0.000005145
      2651.0   0.000007455
      2652.0   0.000000378
      2653.0   0.000000000
      2654.0   0.000000000
      2655.0   0.000000000
      2656.0   0.000000000
      2657.0   0.000000000
      2658.0   0.000000000
      2659.0   0.000000000
      2660.0   0.000000000
      2661.0   0.000000000
      2662.0   0.000000000
      2663.0   0.000000000
      2664.0   0.000000000
      2665.0   0.000000000
      2666.0   0.000000000
      2667.0   0.000000000
      2668.0   0.000000000
      2669.0   0.000000000
      2670.0   0.000000000
      2671.0   0.000000000
      2672.0   0.000000000
      2673.0   0.000000000
      2674.0   0.000000000
      2675.0   0.000000000
      2676.0   0.000000000
      2677.0   0.000000000
      2678.0   0.000000000
      2679.0   0.000000000
      2680.0   0.000000000
      2681.0   0.000000000
      2682.0   0.000000000
      2683.0   0.000000000
      2684.0   0.000000000
      2685.0   0.000000000
      2686.0   0.000000000
      2687.0   0.000000000
      2688.0   0.000000000
      2689.0   0.000000000
      2690.0   0.000000000
      2691.0   0.000000000
      2692.0   0.000000000
      2693.0   0.000000000
      2694.0   0.000000000
      2695.0   0.000000000
      2696.0   0.000000000
      2697.0   0.000000000
      2698.0   0.000000000
      2699.0   0.000000000
      2700.0   0.000000000
