#                                                          
# SPHERE/IRDIS NB N_CntK2 filter transmission              
#                                                          
# Updated with final values on 2015-04-16 by Arthur Vigan  
# For any information, please contact <arthur.vigan@lam.fr>
#                                                          
# wavelength   N_CntK2                                     
#                                                          
       400.0   0.000000000
       401.0   0.000000018
       402.0   0.000000120
       403.0   0.000000138
       404.0   0.000000068
       405.0   0.000000419
       406.0   0.000000737
       407.0   0.000001008
       408.0   0.000000674
       409.0   0.000000530
       410.0   0.000000204
       411.0   0.000000116
       412.0   0.000000318
       413.0   0.000000854
       414.0   0.000001978
       415.0   0.000002692
       416.0   0.000001909
       417.0   0.000001196
       418.0   0.000001118
       419.0   0.000000988
       420.0   0.000000834
       421.0   0.000000447
       422.0   0.000000016
       423.0   0.000000130
       424.0   0.000000374
       425.0   0.000000863
       426.0   0.000000936
       427.0   0.000001073
       428.0   0.000000795
       429.0   0.000000256
       430.0   0.000000032
       431.0   0.000000211
       432.0   0.000000282
       433.0   0.000000238
       434.0   0.000000129
       435.0   0.000000032
       436.0   0.000000000
       437.0   0.000000000
       438.0   0.000000001
       439.0   0.000000004
       440.0   0.000000005
       441.0   0.000000027
       442.0   0.000000000
       443.0   0.000000000
       444.0   0.000000000
       445.0   0.000000009
       446.0   0.000000047
       447.0   0.000000002
       448.0   0.000000009
       449.0   0.000000000
       450.0   0.000000008
       451.0   0.000000044
       452.0   0.000000005
       453.0   0.000000025
       454.0   0.000000000
       455.0   0.000000015
       456.0   0.000000098
       457.0   0.000000103
       458.0   0.000000002
       459.0   0.000000017
       460.0   0.000000046
       461.0   0.000000000
       462.0   0.000000003
       463.0   0.000000024
       464.0   0.000000040
       465.0   0.000000000
       466.0   0.000000000
       467.0   0.000000000
       468.0   0.000000010
       469.0   0.000000051
       470.0   0.000000000
       471.0   0.000000012
       472.0   0.000000064
       473.0   0.000000000
       474.0   0.000000004
       475.0   0.000000021
       476.0   0.000000000
       477.0   0.000000000
       478.0   0.000000000
       479.0   0.000000002
       480.0   0.000000009
       481.0   0.000000000
       482.0   0.000000000
       483.0   0.000000009
       484.0   0.000000047
       485.0   0.000000000
       486.0   0.000000000
       487.0   0.000000018
       488.0   0.000000200
       489.0   0.000000738
       490.0   0.000001022
       491.0   0.000000784
       492.0   0.000000312
       493.0   0.000000103
       494.0   0.000000105
       495.0   0.000000048
       496.0   0.000000235
       497.0   0.000000867
       498.0   0.000001547
       499.0   0.000001660
       500.0   0.000001861
       501.0   0.000002165
       502.0   0.000001470
       503.0   0.000000565
       504.0   0.000000249
       505.0   0.000000295
       506.0   0.000000716
       507.0   0.000001174
       508.0   0.000001132
       509.0   0.000000470
       510.0   0.000000001
       511.0   0.000000007
       512.0   0.000000006
       513.0   0.000000033
       514.0   0.000000000
       515.0   0.000000000
       516.0   0.000000000
       517.0   0.000000000
       518.0   0.000000000
       519.0   0.000000000
       520.0   0.000000000
       521.0   0.000000000
       522.0   0.000000000
       523.0   0.000000000
       524.0   0.000000000
       525.0   0.000000000
       526.0   0.000000000
       527.0   0.000000000
       528.0   0.000000000
       529.0   0.000000004
       530.0   0.000000018
       531.0   0.000000000
       532.0   0.000000000
       533.0   0.000000000
       534.0   0.000000000
       535.0   0.000000000
       536.0   0.000000000
       537.0   0.000000004
       538.0   0.000000025
       539.0   0.000000017
       540.0   0.000000000
       541.0   0.000000003
       542.0   0.000000018
       543.0   0.000000027
       544.0   0.000000009
       545.0   0.000000048
       546.0   0.000000002
       547.0   0.000000011
       548.0   0.000000019
       549.0   0.000000003
       550.0   0.000000004
       551.0   0.000000026
       552.0   0.000000040
       553.0   0.000000000
       554.0   0.000000000
       555.0   0.000000022
       556.0   0.000000116
       557.0   0.000000000
       558.0   0.000000000
       559.0   0.000000001
       560.0   0.000000007
       561.0   0.000000000
       562.0   0.000000000
       563.0   0.000000000
       564.0   0.000000000
       565.0   0.000000005
       566.0   0.000000029
       567.0   0.000000012
       568.0   0.000000000
       569.0   0.000000000
       570.0   0.000000012
       571.0   0.000000064
       572.0   0.000000023
       573.0   0.000000099
       574.0   0.000000000
       575.0   0.000000000
       576.0   0.000000000
       577.0   0.000000000
       578.0   0.000000000
       579.0   0.000000000
       580.0   0.000000000
       581.0   0.000000000
       582.0   0.000000000
       583.0   0.000000000
       584.0   0.000000003
       585.0   0.000000017
       586.0   0.000000000
       587.0   0.000000000
       588.0   0.000000000
       589.0   0.000000000
       590.0   0.000000000
       591.0   0.000000000
       592.0   0.000000000
       593.0   0.000000000
       594.0   0.000000000
       595.0   0.000000000
       596.0   0.000000000
       597.0   0.000000000
       598.0   0.000000000
       599.0   0.000000000
       600.0   0.000000001
       601.0   0.000000005
       602.0   0.000000000
       603.0   0.000000000
       604.0   0.000000003
       605.0   0.000000014
       606.0   0.000000000
       607.0   0.000000008
       608.0   0.000000047
       609.0   0.000000032
       610.0   0.000000000
       611.0   0.000000000
       612.0   0.000000000
       613.0   0.000000000
       614.0   0.000000000
       615.0   0.000000006
       616.0   0.000000029
       617.0   0.000000000
       618.0   0.000000011
       619.0   0.000000059
       620.0   0.000000000
       621.0   0.000000000
       622.0   0.000000000
       623.0   0.000000002
       624.0   0.000000038
       625.0   0.000000318
       626.0   0.000001200
       627.0   0.000001847
       628.0   0.000001698
       629.0   0.000001233
       630.0   0.000000854
       631.0   0.000000881
       632.0   0.000001050
       633.0   0.000001412
       634.0   0.000002074
       635.0   0.000003463
       636.0   0.000004709
       637.0   0.000004800
       638.0   0.000003290
       639.0   0.000002099
       640.0   0.000001518
       641.0   0.000001435
       642.0   0.000001318
       643.0   0.000001212
       644.0   0.000001246
       645.0   0.000002091
       646.0   0.000003213
       647.0   0.000004359
       648.0   0.000004703
       649.0   0.000003684
       650.0   0.000003109
       651.0   0.000003201
       652.0   0.000003302
       653.0   0.000003649
       654.0   0.000003655
       655.0   0.000004314
       656.0   0.000005464
       657.0   0.000006762
       658.0   0.000008186
       659.0   0.000009380
       660.0   0.000010421
       661.0   0.000010861
       662.0   0.000010952
       663.0   0.000011016
       664.0   0.000010871
       665.0   0.000010540
       666.0   0.000009973
       667.0   0.000008197
       668.0   0.000005432
       669.0   0.000003611
       670.0   0.000002897
       671.0   0.000002418
       672.0   0.000002080
       673.0   0.000002194
       674.0   0.000002332
       675.0   0.000004045
       676.0   0.000007063
       677.0   0.000008540
       678.0   0.000006342
       679.0   0.000003155
       680.0   0.000001089
       681.0   0.000000257
       682.0   0.000000000
       683.0   0.000000000
       684.0   0.000000015
       685.0   0.000000078
       686.0   0.000000000
       687.0   0.000000000
       688.0   0.000000000
       689.0   0.000000000
       690.0   0.000000000
       691.0   0.000000000
       692.0   0.000000003
       693.0   0.000000015
       694.0   0.000000000
       695.0   0.000000007
       696.0   0.000000056
       697.0   0.000000108
       698.0   0.000000000
       699.0   0.000000000
       700.0   0.000000000
       701.0   0.000000003
       702.0   0.000000016
       703.0   0.000000000
       704.0   0.000000002
       705.0   0.000000011
       706.0   0.000000000
       707.0   0.000000000
       708.0   0.000000000
       709.0   0.000000000
       710.0   0.000000000
       711.0   0.000000000
       712.0   0.000000000
       713.0   0.000000000
       714.0   0.000000000
       715.0   0.000000000
       716.0   0.000000000
       717.0   0.000000000
       718.0   0.000000009
       719.0   0.000000045
       720.0   0.000000000
       721.0   0.000000000
       722.0   0.000000000
       723.0   0.000000000
       724.0   0.000000000
       725.0   0.000000002
       726.0   0.000000011
       727.0   0.000000000
       728.0   0.000000003
       729.0   0.000000015
       730.0   0.000000002
       731.0   0.000000009
       732.0   0.000000000
       733.0   0.000000000
       734.0   0.000000000
       735.0   0.000000000
       736.0   0.000000000
       737.0   0.000000000
       738.0   0.000000000
       739.0   0.000000000
       740.0   0.000000000
       741.0   0.000000000
       742.0   0.000000000
       743.0   0.000000000
       744.0   0.000000000
       745.0   0.000000000
       746.0   0.000000000
       747.0   0.000000016
       748.0   0.000000082
       749.0   0.000000009
       750.0   0.000000045
       751.0   0.000000002
       752.0   0.000000019
       753.0   0.000000046
       754.0   0.000000012
       755.0   0.000000065
       756.0   0.000000026
       757.0   0.000000086
       758.0   0.000000000
       759.0   0.000000000
       760.0   0.000000000
       761.0   0.000000000
       762.0   0.000000011
       763.0   0.000000060
       764.0   0.000000026
       765.0   0.000000000
       766.0   0.000000000
       767.0   0.000000000
       768.0   0.000000000
       769.0   0.000000006
       770.0   0.000000028
       771.0   0.000000013
       772.0   0.000000070
       773.0   0.000000000
       774.0   0.000000002
       775.0   0.000000008
       776.0   0.000000015
       777.0   0.000000108
       778.0   0.000000147
       779.0   0.000000000
       780.0   0.000000000
       781.0   0.000000000
       782.0   0.000000000
       783.0   0.000000000
       784.0   0.000000000
       785.0   0.000000013
       786.0   0.000000069
       787.0   0.000000002
       788.0   0.000000009
       789.0   0.000000000
       790.0   0.000000000
       791.0   0.000000035
       792.0   0.000000184
       793.0   0.000000000
       794.0   0.000000021
       795.0   0.000000110
       796.0   0.000000000
       797.0   0.000000007
       798.0   0.000000034
       799.0   0.000000000
       800.0   0.000000000
       801.0   0.000000000
       802.0   0.000000000
       803.0   0.000000000
       804.0   0.000000000
       805.0   0.000000000
       806.0   0.000000020
       807.0   0.000000105
       808.0   0.000000000
       809.0   0.000000000
       810.0   0.000000000
       811.0   0.000000057
       812.0   0.000000525
       813.0   0.000001932
       814.0   0.000005103
       815.0   0.000006685
       816.0   0.000004503
       817.0   0.000002292
       818.0   0.000001996
       819.0   0.000003139
       820.0   0.000004994
       821.0   0.000008135
       822.0   0.000009878
       823.0   0.000009735
       824.0   0.000009240
       825.0   0.000007558
       826.0   0.000005128
       827.0   0.000003177
       828.0   0.000001787
       829.0   0.000001166
       830.0   0.000001105
       831.0   0.000001877
       832.0   0.000002318
       833.0   0.000002340
       834.0   0.000001703
       835.0   0.000001108
       836.0   0.000000734
       837.0   0.000000656
       838.0   0.000000527
       839.0   0.000001153
       840.0   0.000001920
       841.0   0.000003549
       842.0   0.000004862
       843.0   0.000006586
       844.0   0.000008580
       845.0   0.000011861
       846.0   0.000013444
       847.0   0.000009860
       848.0   0.000005811
       849.0   0.000004568
       850.0   0.000002522
       851.0   0.000003144
       852.0   0.000003909
       853.0   0.000003417
       854.0   0.000003565
       855.0   0.000003340
       856.0   0.000001939
       857.0   0.000001514
       858.0   0.000001532
       859.0   0.000001377
       860.0   0.000001865
       861.0   0.000001835
       862.0   0.000001460
       863.0   0.000001188
       864.0   0.000002145
       865.0   0.000001269
       866.0   0.000001114
       867.0   0.000000051
       868.0   0.000000549
       869.0   0.000002472
       870.0   0.000005652
       871.0   0.000004056
       872.0   0.000009611
       873.0   0.000007981
       874.0   0.000009834
       875.0   0.000008078
       876.0   0.000008295
       877.0   0.000001968
       878.0   0.000004905
       879.0   0.000007121
       880.0   0.000006923
       881.0   0.000004295
       882.0   0.000016039
       883.0   0.000019421
       884.0   0.000011958
       885.0   0.000008896
       886.0   0.000018425
       887.0   0.000018683
       888.0   0.000006696
       889.0   0.000010659
       890.0   0.000015573
       891.0   0.000012881
       892.0   0.000015199
       893.0   0.000007758
       894.0   0.000013443
       895.0   0.000013680
       896.0   0.000010944
       897.0   0.000021171
       898.0   0.000016253
       899.0   0.000012830
       900.0   0.000016852
       901.0   0.000013513
       902.0   0.000004079
       903.0   0.000011306
       904.0   0.000016570
       905.0   0.000021216
       906.0   0.000010906
       907.0   0.000009647
       908.0   0.000014996
       909.0   0.000018815
       910.0   0.000013370
       911.0   0.000014942
       912.0   0.000003818
       913.0   0.000002051
       914.0   0.000004545
       915.0   0.000009850
       916.0   0.000007211
       917.0   0.000004148
       918.0   0.000007892
       919.0   0.000014314
       920.0   0.000014649
       921.0   0.000009661
       922.0   0.000009812
       923.0   0.000007064
       924.0   0.000007182
       925.0   0.000008800
       926.0   0.000009009
       927.0   0.000015157
       928.0   0.000007646
       929.0   0.000018716
       930.0   0.000005668
       931.0   0.000022820
       932.0   0.000015817
       933.0   0.000019714
       934.0   0.000023148
       935.0   0.000023815
       936.0   0.000020836
       937.0   0.000019728
       938.0   0.000019481
       939.0   0.000019207
       940.0   0.000017441
       941.0   0.000020599
       942.0   0.000021752
       943.0   0.000019167
       944.0   0.000011559
       945.0   0.000014254
       946.0   0.000011352
       947.0   0.000017235
       948.0   0.000012088
       949.0   0.000014981
       950.0   0.000014271
       951.0   0.000006340
       952.0   0.000013861
       953.0   0.000010305
       954.0   0.000012632
       955.0   0.000010872
       956.0   0.000010635
       957.0   0.000014312
       958.0   0.000002126
       959.0   0.000013491
       960.0   0.000015122
       961.0   0.000008841
       962.0   0.000011131
       963.0   0.000013446
       964.0   0.000008236
       965.0   0.000019700
       966.0   0.000015239
       967.0   0.000012687
       968.0   0.000011846
       969.0   0.000011241
       970.0   0.000013982
       971.0   0.000019851
       972.0   0.000019173
       973.0   0.000020803
       974.0   0.000018504
       975.0   0.000026162
       976.0   0.000024976
       977.0   0.000034883
       978.0   0.000019665
       979.0   0.000022776
       980.0   0.000022795
       981.0   0.000023099
       982.0   0.000027100
       983.0   0.000020647
       984.0   0.000021339
       985.0   0.000019934
       986.0   0.000028661
       987.0   0.000030367
       988.0   0.000014224
       989.0   0.000019083
       990.0   0.000014335
       991.0   0.000025728
       992.0   0.000021505
       993.0   0.000017429
       994.0   0.000012320
       995.0   0.000010710
       996.0   0.000007722
       997.0   0.000017115
       998.0   0.000015193
       999.0   0.000002747
      1000.0   0.000007417
      1001.0   0.000010029
      1002.0   0.000012348
      1003.0   0.000009293
      1004.0   0.000009468
      1005.0   0.000006232
      1006.0   0.000021420
      1007.0   0.000017134
      1008.0   0.000014830
      1009.0   0.000019909
      1010.0   0.000019744
      1011.0   0.000025155
      1012.0   0.000033492
      1013.0   0.000030593
      1014.0   0.000026204
      1015.0   0.000023088
      1016.0   0.000038076
      1017.0   0.000026801
      1018.0   0.000030302
      1019.0   0.000023630
      1020.0   0.000030307
      1021.0   0.000032527
      1022.0   0.000035730
      1023.0   0.000029943
      1024.0   0.000031809
      1025.0   0.000021878
      1026.0   0.000017564
      1027.0   0.000018181
      1028.0   0.000019394
      1029.0   0.000019503
      1030.0   0.000021307
      1031.0   0.000017428
      1032.0   0.000012887
      1033.0   0.000018536
      1034.0   0.000022035
      1035.0   0.000029308
      1036.0   0.000023304
      1037.0   0.000016518
      1038.0   0.000013926
      1039.0   0.000010066
      1040.0   0.000007002
      1041.0   0.000018491
      1042.0   0.000021418
      1043.0   0.000019178
      1044.0   0.000028408
      1045.0   0.000016480
      1046.0   0.000021441
      1047.0   0.000013461
      1048.0   0.000018887
      1049.0   0.000016930
      1050.0   0.000016363
      1051.0   0.000023951
      1052.0   0.000017802
      1053.0   0.000027555
      1054.0   0.000022870
      1055.0   0.000029175
      1056.0   0.000021262
      1057.0   0.000018016
      1058.0   0.000021972
      1059.0   0.000022122
      1060.0   0.000017772
      1061.0   0.000016186
      1062.0   0.000016329
      1063.0   0.000017326
      1064.0   0.000022370
      1065.0   0.000022033
      1066.0   0.000030118
      1067.0   0.000015590
      1068.0   0.000007569
      1069.0   0.000012780
      1070.0   0.000019795
      1071.0   0.000021805
      1072.0   0.000009001
      1073.0   0.000014436
      1074.0   0.000009490
      1075.0   0.000009805
      1076.0   0.000014498
      1077.0   0.000008219
      1078.0   0.000012258
      1079.0   0.000020208
      1080.0   0.000009522
      1081.0   0.000011217
      1082.0   0.000004983
      1083.0   0.000007137
      1084.0   0.000011053
      1085.0   0.000005048
      1086.0   0.000007483
      1087.0   0.000013200
      1088.0   0.000022916
      1089.0   0.000014114
      1090.0   0.000015451
      1091.0   0.000017000
      1092.0   0.000017573
      1093.0   0.000016519
      1094.0   0.000006552
      1095.0   0.000008834
      1096.0   0.000012656
      1097.0   0.000008913
      1098.0   0.000007495
      1099.0   0.000017819
      1100.0   0.000008105
      1101.0   0.000015148
      1102.0   0.000017059
      1103.0   0.000014142
      1104.0   0.000009767
      1105.0   0.000014909
      1106.0   0.000023889
      1107.0   0.000015045
      1108.0   0.000019414
      1109.0   0.000012150
      1110.0   0.000012490
      1111.0   0.000015375
      1112.0   0.000024090
      1113.0   0.000020020
      1114.0   0.000017519
      1115.0   0.000020106
      1116.0   0.000022786
      1117.0   0.000018246
      1118.0   0.000017925
      1119.0   0.000019471
      1120.0   0.000016114
      1121.0   0.000010611
      1122.0   0.000008296
      1123.0   0.000019090
      1124.0   0.000016691
      1125.0   0.000020790
      1126.0   0.000019509
      1127.0   0.000012250
      1128.0   0.000024098
      1129.0   0.000015909
      1130.0   0.000007863
      1131.0   0.000012575
      1132.0   0.000004866
      1133.0   0.000005860
      1134.0   0.000015772
      1135.0   0.000004219
      1136.0   0.000004174
      1137.0   0.000020873
      1138.0   0.000013610
      1139.0   0.000007100
      1140.0   0.000012235
      1141.0   0.000017474
      1142.0   0.000011334
      1143.0   0.000013814
      1144.0   0.000016809
      1145.0   0.000016079
      1146.0   0.000010840
      1147.0   0.000003321
      1148.0   0.000007942
      1149.0   0.000012004
      1150.0   0.000011973
      1151.0   0.000019055
      1152.0   0.000024054
      1153.0   0.000020759
      1154.0   0.000021344
      1155.0   0.000016982
      1156.0   0.000014224
      1157.0   0.000012687
      1158.0   0.000003343
      1159.0   0.000018491
      1160.0   0.000006400
      1161.0   0.000009074
      1162.0   0.000011094
      1163.0   0.000016326
      1164.0   0.000012338
      1165.0   0.000016813
      1166.0   0.000013421
      1167.0   0.000014934
      1168.0   0.000017021
      1169.0   0.000014332
      1170.0   0.000014351
      1171.0   0.000008251
      1172.0   0.000004423
      1173.0   0.000005343
      1174.0   0.000012005
      1175.0   0.000016360
      1176.0   0.000013043
      1177.0   0.000012568
      1178.0   0.000009687
      1179.0   0.000011133
      1180.0   0.000009515
      1181.0   0.000010657
      1182.0   0.000014104
      1183.0   0.000020731
      1184.0   0.000015743
      1185.0   0.000016340
      1186.0   0.000009319
      1187.0   0.000012684
      1188.0   0.000005352
      1189.0   0.000003739
      1190.0   0.000013557
      1191.0   0.000007463
      1192.0   0.000012546
      1193.0   0.000006000
      1194.0   0.000016593
      1195.0   0.000013439
      1196.0   0.000012967
      1197.0   0.000021482
      1198.0   0.000012844
      1199.0   0.000011033
      1200.0   0.000004629
      1201.0   0.000007665
      1202.0   0.000003858
      1203.0   0.000014037
      1204.0   0.000015095
      1205.0   0.000010338
      1206.0   0.000013119
      1207.0   0.000015459
      1208.0   0.000007902
      1209.0   0.000013929
      1210.0   0.000009697
      1211.0   0.000007732
      1212.0   0.000006135
      1213.0   0.000010647
      1214.0   0.000012378
      1215.0   0.000000000
      1216.0   0.000000977
      1217.0   0.000005128
      1218.0   0.000000651
      1219.0   0.000003772
      1220.0   0.000004670
      1221.0   0.000016398
      1222.0   0.000010066
      1223.0   0.000007201
      1224.0   0.000002691
      1225.0   0.000014886
      1226.0   0.000006206
      1227.0   0.000012489
      1228.0   0.000007759
      1229.0   0.000015200
      1230.0   0.000011322
      1231.0   0.000014622
      1232.0   0.000012436
      1233.0   0.000020499
      1234.0   0.000013844
      1235.0   0.000016186
      1236.0   0.000018998
      1237.0   0.000017743
      1238.0   0.000019434
      1239.0   0.000025111
      1240.0   0.000020303
      1241.0   0.000022124
      1242.0   0.000022696
      1243.0   0.000019961
      1244.0   0.000012528
      1245.0   0.000007175
      1246.0   0.000015767
      1247.0   0.000008833
      1248.0   0.000018861
      1249.0   0.000021916
      1250.0   0.000018909
      1251.0   0.000016175
      1252.0   0.000011499
      1253.0   0.000017879
      1254.0   0.000009899
      1255.0   0.000008812
      1256.0   0.000010241
      1257.0   0.000009426
      1258.0   0.000011277
      1259.0   0.000007982
      1260.0   0.000005490
      1261.0   0.000005967
      1262.0   0.000008675
      1263.0   0.000005335
      1264.0   0.000011392
      1265.0   0.000006333
      1266.0   0.000001304
      1267.0   0.000007627
      1268.0   0.000004213
      1269.0   0.000001232
      1270.0   0.000003893
      1271.0   0.000003138
      1272.0   0.000002358
      1273.0   0.000003294
      1274.0   0.000000536
      1275.0   0.000003512
      1276.0   0.000003901
      1277.0   0.000002346
      1278.0   0.000006418
      1279.0   0.000003599
      1280.0   0.000005022
      1281.0   0.000001476
      1282.0   0.000008196
      1283.0   0.000011801
      1284.0   0.000013151
      1285.0   0.000013185
      1286.0   0.000008104
      1287.0   0.000008510
      1288.0   0.000005662
      1289.0   0.000013623
      1290.0   0.000015105
      1291.0   0.000017204
      1292.0   0.000019464
      1293.0   0.000020203
      1294.0   0.000016368
      1295.0   0.000014685
      1296.0   0.000015349
      1297.0   0.000005961
      1298.0   0.000017717
      1299.0   0.000014668
      1300.0   0.000007006
      1301.0   0.000014977
      1302.0   0.000013526
      1303.0   0.000009471
      1304.0   0.000018146
      1305.0   0.000008057
      1306.0   0.000010716
      1307.0   0.000011416
      1308.0   0.000005361
      1309.0   0.000010851
      1310.0   0.000000576
      1311.0   0.000005312
      1312.0   0.000012134
      1313.0   0.000001743
      1314.0   0.000006807
      1315.0   0.000006624
      1316.0   0.000002495
      1317.0   0.000010384
      1318.0   0.000011386
      1319.0   0.000001143
      1320.0   0.000006000
      1321.0   0.000000000
      1322.0   0.000000996
      1323.0   0.000005230
      1324.0   0.000000000
      1325.0   0.000001618
      1326.0   0.000009543
      1327.0   0.000005650
      1328.0   0.000001169
      1329.0   0.000004312
      1330.0   0.000010965
      1331.0   0.000005490
      1332.0   0.000011972
      1333.0   0.000012323
      1334.0   0.000009490
      1335.0   0.000014793
      1336.0   0.000012325
      1337.0   0.000013537
      1338.0   0.000018817
      1339.0   0.000025656
      1340.0   0.000017678
      1341.0   0.000022170
      1342.0   0.000021286
      1343.0   0.000014755
      1344.0   0.000018932
      1345.0   0.000014730
      1346.0   0.000009601
      1347.0   0.000006243
      1348.0   0.000001348
      1349.0   0.000002550
      1350.0   0.000003592
      1351.0   0.000000000
      1352.0   0.000000000
      1353.0   0.000000690
      1354.0   0.000004981
      1355.0   0.000007836
      1356.0   0.000004057
      1357.0   0.000002255
      1358.0   0.000001350
      1359.0   0.000000000
      1360.0   0.000000000
      1361.0   0.000001536
      1362.0   0.000008579
      1363.0   0.000002881
      1364.0   0.000000849
      1365.0   0.000001168
      1366.0   0.000006131
      1367.0   0.000000000
      1368.0   0.000000873
      1369.0   0.000004582
      1370.0   0.000000126
      1371.0   0.000000812
      1372.0   0.000001246
      1373.0   0.000002439
      1374.0   0.000000000
      1375.0   0.000000000
      1376.0   0.000000845
      1377.0   0.000004436
      1378.0   0.000000000
      1379.0   0.000000801
      1380.0   0.000004205
      1381.0   0.000000000
      1382.0   0.000000813
      1383.0   0.000004639
      1384.0   0.000003560
      1385.0   0.000009108
      1386.0   0.000004118
      1387.0   0.000002122
      1388.0   0.000000619
      1389.0   0.000000725
      1390.0   0.000004337
      1391.0   0.000003951
      1392.0   0.000006281
      1393.0   0.000000981
      1394.0   0.000000306
      1395.0   0.000000380
      1396.0   0.000001992
      1397.0   0.000000183
      1398.0   0.000000958
      1399.0   0.000000000
      1400.0   0.000000307
      1401.0   0.000001612
      1402.0   0.000000004
      1403.0   0.000000026
      1404.0   0.000000027
      1405.0   0.000000000
      1406.0   0.000000000
      1407.0   0.000000000
      1408.0   0.000000000
      1409.0   0.000000698
      1410.0   0.000004929
      1411.0   0.000006741
      1412.0   0.000001693
      1413.0   0.000006532
      1414.0   0.000001059
      1415.0   0.000000443
      1416.0   0.000000142
      1417.0   0.000001335
      1418.0   0.000003109
      1419.0   0.000000000
      1420.0   0.000000000
      1421.0   0.000000000
      1422.0   0.000000000
      1423.0   0.000000000
      1424.0   0.000000000
      1425.0   0.000000000
      1426.0   0.000000689
      1427.0   0.000003614
      1428.0   0.000000000
      1429.0   0.000000575
      1430.0   0.000003906
      1431.0   0.000006288
      1432.0   0.000008500
      1433.0   0.000000135
      1434.0   0.000002022
      1435.0   0.000008039
      1436.0   0.000005981
      1437.0   0.000000000
      1438.0   0.000000000
      1439.0   0.000000000
      1440.0   0.000000000
      1441.0   0.000000000
      1442.0   0.000000000
      1443.0   0.000000536
      1444.0   0.000002811
      1445.0   0.000000671
      1446.0   0.000003746
      1447.0   0.000001170
      1448.0   0.000001275
      1449.0   0.000007138
      1450.0   0.000003263
      1451.0   0.000005851
      1452.0   0.000005816
      1453.0   0.000003141
      1454.0   0.000000345
      1455.0   0.000001808
      1456.0   0.000000000
      1457.0   0.000000000
      1458.0   0.000000908
      1459.0   0.000004766
      1460.0   0.000000000
      1461.0   0.000000000
      1462.0   0.000000000
      1463.0   0.000000806
      1464.0   0.000004228
      1465.0   0.000000000
      1466.0   0.000000000
      1467.0   0.000000000
      1468.0   0.000000334
      1469.0   0.000001753
      1470.0   0.000000195
      1471.0   0.000002117
      1472.0   0.000005741
      1473.0   0.000000108
      1474.0   0.000000565
      1475.0   0.000000000
      1476.0   0.000000000
      1477.0   0.000000000
      1478.0   0.000000000
      1479.0   0.000000000
      1480.0   0.000000000
      1481.0   0.000001216
      1482.0   0.000007864
      1483.0   0.000007767
      1484.0   0.000001345
      1485.0   0.000007489
      1486.0   0.000002263
      1487.0   0.000000000
      1488.0   0.000000028
      1489.0   0.000000146
      1490.0   0.000000000
      1491.0   0.000000208
      1492.0   0.000001789
      1493.0   0.000003651
      1494.0   0.000000382
      1495.0   0.000002005
      1496.0   0.000000000
      1497.0   0.000000000
      1498.0   0.000000000
      1499.0   0.000000000
      1500.0   0.000001354
      1501.0   0.000007105
      1502.0   0.000000000
      1503.0   0.000000203
      1504.0   0.000001064
      1505.0   0.000000570
      1506.0   0.000002989
      1507.0   0.000000000
      1508.0   0.000000540
      1509.0   0.000002833
      1510.0   0.000000000
      1511.0   0.000000000
      1512.0   0.000000708
      1513.0   0.000003717
      1514.0   0.000000532
      1515.0   0.000002790
      1516.0   0.000000020
      1517.0   0.000000497
      1518.0   0.000002051
      1519.0   0.000000000
      1520.0   0.000000468
      1521.0   0.000002458
      1522.0   0.000001077
      1523.0   0.000006207
      1524.0   0.000002909
      1525.0   0.000000000
      1526.0   0.000001307
      1527.0   0.000007498
      1528.0   0.000003339
      1529.0   0.000000000
      1530.0   0.000000000
      1531.0   0.000000059
      1532.0   0.000000697
      1533.0   0.000002537
      1534.0   0.000003215
      1535.0   0.000002886
      1536.0   0.000000000
      1537.0   0.000000348
      1538.0   0.000002841
      1539.0   0.000005334
      1540.0   0.000000053
      1541.0   0.000001044
      1542.0   0.000004663
      1543.0   0.000003340
      1544.0   0.000000000
      1545.0   0.000000995
      1546.0   0.000006528
      1547.0   0.000006863
      1548.0   0.000000803
      1549.0   0.000004215
      1550.0   0.000000490
      1551.0   0.000002572
      1552.0   0.000000000
      1553.0   0.000000000
      1554.0   0.000000000
      1555.0   0.000000000
      1556.0   0.000000000
      1557.0   0.000000150
      1558.0   0.000000786
      1559.0   0.000000000
      1560.0   0.000001289
      1561.0   0.000006987
      1562.0   0.000001154
      1563.0   0.000000071
      1564.0   0.000000371
      1565.0   0.000000000
      1566.0   0.000000846
      1567.0   0.000005338
      1568.0   0.000005767
      1569.0   0.000006409
      1570.0   0.000006041
      1571.0   0.000006381
      1572.0   0.000001290
      1573.0   0.000006776
      1574.0   0.000001503
      1575.0   0.000007763
      1576.0   0.000000000
      1577.0   0.000000000
      1578.0   0.000000000
      1579.0   0.000000000
      1580.0   0.000000647
      1581.0   0.000003652
      1582.0   0.000001342
      1583.0   0.000000000
      1584.0   0.000000000
      1585.0   0.000000000
      1586.0   0.000000511
      1587.0   0.000002680
      1588.0   0.000000000
      1589.0   0.000000000
      1590.0   0.000000113
      1591.0   0.000000591
      1592.0   0.000000000
      1593.0   0.000000000
      1594.0   0.000000449
      1595.0   0.000002358
      1596.0   0.000000000
      1597.0   0.000000000
      1598.0   0.000000398
      1599.0   0.000002438
      1600.0   0.000001837
      1601.0   0.000000000
      1602.0   0.000000199
      1603.0   0.000002004
      1604.0   0.000005036
      1605.0   0.000001589
      1606.0   0.000008340
      1607.0   0.000000688
      1608.0   0.000003609
      1609.0   0.000000000
      1610.0   0.000000000
      1611.0   0.000000000
      1612.0   0.000000000
      1613.0   0.000000000
      1614.0   0.000000000
      1615.0   0.000000000
      1616.0   0.000000000
      1617.0   0.000000298
      1618.0   0.000002195
      1619.0   0.000003749
      1620.0   0.000002312
      1621.0   0.000001857
      1622.0   0.000009865
      1623.0   0.000001806
      1624.0   0.000006234
      1625.0   0.000000000
      1626.0   0.000000000
      1627.0   0.000000000
      1628.0   0.000000000
      1629.0   0.000000829
      1630.0   0.000005567
      1631.0   0.000006486
      1632.0   0.000000474
      1633.0   0.000000191
      1634.0   0.000001180
      1635.0   0.000000923
      1636.0   0.000000000
      1637.0   0.000000916
      1638.0   0.000004805
      1639.0   0.000000233
      1640.0   0.000001225
      1641.0   0.000000000
      1642.0   0.000000000
      1643.0   0.000000316
      1644.0   0.000001658
      1645.0   0.000000077
      1646.0   0.000001068
      1647.0   0.000003497
      1648.0   0.000000000
      1649.0   0.000000000
      1650.0   0.000000000
      1651.0   0.000000000
      1652.0   0.000000786
      1653.0   0.000004125
      1654.0   0.000000000
      1655.0   0.000000000
      1656.0   0.000001345
      1657.0   0.000007413
      1658.0   0.000001863
      1659.0   0.000000000
      1660.0   0.000000000
      1661.0   0.000000000
      1662.0   0.000000000
      1663.0   0.000000000
      1664.0   0.000001565
      1665.0   0.000008214
      1666.0   0.000000000
      1667.0   0.000000000
      1668.0   0.000000774
      1669.0   0.000004638
      1670.0   0.000003212
      1671.0   0.000001006
      1672.0   0.000000454
      1673.0   0.000002381
      1674.0   0.000000000
      1675.0   0.000000000
      1676.0   0.000000000
      1677.0   0.000000026
      1678.0   0.000001164
      1679.0   0.000006215
      1680.0   0.000005367
      1681.0   0.000005904
      1682.0   0.000000000
      1683.0   0.000001552
      1684.0   0.000009233
      1685.0   0.000005700
      1686.0   0.000000000
      1687.0   0.000000000
      1688.0   0.000000000
      1689.0   0.000000000
      1690.0   0.000000000
      1691.0   0.000000000
      1692.0   0.000000000
      1693.0   0.000000000
      1694.0   0.000000831
      1695.0   0.000005544
      1696.0   0.000006953
      1697.0   0.000004375
      1698.0   0.000003050
      1699.0   0.000004123
      1700.0   0.000000028
      1701.0   0.000000185
      1702.0   0.000000970
      1703.0   0.000001063
      1704.0   0.000006251
      1705.0   0.000004217
      1706.0   0.000003586
      1707.0   0.000000000
      1708.0   0.000000000
      1709.0   0.000002808
      1710.0   0.000015177
      1711.0   0.000002740
      1712.0   0.000002277
      1713.0   0.000000425
      1714.0   0.000002229
      1715.0   0.000001299
      1716.0   0.000006817
      1717.0   0.000000560
      1718.0   0.000003161
      1719.0   0.000002450
      1720.0   0.000006678
      1721.0   0.000001114
      1722.0   0.000005847
      1723.0   0.000000000
      1724.0   0.000000000
      1725.0   0.000000000
      1726.0   0.000001160
      1727.0   0.000006087
      1728.0   0.000000000
      1729.0   0.000000000
      1730.0   0.000000000
      1731.0   0.000000439
      1732.0   0.000002302
      1733.0   0.000000000
      1734.0   0.000000000
      1735.0   0.000000000
      1736.0   0.000000372
      1737.0   0.000002124
      1738.0   0.000001221
      1739.0   0.000001646
      1740.0   0.000000085
      1741.0   0.000000878
      1742.0   0.000002601
      1743.0   0.000001687
      1744.0   0.000000721
      1745.0   0.000005004
      1746.0   0.000006414
      1747.0   0.000000000
      1748.0   0.000000000
      1749.0   0.000000484
      1750.0   0.000002541
      1751.0   0.000001010
      1752.0   0.000005308
      1753.0   0.000000871
      1754.0   0.000004454
      1755.0   0.000000095
      1756.0   0.000000415
      1757.0   0.000002176
      1758.0   0.000000740
      1759.0   0.000003885
      1760.0   0.000000570
      1761.0   0.000003735
      1762.0   0.000004127
      1763.0   0.000001253
      1764.0   0.000000117
      1765.0   0.000000000
      1766.0   0.000000000
      1767.0   0.000000570
      1768.0   0.000003341
      1769.0   0.000001892
      1770.0   0.000000307
      1771.0   0.000000000
      1772.0   0.000001070
      1773.0   0.000005618
      1774.0   0.000000210
      1775.0   0.000001103
      1776.0   0.000000000
      1777.0   0.000000000
      1778.0   0.000000000
      1779.0   0.000000000
      1780.0   0.000000000
      1781.0   0.000000018
      1782.0   0.000000799
      1783.0   0.000003697
      1784.0   0.000000000
      1785.0   0.000000778
      1786.0   0.000004910
      1787.0   0.000004334
      1788.0   0.000000003
      1789.0   0.000000097
      1790.0   0.000000508
      1791.0   0.000000000
      1792.0   0.000000737
      1793.0   0.000003870
      1794.0   0.000000000
      1795.0   0.000000000
      1796.0   0.000000667
      1797.0   0.000003551
      1798.0   0.000000319
      1799.0   0.000001440
      1800.0   0.000007765
      1801.0   0.000007236
      1802.0   0.000000134
      1803.0   0.000000701
      1804.0   0.000000681
      1805.0   0.000003654
      1806.0   0.000000423
      1807.0   0.000000435
      1808.0   0.000002783
      1809.0   0.000002623
      1810.0   0.000000900
      1811.0   0.000004724
      1812.0   0.000000710
      1813.0   0.000004877
      1814.0   0.000006122
      1815.0   0.000001309
      1816.0   0.000004219
      1817.0   0.000000489
      1818.0   0.000002963
      1819.0   0.000002086
      1820.0   0.000000000
      1821.0   0.000000276
      1822.0   0.000001449
      1823.0   0.000000112
      1824.0   0.000001469
      1825.0   0.000005237
      1826.0   0.000004177
      1827.0   0.000005638
      1828.0   0.000002387
      1829.0   0.000001547
      1830.0   0.000002510
      1831.0   0.000001318
      1832.0   0.000001254
      1833.0   0.000007754
      1834.0   0.000007352
      1835.0   0.000007977
      1836.0   0.000008805
      1837.0   0.000002526
      1838.0   0.000007683
      1839.0   0.000005889
      1840.0   0.000001085
      1841.0   0.000000000
      1842.0   0.000000000
      1843.0   0.000000000
      1844.0   0.000000586
      1845.0   0.000003631
      1846.0   0.000003571
      1847.0   0.000004927
      1848.0   0.000007892
      1849.0   0.000000000
      1850.0   0.000000840
      1851.0   0.000004506
      1852.0   0.000001694
      1853.0   0.000008069
      1854.0   0.000009580
      1855.0   0.000000492
      1856.0   0.000002584
      1857.0   0.000000000
      1858.0   0.000000000
      1859.0   0.000000000
      1860.0   0.000000321
      1861.0   0.000002324
      1862.0   0.000005001
      1863.0   0.000009101
      1864.0   0.000002368
      1865.0   0.000000291
      1866.0   0.000000349
      1867.0   0.000002979
      1868.0   0.000006013
      1869.0   0.000000001
      1870.0   0.000000629
      1871.0   0.000003302
      1872.0   0.000000000
      1873.0   0.000000000
      1874.0   0.000000000
      1875.0   0.000000010
      1876.0   0.000000600
      1877.0   0.000002870
      1878.0   0.000000000
      1879.0   0.000000167
      1880.0   0.000001422
      1881.0   0.000004004
      1882.0   0.000006762
      1883.0   0.000003836
      1884.0   0.000000000
      1885.0   0.000000780
      1886.0   0.000004095
      1887.0   0.000000319
      1888.0   0.000001672
      1889.0   0.000001085
      1890.0   0.000005692
      1891.0   0.000000503
      1892.0   0.000002639
      1893.0   0.000000000
      1894.0   0.000000000
      1895.0   0.000000002
      1896.0   0.000000012
      1897.0   0.000000000
      1898.0   0.000000000
      1899.0   0.000000000
      1900.0   0.000000000
      1901.0   0.000000000
      1902.0   0.000000000
      1903.0   0.000000000
      1904.0   0.000000000
      1905.0   0.000000000
      1906.0   0.000000000
      1907.0   0.000000397
      1908.0   0.000002084
      1909.0   0.000001312
      1910.0   0.000006983
      1911.0   0.000000644
      1912.0   0.000001333
      1913.0   0.000003436
      1914.0   0.000001327
      1915.0   0.000006382
      1916.0   0.000001597
      1917.0   0.000003937
      1918.0   0.000000990
      1919.0   0.000005761
      1920.0   0.000004481
      1921.0   0.000008237
      1922.0   0.000002582
      1923.0   0.000004251
      1924.0   0.000002912
      1925.0   0.000002213
      1926.0   0.000002109
      1927.0   0.000001315
      1928.0   0.000006904
      1929.0   0.000000463
      1930.0   0.000002428
      1931.0   0.000000000
      1932.0   0.000000000
      1933.0   0.000002268
      1934.0   0.000011904
      1935.0   0.000000023
      1936.0   0.000000122
      1937.0   0.000000486
      1938.0   0.000002550
      1939.0   0.000000000
      1940.0   0.000000000
      1941.0   0.000000000
      1942.0   0.000000000
      1943.0   0.000000874
      1944.0   0.000004589
      1945.0   0.000000502
      1946.0   0.000002931
      1947.0   0.000001670
      1948.0   0.000000555
      1949.0   0.000000000
      1950.0   0.000000199
      1951.0   0.000001098
      1952.0   0.000000699
      1953.0   0.000002170
      1954.0   0.000000000
      1955.0   0.000000000
      1956.0   0.000000043
      1957.0   0.000001235
      1958.0   0.000006213
      1959.0   0.000005394
      1960.0   0.000002857
      1961.0   0.000000768
      1962.0   0.000004028
      1963.0   0.000000000
      1964.0   0.000000000
      1965.0   0.000000000
      1966.0   0.000000000
      1967.0   0.000000000
      1968.0   0.000000000
      1969.0   0.000000000
      1970.0   0.000000930
      1971.0   0.000004883
      1972.0   0.000000000
      1973.0   0.000000000
      1974.0   0.000000000
      1975.0   0.000000693
      1976.0   0.000003638
      1977.0   0.000001031
      1978.0   0.000005411
      1979.0   0.000001119
      1980.0   0.000005874
      1981.0   0.000000000
      1982.0   0.000000073
      1983.0   0.000001214
      1984.0   0.000004777
      1985.0   0.000002249
      1986.0   0.000000194
      1987.0   0.000000000
      1988.0   0.000000000
      1989.0   0.000000000
      1990.0   0.000000863
      1991.0   0.000004667
      1992.0   0.000000736
      1993.0   0.000000000
      1994.0   0.000000000
      1995.0   0.000000000
      1996.0   0.000000000
      1997.0   0.000000000
      1998.0   0.000000484
      1999.0   0.000002540
      2000.0   0.000001046
      2001.0   0.000005490
      2002.0   0.000000781
      2003.0   0.000004584
      2004.0   0.000002554
      2005.0   0.000000001
      2006.0   0.000000000
      2007.0   0.000001701
      2008.0   0.000009149
      2009.0   0.000001287
      2010.0   0.000001163
      2011.0   0.000003536
      2012.0   0.000003136
      2013.0   0.000001246
      2014.0   0.000007616
      2015.0   0.000006082
      2016.0   0.000002330
      2017.0   0.000000000
      2018.0   0.000000000
      2019.0   0.000000000
      2020.0   0.000001373
      2021.0   0.000007965
      2022.0   0.000004729
      2023.0   0.000003834
      2024.0   0.000000329
      2025.0   0.000001725
      2026.0   0.000000000
      2027.0   0.000000760
      2028.0   0.000004533
      2029.0   0.000002863
      2030.0   0.000000000
      2031.0   0.000000757
      2032.0   0.000003972
      2033.0   0.000001510
      2034.0   0.000007925
      2035.0   0.000000784
      2036.0   0.000005385
      2037.0   0.000007514
      2038.0   0.000004501
      2039.0   0.000001306
      2040.0   0.000006856
      2041.0   0.000000000
      2042.0   0.000000278
      2043.0   0.000001523
      2044.0   0.000000740
      2045.0   0.000002890
      2046.0   0.000005264
      2047.0   0.000007354
      2048.0   0.000006804
      2049.0   0.000004221
      2050.0   0.000000213
      2051.0   0.000001118
      2052.0   0.000001009
      2053.0   0.000005659
      2054.0   0.000001872
      2055.0   0.000000245
      2056.0   0.000002107
      2057.0   0.000004840
      2058.0   0.000002709
      2059.0   0.000000597
      2060.0   0.000003134
      2061.0   0.000000000
      2062.0   0.000000566
      2063.0   0.000002976
      2064.0   0.000000346
      2065.0   0.000001815
      2066.0   0.000000000
      2067.0   0.000000204
      2068.0   0.000001072
      2069.0   0.000000000
      2070.0   0.000000000
      2071.0   0.000000052
      2072.0   0.000000274
      2073.0   0.000000259
      2074.0   0.000001360
      2075.0   0.000000138
      2076.0   0.000000768
      2077.0   0.000000378
      2078.0   0.000000752
      2079.0   0.000000903
      2080.0   0.000005117
      2081.0   0.000001971
      2082.0   0.000001266
      2083.0   0.000007038
      2084.0   0.000002042
      2085.0   0.000000262
      2086.0   0.000001375
      2087.0   0.000000000
      2088.0   0.000000000
      2089.0   0.000000519
      2090.0   0.000003576
      2091.0   0.000004657
      2092.0   0.000000971
      2093.0   0.000000213
      2094.0   0.000001116
      2095.0   0.000000000
      2096.0   0.000000048
      2097.0   0.000000250
      2098.0   0.000000123
      2099.0   0.000000771
      2100.0   0.000001193
      2101.0   0.000003869
      2102.0   0.000005409
      2103.0   0.000000553
      2104.0   0.000003379
      2105.0   0.000002496
      2106.0   0.000000000
      2107.0   0.000000965
      2108.0   0.000005457
      2109.0   0.000003114
      2110.0   0.000005618
      2111.0   0.000001542
      2112.0   0.000008577
      2113.0   0.000003322
      2114.0   0.000004340
      2115.0   0.000000210
      2116.0   0.000002099
      2117.0   0.000005291
      2118.0   0.000000231
      2119.0   0.000000617
      2120.0   0.000003377
      2121.0   0.000000792
      2122.0   0.000001488
      2123.0   0.000006107
      2124.0   0.000001737
      2125.0   0.000002802
      2126.0   0.000001540
      2127.0   0.000008092
      2128.0   0.000000541
      2129.0   0.000003862
      2130.0   0.000005353
      2131.0   0.000002003
      2132.0   0.000010523
      2133.0   0.000000038
      2134.0   0.000000198
      2135.0   0.000000038
      2136.0   0.000000201
      2137.0   0.000000994
      2138.0   0.000005699
      2139.0   0.000003199
      2140.0   0.000004704
      2141.0   0.000006186
      2142.0   0.000003304
      2143.0   0.000000215
      2144.0   0.000002559
      2145.0   0.000009185
      2146.0   0.000009208
      2147.0   0.000002554
      2148.0   0.000000709
      2149.0   0.000004583
      2150.0   0.000005595
      2151.0   0.000006926
      2152.0   0.000007929
      2153.0   0.000009218
      2154.0   0.000016011
      2155.0   0.000009270
      2156.0   0.000004731
      2157.0   0.000001648
      2158.0   0.000007297
      2159.0   0.000010267
      2160.0   0.000009396
      2161.0   0.000008438
      2162.0   0.000011244
      2163.0   0.000004601
      2164.0   0.000011817
      2165.0   0.000014667
      2166.0   0.000023435
      2167.0   0.000009839
      2168.0   0.000009263
      2169.0   0.000022829
      2170.0   0.000015910
      2171.0   0.000011522
      2172.0   0.000016087
      2173.0   0.000019591
      2174.0   0.000020349
      2175.0   0.000017805
      2176.0   0.000013183
      2177.0   0.000020357
      2178.0   0.000017370
      2179.0   0.000028369
      2180.0   0.000026133
      2181.0   0.000023061
      2182.0   0.000028928
      2183.0   0.000029085
      2184.0   0.000026789
      2185.0   0.000031180
      2186.0   0.000032031
      2187.0   0.000044102
      2188.0   0.000046165
      2189.0   0.000044866
      2190.0   0.000056787
      2191.0   0.000060424
      2192.0   0.000064776
      2193.0   0.000060249
      2194.0   0.000071856
      2195.0   0.000084486
      2196.0   0.000080836
      2197.0   0.000090011
      2198.0   0.000101251
      2199.0   0.000111358
      2200.0   0.000117907
      2201.0   0.000126877
      2202.0   0.000148872
      2203.0   0.000165732
      2204.0   0.000173552
      2205.0   0.000191113
      2206.0   0.000209477
      2207.0   0.000238492
      2208.0   0.000266583
      2209.0   0.000296879
      2210.0   0.000320157
      2211.0   0.000354669
      2212.0   0.000395455
      2213.0   0.000440814
      2214.0   0.000490155
      2215.0   0.000545210
      2216.0   0.000618695
      2217.0   0.000699462
      2218.0   0.000796007
      2219.0   0.000895628
      2220.0   0.001021280
      2221.0   0.001158530
      2222.0   0.001323510
      2223.0   0.001528600
      2224.0   0.001768730
      2225.0   0.002057580
      2226.0   0.002396420
      2227.0   0.002817910
      2228.0   0.003317110
      2229.0   0.003961370
      2230.0   0.004817160
      2231.0   0.005793760
      2232.0   0.007032270
      2233.0   0.008566360
      2234.0   0.010585100
      2235.0   0.013107900
      2236.0   0.016459599
      2237.0   0.020727800
      2238.0   0.025771700
      2239.0   0.032346100
      2240.0   0.040361099
      2241.0   0.048464600
      2242.0   0.054949500
      2243.0   0.063669696
      2244.0   0.075442098
      2245.0   0.088840403
      2246.0   0.105910003
      2247.0   0.126160994
      2248.0   0.150546998
      2249.0   0.179282993
      2250.0   0.212102994
      2251.0   0.245561004
      2252.0   0.283809990
      2253.0   0.319709986
      2254.0   0.350079000
      2255.0   0.374532014
      2256.0   0.392324001
      2257.0   0.403266013
      2258.0   0.409350991
      2259.0   0.411760002
      2260.0   0.412115991
      2261.0   0.411523014
      2262.0   0.410703003
      2263.0   0.410315990
      2264.0   0.410010010
      2265.0   0.409922004
      2266.0   0.409924001
      2267.0   0.409323990
      2268.0   0.408257008
      2269.0   0.406210989
      2270.0   0.403198004
      2271.0   0.399103999
      2272.0   0.393913001
      2273.0   0.387802005
      2274.0   0.379824996
      2275.0   0.370595008
      2276.0   0.359820992
      2277.0   0.345934987
      2278.0   0.329025000
      2279.0   0.308647990
      2280.0   0.282413989
      2281.0   0.253363997
      2282.0   0.223208994
      2283.0   0.190999001
      2284.0   0.162330002
      2285.0   0.135075003
      2286.0   0.111947998
      2287.0   0.091372401
      2288.0   0.074845999
      2289.0   0.061926998
      2290.0   0.051540401
      2291.0   0.041140299
      2292.0   0.032237101
      2293.0   0.024681799
      2294.0   0.018860500
      2295.0   0.014437100
      2296.0   0.011000200
      2297.0   0.008388470
      2298.0   0.006472590
      2299.0   0.004964110
      2300.0   0.003767420
      2301.0   0.002965970
      2302.0   0.002337230
      2303.0   0.001839580
      2304.0   0.001465990
      2305.0   0.001160700
      2306.0   0.000935950
      2307.0   0.000760336
      2308.0   0.000619523
      2309.0   0.000510934
      2310.0   0.000423727
      2311.0   0.000348260
      2312.0   0.000293468
      2313.0   0.000247147
      2314.0   0.000201385
      2315.0   0.000172321
      2316.0   0.000135496
      2317.0   0.000124077
      2318.0   0.000108721
      2319.0   0.000096206
      2320.0   0.000078591
      2321.0   0.000052727
      2322.0   0.000051091
      2323.0   0.000039881
      2324.0   0.000037430
      2325.0   0.000033827
      2326.0   0.000021471
      2327.0   0.000018283
      2328.0   0.000017992
      2329.0   0.000024582
      2330.0   0.000017406
      2331.0   0.000017101
      2332.0   0.000012911
      2333.0   0.000008789
      2334.0   0.000008184
      2335.0   0.000004141
      2336.0   0.000002926
      2337.0   0.000007390
      2338.0   0.000002375
      2339.0   0.000005289
      2340.0   0.000002914
      2341.0   0.000000306
      2342.0   0.000001847
      2343.0   0.000003288
      2344.0   0.000011451
      2345.0   0.000004190
      2346.0   0.000000869
      2347.0   0.000000000
      2348.0   0.000000371
      2349.0   0.000002201
      2350.0   0.000001316
      2351.0   0.000001097
      2352.0   0.000006322
      2353.0   0.000003950
      2354.0   0.000005475
      2355.0   0.000001158
      2356.0   0.000000000
      2357.0   0.000001414
      2358.0   0.000007430
      2359.0   0.000000000
      2360.0   0.000000530
      2361.0   0.000002786
      2362.0   0.000000000
      2363.0   0.000001502
      2364.0   0.000009084
      2365.0   0.000006975
      2366.0   0.000003864
      2367.0   0.000000638
      2368.0   0.000000393
      2369.0   0.000002063
      2370.0   0.000000309
      2371.0   0.000001763
      2372.0   0.000000821
      2373.0   0.000000376
      2374.0   0.000000109
      2375.0   0.000002301
      2376.0   0.000009090
      2377.0   0.000000656
      2378.0   0.000003445
      2379.0   0.000000000
      2380.0   0.000001334
      2381.0   0.000007006
      2382.0   0.000001192
      2383.0   0.000006260
      2384.0   0.000000000
      2385.0   0.000000000
      2386.0   0.000000000
      2387.0   0.000000000
      2388.0   0.000000000
      2389.0   0.000000003
      2390.0   0.000000055
      2391.0   0.000000887
      2392.0   0.000003528
      2393.0   0.000000000
      2394.0   0.000000464
      2395.0   0.000003268
      2396.0   0.000004369
      2397.0   0.000000727
      2398.0   0.000003818
      2399.0   0.000000000
      2400.0   0.000000750
      2401.0   0.000003939
      2402.0   0.000001211
      2403.0   0.000007562
      2404.0   0.000006685
      2405.0   0.000002265
      2406.0   0.000002158
      2407.0   0.000002897
      2408.0   0.000000000
      2409.0   0.000000388
      2410.0   0.000002289
      2411.0   0.000001316
      2412.0   0.000001609
      2413.0   0.000008451
      2414.0   0.000001008
      2415.0   0.000006555
      2416.0   0.000007356
      2417.0   0.000003850
      2418.0   0.000000000
      2419.0   0.000000033
      2420.0   0.000000926
      2421.0   0.000004395
      2422.0   0.000002524
      2423.0   0.000001348
      2424.0   0.000002540
      2425.0   0.000000000
      2426.0   0.000000000
      2427.0   0.000001565
      2428.0   0.000008223
      2429.0   0.000002021
      2430.0   0.000010615
      2431.0   0.000000000
      2432.0   0.000000777
      2433.0   0.000004083
      2434.0   0.000000000
      2435.0   0.000000449
      2436.0   0.000002809
      2437.0   0.000003511
      2438.0   0.000005938
      2439.0   0.000001228
      2440.0   0.000006490
      2441.0   0.000001437
      2442.0   0.000006604
      2443.0   0.000001113
      2444.0   0.000003753
      2445.0   0.000006812
      2446.0   0.000007550
      2447.0   0.000001001
      2448.0   0.000005256
      2449.0   0.000000237
      2450.0   0.000001847
      2451.0   0.000003161
      2452.0   0.000000794
      2453.0   0.000004283
      2454.0   0.000000579
      2455.0   0.000000000
      2456.0   0.000000000
      2457.0   0.000000000
      2458.0   0.000001064
      2459.0   0.000005590
      2460.0   0.000000000
      2461.0   0.000000539
      2462.0   0.000002831
      2463.0   0.000000000
      2464.0   0.000000166
      2465.0   0.000000872
      2466.0   0.000000000
      2467.0   0.000000000
      2468.0   0.000000000
      2469.0   0.000000270
      2470.0   0.000001417
      2471.0   0.000000156
      2472.0   0.000002787
      2473.0   0.000010331
      2474.0   0.000000000
      2475.0   0.000000582
      2476.0   0.000003055
      2477.0   0.000001572
      2478.0   0.000008659
      2479.0   0.000002653
      2480.0   0.000002937
      2481.0   0.000000000
      2482.0   0.000000000
      2483.0   0.000000000
      2484.0   0.000000000
      2485.0   0.000000000
      2486.0   0.000000202
      2487.0   0.000001061
      2488.0   0.000000000
      2489.0   0.000000340
      2490.0   0.000002050
      2491.0   0.000002101
      2492.0   0.000003680
      2493.0   0.000000314
      2494.0   0.000001825
      2495.0   0.000000928
      2496.0   0.000001646
      2497.0   0.000008961
      2498.0   0.000001908
      2499.0   0.000001306
      2500.0   0.000000736
      2501.0   0.000004932
      2502.0   0.000005607
      2503.0   0.000000000
      2504.0   0.000000000
      2505.0   0.000000000
      2506.0   0.000000150
      2507.0   0.000002274
      2508.0   0.000007977
      2509.0   0.000000916
      2510.0   0.000000160
      2511.0   0.000000989
      2512.0   0.000001522
      2513.0   0.000003489
      2514.0   0.000002232
      2515.0   0.000002789
      2516.0   0.000000907
      2517.0   0.000000433
      2518.0   0.000002276
      2519.0   0.000001110
      2520.0   0.000005850
      2521.0   0.000000109
      2522.0   0.000000297
      2523.0   0.000001845
      2524.0   0.000001496
      2525.0   0.000000000
      2526.0   0.000000227
      2527.0   0.000001372
      2528.0   0.000000946
      2529.0   0.000001087
      2530.0   0.000005712
      2531.0   0.000000000
      2532.0   0.000000000
      2533.0   0.000000396
      2534.0   0.000002516
      2535.0   0.000002301
      2536.0   0.000000417
      2537.0   0.000002189
      2538.0   0.000000106
      2539.0   0.000000557
      2540.0   0.000001745
      2541.0   0.000009168
      2542.0   0.000000000
      2543.0   0.000000000
      2544.0   0.000000871
      2545.0   0.000004578
      2546.0   0.000000000
      2547.0   0.000000733
      2548.0   0.000003850
      2549.0   0.000000792
      2550.0   0.000005750
      2551.0   0.000008828
      2552.0   0.000003500
      2553.0   0.000005287
      2554.0   0.000003209
      2555.0   0.000016859
      2556.0   0.000000000
      2557.0   0.000000659
      2558.0   0.000003462
      2559.0   0.000000000
      2560.0   0.000000000
      2561.0   0.000000000
      2562.0   0.000000000
      2563.0   0.000000000
      2564.0   0.000000000
      2565.0   0.000000753
      2566.0   0.000004784
      2567.0   0.000004351
      2568.0   0.000000000
      2569.0   0.000000000
      2570.0   0.000000000
      2571.0   0.000000715
      2572.0   0.000005376
      2573.0   0.000009599
      2574.0   0.000005702
      2575.0   0.000001801
      2576.0   0.000009462
      2577.0   0.000000000
      2578.0   0.000000000
      2579.0   0.000000000
      2580.0   0.000000143
      2581.0   0.000000750
      2582.0   0.000000000
      2583.0   0.000000000
      2584.0   0.000000000
      2585.0   0.000000000
      2586.0   0.000000000
      2587.0   0.000000000
      2588.0   0.000000813
      2589.0   0.000004269
      2590.0   0.000000000
      2591.0   0.000000000
      2592.0   0.000000520
      2593.0   0.000002729
      2594.0   0.000000000
      2595.0   0.000000000
      2596.0   0.000000426
      2597.0   0.000003340
      2598.0   0.000010698
      2599.0   0.000029292
      2600.0   0.000018659
      2601.0   0.000004416
      2602.0   0.000009133
      2603.0   0.000000229
      2604.0   0.000001483
      2605.0   0.000011849
      2606.0   0.000022987
      2607.0   0.000008715
      2608.0   0.000000309
      2609.0   0.000003413
      2610.0   0.000010280
      2611.0   0.000004643
      2612.0   0.000002088
      2613.0   0.000010968
      2614.0   0.000000432
      2615.0   0.000002399
      2616.0   0.000002921
      2617.0   0.000011719
      2618.0   0.000000273
      2619.0   0.000001880
      2620.0   0.000002347
      2621.0   0.000000000
      2622.0   0.000000000
      2623.0   0.000000767
      2624.0   0.000004551
      2625.0   0.000003576
      2626.0   0.000007394
      2627.0   0.000015956
      2628.0   0.000000000
      2629.0   0.000001770
      2630.0   0.000009296
      2631.0   0.000000000
      2632.0   0.000002823
      2633.0   0.000014831
      2634.0   0.000000000
      2635.0   0.000000000
      2636.0   0.000000781
      2637.0   0.000004105
      2638.0   0.000000000
      2639.0   0.000002421
      2640.0   0.000012716
      2641.0   0.000002736
      2642.0   0.000014373
      2643.0   0.000000000
      2644.0   0.000000000
      2645.0   0.000000000
      2646.0   0.000003885
      2647.0   0.000022541
      2648.0   0.000011202
      2649.0   0.000001397
      2650.0   0.000009979
      2651.0   0.000016530
      2652.0   0.000014036
      2653.0   0.000000000
      2654.0   0.000000000
      2655.0   0.000000000
      2656.0   0.000000000
      2657.0   0.000000000
      2658.0   0.000000000
      2659.0   0.000000000
      2660.0   0.000000000
      2661.0   0.000000000
      2662.0   0.000000000
      2663.0   0.000000000
      2664.0   0.000000000
      2665.0   0.000000000
      2666.0   0.000000000
      2667.0   0.000000000
      2668.0   0.000000000
      2669.0   0.000000000
      2670.0   0.000000000
      2671.0   0.000000000
      2672.0   0.000000000
      2673.0   0.000000000
      2674.0   0.000000000
      2675.0   0.000000000
      2676.0   0.000000000
      2677.0   0.000000000
      2678.0   0.000000000
      2679.0   0.000000000
      2680.0   0.000000000
      2681.0   0.000000000
      2682.0   0.000000000
      2683.0   0.000000000
      2684.0   0.000000000
      2685.0   0.000000000
      2686.0   0.000000000
      2687.0   0.000000000
      2688.0   0.000000000
      2689.0   0.000000000
      2690.0   0.000000000
      2691.0   0.000000000
      2692.0   0.000000000
      2693.0   0.000000000
      2694.0   0.000000000
      2695.0   0.000000000
      2696.0   0.000000000
      2697.0   0.000000000
      2698.0   0.000000000
      2699.0   0.000000000
      2700.0   0.000000000
