#                                                          
# SPHERE/IRDIS DB D_K12 filters transmission               
#                                                          
# Updated with final values on 2015-04-16 by Arthur Vigan  
# For any information, please contact <arthur.vigan@lam.fr>
#                                                          
# wavelength   D_K1          D_K2                          
#                                                          
       400.0   0.000000000   0.000000000
       401.0   0.000000000   0.000000000
       402.0   0.000000000   0.000000000
       403.0   0.000000000   0.000000000
       404.0   0.000000000   0.000000000
       405.0   0.000000000   0.000000000
       406.0   0.000000000   0.000000000
       407.0   0.000000000   0.000000000
       408.0   0.000000000   0.000000000
       409.0   0.000000000   0.000000000
       410.0   0.000000000   0.000000000
       411.0   0.000000000   0.000000000
       412.0   0.000000000   0.000000000
       413.0   0.000000000   0.000000000
       414.0   0.000000000   0.000000000
       415.0   0.000000000   0.000000000
       416.0   0.000000000   0.000000000
       417.0   0.000000000   0.000000000
       418.0   0.000000000   0.000000000
       419.0   0.000000000   0.000000000
       420.0   0.000000000   0.000000000
       421.0   0.000000000   0.000000000
       422.0   0.000000000   0.000000000
       423.0   0.000000000   0.000000000
       424.0   0.000000000   0.000000000
       425.0   0.000000000   0.000000000
       426.0   0.000000000   0.000000000
       427.0   0.000000000   0.000000000
       428.0   0.000000000   0.000000000
       429.0   0.000000000   0.000000000
       430.0   0.000000000   0.000000000
       431.0   0.000000000   0.000000000
       432.0   0.000000000   0.000000000
       433.0   0.000000000   0.000000000
       434.0   0.000000000   0.000000000
       435.0   0.000000000   0.000000000
       436.0   0.000000000   0.000000000
       437.0   0.000000000   0.000000000
       438.0   0.000000000   0.000000000
       439.0   0.000000000   0.000000000
       440.0   0.000000000   0.000000000
       441.0   0.000000000   0.000000000
       442.0   0.000000000   0.000000000
       443.0   0.000000000   0.000000000
       444.0   0.000000000   0.000000000
       445.0   0.000000000   0.000000000
       446.0   0.000000000   0.000000000
       447.0   0.000000000   0.000000000
       448.0   0.000000000   0.000000000
       449.0   0.000000000   0.000000000
       450.0   0.000000000   0.000000000
       451.0   0.000000000   0.000000000
       452.0   0.000000000   0.000000000
       453.0   0.000000000   0.000000000
       454.0   0.000000000   0.000000000
       455.0   0.000000000   0.000000000
       456.0   0.000000000   0.000000000
       457.0   0.000000000   0.000000000
       458.0   0.000000000   0.000000000
       459.0   0.000000000   0.000000000
       460.0   0.000000000   0.000000000
       461.0   0.000000000   0.000000000
       462.0   0.000000000   0.000000000
       463.0   0.000000000   0.000000000
       464.0   0.000000000   0.000000000
       465.0   0.000000000   0.000000000
       466.0   0.000000000   0.000000000
       467.0   0.000000000   0.000000000
       468.0   0.000000000   0.000000000
       469.0   0.000000000   0.000000000
       470.0   0.000000000   0.000000000
       471.0   0.000000000   0.000000000
       472.0   0.000000000   0.000000000
       473.0   0.000000000   0.000000000
       474.0   0.000000000   0.000000000
       475.0   0.000000000   0.000000000
       476.0   0.000000000   0.000000000
       477.0   0.000000000   0.000000000
       478.0   0.000000000   0.000000000
       479.0   0.000000000   0.000000000
       480.0   0.000000000   0.000000000
       481.0   0.000000000   0.000000000
       482.0   0.000000000   0.000000000
       483.0   0.000000000   0.000000000
       484.0   0.000000000   0.000000000
       485.0   0.000000000   0.000000000
       486.0   0.000000000   0.000000000
       487.0   0.000000000   0.000000000
       488.0   0.000000000   0.000000000
       489.0   0.000000000   0.000000000
       490.0   0.000000000   0.000000000
       491.0   0.000000000   0.000000000
       492.0   0.000000000   0.000000000
       493.0   0.000000000   0.000000000
       494.0   0.000000000   0.000000000
       495.0   0.000000000   0.000000000
       496.0   0.000000000   0.000000000
       497.0   0.000000000   0.000000000
       498.0   0.000000000   0.000000000
       499.0   0.000000000   0.000000000
       500.0   0.000000000   0.000000000
       501.0   0.000000000   0.000000000
       502.0   0.000000000   0.000000000
       503.0   0.000000000   0.000000000
       504.0   0.000000000   0.000000000
       505.0   0.000000000   0.000000000
       506.0   0.000000000   0.000000000
       507.0   0.000000000   0.000000000
       508.0   0.000000000   0.000000000
       509.0   0.000000000   0.000000000
       510.0   0.000000000   0.000000000
       511.0   0.000000000   0.000000000
       512.0   0.000000000   0.000000000
       513.0   0.000000000   0.000000000
       514.0   0.000000000   0.000000000
       515.0   0.000000000   0.000000000
       516.0   0.000000000   0.000000000
       517.0   0.000000000   0.000000000
       518.0   0.000000000   0.000000000
       519.0   0.000000000   0.000000000
       520.0   0.000000000   0.000000000
       521.0   0.000000000   0.000000000
       522.0   0.000000000   0.000000000
       523.0   0.000000000   0.000000000
       524.0   0.000000000   0.000000000
       525.0   0.000000000   0.000000000
       526.0   0.000000000   0.000000000
       527.0   0.000000000   0.000000000
       528.0   0.000000000   0.000000000
       529.0   0.000000000   0.000000000
       530.0   0.000000000   0.000000000
       531.0   0.000000000   0.000000000
       532.0   0.000000000   0.000000000
       533.0   0.000000000   0.000000000
       534.0   0.000000000   0.000000000
       535.0   0.000000000   0.000000000
       536.0   0.000000000   0.000000000
       537.0   0.000000000   0.000000000
       538.0   0.000000000   0.000000000
       539.0   0.000000000   0.000000000
       540.0   0.000000000   0.000000000
       541.0   0.000000000   0.000000000
       542.0   0.000000000   0.000000000
       543.0   0.000000000   0.000000000
       544.0   0.000000000   0.000000000
       545.0   0.000000000   0.000000000
       546.0   0.000000000   0.000000000
       547.0   0.000000000   0.000000000
       548.0   0.000000000   0.000000000
       549.0   0.000000000   0.000000000
       550.0   0.000000000   0.000000000
       551.0   0.000000000   0.000000000
       552.0   0.000000000   0.000000000
       553.0   0.000000000   0.000000000
       554.0   0.000000000   0.000000000
       555.0   0.000000000   0.000000000
       556.0   0.000000000   0.000000000
       557.0   0.000000000   0.000000000
       558.0   0.000000000   0.000000000
       559.0   0.000000000   0.000000000
       560.0   0.000000000   0.000000000
       561.0   0.000000000   0.000000000
       562.0   0.000000000   0.000000000
       563.0   0.000000000   0.000000000
       564.0   0.000000000   0.000000000
       565.0   0.000000000   0.000000000
       566.0   0.000000000   0.000000000
       567.0   0.000000000   0.000000000
       568.0   0.000000000   0.000000000
       569.0   0.000000000   0.000000000
       570.0   0.000000000   0.000000000
       571.0   0.000000000   0.000000000
       572.0   0.000000000   0.000000000
       573.0   0.000000000   0.000000000
       574.0   0.000000000   0.000000000
       575.0   0.000000000   0.000000000
       576.0   0.000000000   0.000000000
       577.0   0.000000000   0.000000000
       578.0   0.000000000   0.000000000
       579.0   0.000000000   0.000000000
       580.0   0.000000000   0.000000000
       581.0   0.000000000   0.000000000
       582.0   0.000000000   0.000000000
       583.0   0.000000000   0.000000000
       584.0   0.000000000   0.000000000
       585.0   0.000000000   0.000000000
       586.0   0.000000000   0.000000000
       587.0   0.000000000   0.000000000
       588.0   0.000000000   0.000000000
       589.0   0.000000000   0.000000000
       590.0   0.000000000   0.000000000
       591.0   0.000000000   0.000000000
       592.0   0.000000000   0.000000000
       593.0   0.000000000   0.000000000
       594.0   0.000000000   0.000000000
       595.0   0.000000000   0.000000000
       596.0   0.000000000   0.000000000
       597.0   0.000000000   0.000000000
       598.0   0.000000000   0.000000000
       599.0   0.000000000   0.000000000
       600.0   0.000000000   0.000000000
       601.0   0.000000000   0.000000000
       602.0   0.000000000   0.000000000
       603.0   0.000000000   0.000000000
       604.0   0.000000000   0.000000000
       605.0   0.000000000   0.000000000
       606.0   0.000000000   0.000000000
       607.0   0.000000000   0.000000000
       608.0   0.000000000   0.000000000
       609.0   0.000000000   0.000000000
       610.0   0.000000000   0.000000000
       611.0   0.000000000   0.000000000
       612.0   0.000000000   0.000000000
       613.0   0.000000000   0.000000000
       614.0   0.000000000   0.000000000
       615.0   0.000000000   0.000000000
       616.0   0.000000000   0.000000000
       617.0   0.000000000   0.000000000
       618.0   0.000000000   0.000000000
       619.0   0.000000000   0.000000000
       620.0   0.000000000   0.000000000
       621.0   0.000000000   0.000000000
       622.0   0.000000000   0.000000000
       623.0   0.000000000   0.000000000
       624.0   0.000000000   0.000000000
       625.0   0.000000000   0.000000000
       626.0   0.000000000   0.000000000
       627.0   0.000000000   0.000000000
       628.0   0.000000000   0.000000000
       629.0   0.000000000   0.000000000
       630.0   0.000000000   0.000000000
       631.0   0.000000000   0.000000000
       632.0   0.000000000   0.000000000
       633.0   0.000000000   0.000000000
       634.0   0.000000000   0.000000000
       635.0   0.000000000   0.000000000
       636.0   0.000000000   0.000000000
       637.0   0.000000000   0.000000000
       638.0   0.000000000   0.000000000
       639.0   0.000000000   0.000000000
       640.0   0.000000000   0.000000000
       641.0   0.000000000   0.000000000
       642.0   0.000000000   0.000000000
       643.0   0.000000000   0.000000000
       644.0   0.000000000   0.000000000
       645.0   0.000000000   0.000000000
       646.0   0.000000000   0.000000000
       647.0   0.000000000   0.000000000
       648.0   0.000000000   0.000000000
       649.0   0.000000000   0.000000000
       650.0   0.000000000   0.000000000
       651.0   0.000000000   0.000000000
       652.0   0.000000000   0.000000000
       653.0   0.000000000   0.000000000
       654.0   0.000000000   0.000000000
       655.0   0.000000000   0.000000000
       656.0   0.000000000   0.000000000
       657.0   0.000000000   0.000000000
       658.0   0.000000000   0.000000000
       659.0   0.000000000   0.000000000
       660.0   0.000000000   0.000000000
       661.0   0.000000000   0.000000000
       662.0   0.000000000   0.000000000
       663.0   0.000000000   0.000000000
       664.0   0.000000000   0.000000000
       665.0   0.000000000   0.000000000
       666.0   0.000000000   0.000000000
       667.0   0.000000000   0.000000000
       668.0   0.000000000   0.000000000
       669.0   0.000000000   0.000000000
       670.0   0.000000000   0.000000000
       671.0   0.000000000   0.000000000
       672.0   0.000000000   0.000000000
       673.0   0.000000000   0.000000000
       674.0   0.000000000   0.000000000
       675.0   0.000000000   0.000000000
       676.0   0.000000000   0.000000000
       677.0   0.000000000   0.000000000
       678.0   0.000000000   0.000000000
       679.0   0.000000000   0.000000000
       680.0   0.000000000   0.000000000
       681.0   0.000000000   0.000000000
       682.0   0.000000000   0.000000000
       683.0   0.000000000   0.000000000
       684.0   0.000000000   0.000000000
       685.0   0.000000000   0.000000000
       686.0   0.000000000   0.000000000
       687.0   0.000000000   0.000000000
       688.0   0.000000000   0.000000000
       689.0   0.000000000   0.000000000
       690.0   0.000000000   0.000000000
       691.0   0.000000000   0.000000000
       692.0   0.000000000   0.000000000
       693.0   0.000000000   0.000000000
       694.0   0.000000000   0.000000000
       695.0   0.000000000   0.000000000
       696.0   0.000000000   0.000000000
       697.0   0.000000000   0.000000000
       698.0   0.000000000   0.000000000
       699.0   0.000000000   0.000000000
       700.0   0.000000000   0.000000000
       701.0   0.000000000   0.000000000
       702.0   0.000000000   0.000000000
       703.0   0.000000000   0.000000000
       704.0   0.000000000   0.000000000
       705.0   0.000000000   0.000000000
       706.0   0.000000000   0.000000000
       707.0   0.000000000   0.000000000
       708.0   0.000000000   0.000000000
       709.0   0.000000000   0.000000000
       710.0   0.000000000   0.000000000
       711.0   0.000000000   0.000000000
       712.0   0.000000000   0.000000000
       713.0   0.000000000   0.000000000
       714.0   0.000000000   0.000000000
       715.0   0.000000000   0.000000000
       716.0   0.000000000   0.000000000
       717.0   0.000000000   0.000000000
       718.0   0.000000000   0.000000000
       719.0   0.000000000   0.000000000
       720.0   0.000000000   0.000000000
       721.0   0.000000000   0.000000000
       722.0   0.000000000   0.000000000
       723.0   0.000000000   0.000000000
       724.0   0.000000000   0.000000000
       725.0   0.000000000   0.000000000
       726.0   0.000000000   0.000000000
       727.0   0.000000000   0.000000000
       728.0   0.000000000   0.000000000
       729.0   0.000000000   0.000000000
       730.0   0.000000000   0.000000000
       731.0   0.000000000   0.000000000
       732.0   0.000000000   0.000000000
       733.0   0.000000000   0.000000000
       734.0   0.000000000   0.000000000
       735.0   0.000000000   0.000000000
       736.0   0.000000000   0.000000000
       737.0   0.000000000   0.000000000
       738.0   0.000000000   0.000000000
       739.0   0.000000000   0.000000000
       740.0   0.000000000   0.000000000
       741.0   0.000000000   0.000000000
       742.0   0.000000000   0.000000000
       743.0   0.000000000   0.000000000
       744.0   0.000000000   0.000000000
       745.0   0.000000000   0.000000000
       746.0   0.000000000   0.000000000
       747.0   0.000000000   0.000000000
       748.0   0.000000000   0.000000000
       749.0   0.000000000   0.000000000
       750.0   0.000000000   0.000000000
       751.0   0.000000000   0.000000000
       752.0   0.000000000   0.000000000
       753.0   0.000000000   0.000000000
       754.0   0.000000000   0.000000000
       755.0   0.000000000   0.000000000
       756.0   0.000000000   0.000000000
       757.0   0.000000000   0.000000000
       758.0   0.000000000   0.000000000
       759.0   0.000000000   0.000000000
       760.0   0.000000000   0.000000000
       761.0   0.000000000   0.000000000
       762.0   0.000000000   0.000000000
       763.0   0.000000000   0.000000000
       764.0   0.000000000   0.000000000
       765.0   0.000000000   0.000000000
       766.0   0.000000000   0.000000000
       767.0   0.000000000   0.000000000
       768.0   0.000000000   0.000000000
       769.0   0.000000000   0.000000000
       770.0   0.000000000   0.000000000
       771.0   0.000000000   0.000000000
       772.0   0.000000000   0.000000000
       773.0   0.000000000   0.000000000
       774.0   0.000000000   0.000000000
       775.0   0.000000000   0.000000000
       776.0   0.000000000   0.000000000
       777.0   0.000000000   0.000000000
       778.0   0.000000000   0.000000000
       779.0   0.000000000   0.000000000
       780.0   0.000000000   0.000000000
       781.0   0.000000000   0.000000000
       782.0   0.000000000   0.000000000
       783.0   0.000000000   0.000000000
       784.0   0.000000000   0.000000000
       785.0   0.000000000   0.000000000
       786.0   0.000000000   0.000000000
       787.0   0.000000000   0.000000000
       788.0   0.000000000   0.000000000
       789.0   0.000000000   0.000000000
       790.0   0.000000000   0.000000000
       791.0   0.000000000   0.000000000
       792.0   0.000000000   0.000000000
       793.0   0.000000000   0.000000000
       794.0   0.000000000   0.000000000
       795.0   0.000000000   0.000000000
       796.0   0.000000000   0.000000000
       797.0   0.000000000   0.000000000
       798.0   0.000000000   0.000000000
       799.0   0.000000000   0.000000000
       800.0   0.000000000   0.000000000
       801.0   0.000000000   0.000000000
       802.0   0.000000000   0.000000000
       803.0   0.000000000   0.000000000
       804.0   0.000000000   0.000000000
       805.0   0.000000000   0.000000000
       806.0   0.000000000   0.000000000
       807.0   0.000000000   0.000000000
       808.0   0.000000000   0.000000000
       809.0   0.000000000   0.000000000
       810.0   0.000000000   0.000000000
       811.0   0.000000000   0.000000000
       812.0   0.000000000   0.000000000
       813.0   0.000000000   0.000000000
       814.0   0.000000000   0.000000000
       815.0   0.000000000   0.000000000
       816.0   0.000000000   0.000000000
       817.0   0.000000000   0.000000000
       818.0   0.000000000   0.000000000
       819.0   0.000000000   0.000000000
       820.0   0.000000000   0.000000000
       821.0   0.000000000   0.000000000
       822.0   0.000000000   0.000000000
       823.0   0.000000000   0.000000000
       824.0   0.000000000   0.000000000
       825.0   0.000000000   0.000000000
       826.0   0.000000000   0.000000000
       827.0   0.000000000   0.000000000
       828.0   0.000000000   0.000000000
       829.0   0.000000000   0.000000000
       830.0   0.000000000   0.000000000
       831.0   0.000000000   0.000000000
       832.0   0.000000000   0.000000000
       833.0   0.000000000   0.000000000
       834.0   0.000000000   0.000000000
       835.0   0.000000000   0.000000000
       836.0   0.000000000   0.000000000
       837.0   0.000000000   0.000000000
       838.0   0.000000000   0.000000000
       839.0   0.000000000   0.000000000
       840.0   0.000000000   0.000000000
       841.0   0.000000000   0.000000000
       842.0   0.000000000   0.000000000
       843.0   0.000000000   0.000000000
       844.0   0.000000000   0.000000000
       845.0   0.000000000   0.000000000
       846.0   0.000000000   0.000000000
       847.0   0.000000000   0.000000000
       848.0   0.000000000   0.000000000
       849.0   0.000000000   0.000000000
       850.0   0.000000000   0.000000000
       851.0   0.000000000   0.000000000
       852.0   0.000000000   0.000000000
       853.0   0.000000000   0.000000000
       854.0   0.000000000   0.000000000
       855.0   0.000000000   0.000000000
       856.0   0.000000000   0.000000000
       857.0   0.000000000   0.000000000
       858.0   0.000000000   0.000000000
       859.0   0.000000000   0.000000000
       860.0   0.000000000   0.000000000
       861.0   0.000000000   0.000000000
       862.0   0.000000000   0.000000001
       863.0   0.000000001   0.000000001
       864.0   0.000000001   0.000000001
       865.0   0.000000001   0.000000001
       866.0   0.000000001   0.000000001
       867.0   0.000000001   0.000000001
       868.0   0.000000001   0.000000001
       869.0   0.000000001   0.000000001
       870.0   0.000000001   0.000000001
       871.0   0.000000001   0.000000001
       872.0   0.000000001   0.000000001
       873.0   0.000000001   0.000000001
       874.0   0.000000001   0.000000001
       875.0   0.000000002   0.000000002
       876.0   0.000000001   0.000000001
       877.0   0.000000002   0.000000001
       878.0   0.000000002   0.000000001
       879.0   0.000000001   0.000000001
       880.0   0.000000001   0.000000001
       881.0   0.000000001   0.000000001
       882.0   0.000000001   0.000000001
       883.0   0.000000002   0.000000001
       884.0   0.000000001   0.000000001
       885.0   0.000000001   0.000000001
       886.0   0.000000001   0.000000001
       887.0   0.000000001   0.000000001
       888.0   0.000000001   0.000000001
       889.0   0.000000001   0.000000001
       890.0   0.000000001   0.000000001
       891.0   0.000000001   0.000000001
       892.0   0.000000001   0.000000001
       893.0   0.000000001   0.000000001
       894.0   0.000000001   0.000000001
       895.0   0.000000002   0.000000001
       896.0   0.000000001   0.000000001
       897.0   0.000000001   0.000000001
       898.0   0.000000001   0.000000001
       899.0   0.000000001   0.000000001
       900.0   0.000000001   0.000000001
       901.0   0.000000001   0.000000001
       902.0   0.000000001   0.000000001
       903.0   0.000000001   0.000000001
       904.0   0.000000001   0.000000002
       905.0   0.000000001   0.000000001
       906.0   0.000000001   0.000000001
       907.0   0.000000001   0.000000001
       908.0   0.000000001   0.000000001
       909.0   0.000000001   0.000000001
       910.0   0.000000001   0.000000001
       911.0   0.000000001   0.000000001
       912.0   0.000000001   0.000000001
       913.0   0.000000001   0.000000001
       914.0   0.000000001   0.000000001
       915.0   0.000000001   0.000000001
       916.0   0.000000001   0.000000001
       917.0   0.000000001   0.000000001
       918.0   0.000000001   0.000000001
       919.0   0.000000001   0.000000001
       920.0   0.000000001   0.000000001
       921.0   0.000000001   0.000000001
       922.0   0.000000001   0.000000001
       923.0   0.000000001   0.000000001
       924.0   0.000000001   0.000000001
       925.0   0.000000001   0.000000001
       926.0   0.000000001   0.000000001
       927.0   0.000000001   0.000000001
       928.0   0.000000001   0.000000001
       929.0   0.000000001   0.000000001
       930.0   0.000000001   0.000000001
       931.0   0.000000001   0.000000001
       932.0   0.000000001   0.000000001
       933.0   0.000000001   0.000000001
       934.0   0.000000001   0.000000001
       935.0   0.000000001   0.000000001
       936.0   0.000000001   0.000000001
       937.0   0.000000001   0.000000001
       938.0   0.000000001   0.000000001
       939.0   0.000000001   0.000000002
       940.0   0.000000001   0.000000001
       941.0   0.000000001   0.000000002
       942.0   0.000000001   0.000000001
       943.0   0.000000001   0.000000001
       944.0   0.000000001   0.000000001
       945.0   0.000000001   0.000000001
       946.0   0.000000001   0.000000001
       947.0   0.000000001   0.000000001
       948.0   0.000000001   0.000000001
       949.0   0.000000002   0.000000002
       950.0   0.000000001   0.000000001
       951.0   0.000000001   0.000000001
       952.0   0.000000001   0.000000001
       953.0   0.000000001   0.000000001
       954.0   0.000000001   0.000000001
       955.0   0.000000001   0.000000001
       956.0   0.000000001   0.000000001
       957.0   0.000000001   0.000000001
       958.0   0.000000001   0.000000001
       959.0   0.000000001   0.000000001
       960.0   0.000000001   0.000000001
       961.0   0.000000001   0.000000001
       962.0   0.000000002   0.000000001
       963.0   0.000000001   0.000000001
       964.0   0.000000001   0.000000001
       965.0   0.000000001   0.000000001
       966.0   0.000000001   0.000000001
       967.0   0.000000001   0.000000001
       968.0   0.000000001   0.000000001
       969.0   0.000000001   0.000000001
       970.0   0.000000001   0.000000001
       971.0   0.000000001   0.000000001
       972.0   0.000000001   0.000000001
       973.0   0.000000001   0.000000001
       974.0   0.000000001   0.000000001
       975.0   0.000000001   0.000000001
       976.0   0.000000001   0.000000001
       977.0   0.000000001   0.000000001
       978.0   0.000000002   0.000000001
       979.0   0.000000001   0.000000001
       980.0   0.000000001   0.000000001
       981.0   0.000000001   0.000000001
       982.0   0.000000001   0.000000001
       983.0   0.000000001   0.000000001
       984.0   0.000000001   0.000000001
       985.0   0.000000001   0.000000001
       986.0   0.000000001   0.000000001
       987.0   0.000000001   0.000000001
       988.0   0.000000001   0.000000001
       989.0   0.000000001   0.000000001
       990.0   0.000000001   0.000000001
       991.0   0.000000001   0.000000001
       992.0   0.000000001   0.000000001
       993.0   0.000000001   0.000000001
       994.0   0.000000001   0.000000001
       995.0   0.000000001   0.000000001
       996.0   0.000000001   0.000000001
       997.0   0.000000001   0.000000001
       998.0   0.000000001   0.000000001
       999.0   0.000000001   0.000000001
      1000.0   0.000000001   0.000000001
      1001.0   0.000000002   0.000000001
      1002.0   0.000000002   0.000000001
      1003.0   0.000000001   0.000000001
      1004.0   0.000000019   0.000000016
      1005.0   0.000000000   0.000000000
      1006.0   0.000000000   0.000000000
      1007.0   0.000000008   0.000000007
      1008.0   0.000000000   0.000000000
      1009.0   0.000000003   0.000000003
      1010.0   0.000000005   0.000000005
      1011.0   0.000000000   0.000000000
      1012.0   0.000000000   0.000000000
      1013.0   0.000000000   0.000000000
      1014.0   0.000000000   0.000000000
      1015.0   0.000000010   0.000000009
      1016.0   0.000000000   0.000000000
      1017.0   0.000000005   0.000000005
      1018.0   0.000000015   0.000000015
      1019.0   0.000000000   0.000000000
      1020.0   0.000000000   0.000000000
      1021.0   0.000000000   0.000000000
      1022.0   0.000000002   0.000000002
      1023.0   0.000000013   0.000000014
      1024.0   0.000000006   0.000000007
      1025.0   0.000000006   0.000000006
      1026.0   0.000000000   0.000000000
      1027.0   0.000000000   0.000000000
      1028.0   0.000000007   0.000000008
      1029.0   0.000000000   0.000000000
      1030.0   0.000000003   0.000000004
      1031.0   0.000000006   0.000000006
      1032.0   0.000000002   0.000000002
      1033.0   0.000000000   0.000000000
      1034.0   0.000000000   0.000000000
      1035.0   0.000000000   0.000000000
      1036.0   0.000000007   0.000000007
      1037.0   0.000000005   0.000000005
      1038.0   0.000000012   0.000000013
      1039.0   0.000000015   0.000000015
      1040.0   0.000000013   0.000000013
      1041.0   0.000000002   0.000000002
      1042.0   0.000000020   0.000000021
      1043.0   0.000000021   0.000000022
      1044.0   0.000000032   0.000000034
      1045.0   0.000000045   0.000000048
      1046.0   0.000000032   0.000000035
      1047.0   0.000000056   0.000000061
      1048.0   0.000000080   0.000000088
      1049.0   0.000000096   0.000000106
      1050.0   0.000000068   0.000000075
      1051.0   0.000000086   0.000000095
      1052.0   0.000000113   0.000000122
      1053.0   0.000000170   0.000000179
      1054.0   0.000000106   0.000000109
      1055.0   0.000000191   0.000000190
      1056.0   0.000000201   0.000000191
      1057.0   0.000000162   0.000000149
      1058.0   0.000000272   0.000000240
      1059.0   0.000000312   0.000000265
      1060.0   0.000000266   0.000000218
      1061.0   0.000000337   0.000000270
      1062.0   0.000000368   0.000000289
      1063.0   0.000000413   0.000000322
      1064.0   0.000000261   0.000000203
      1065.0   0.000000337   0.000000264
      1066.0   0.000000485   0.000000386
      1067.0   0.000000375   0.000000305
      1068.0   0.000000353   0.000000295
      1069.0   0.000000293   0.000000253
      1070.0   0.000000248   0.000000221
      1071.0   0.000000305   0.000000282
      1072.0   0.000000236   0.000000225
      1073.0   0.000000372   0.000000366
      1074.0   0.000000456   0.000000460
      1075.0   0.000000453   0.000000467
      1076.0   0.000000441   0.000000461
      1077.0   0.000000303   0.000000320
      1078.0   0.000000235   0.000000247
      1079.0   0.000000523   0.000000549
      1080.0   0.000000426   0.000000444
      1081.0   0.000000500   0.000000516
      1082.0   0.000000387   0.000000395
      1083.0   0.000000246   0.000000249
      1084.0   0.000000531   0.000000532
      1085.0   0.000000399   0.000000398
      1086.0   0.000000289   0.000000288
      1087.0   0.000000476   0.000000477
      1088.0   0.000000332   0.000000335
      1089.0   0.000000380   0.000000388
      1090.0   0.000000443   0.000000459
      1091.0   0.000000372   0.000000392
      1092.0   0.000000415   0.000000444
      1093.0   0.000000314   0.000000340
      1094.0   0.000000350   0.000000383
      1095.0   0.000000284   0.000000312
      1096.0   0.000000337   0.000000371
      1097.0   0.000000493   0.000000542
      1098.0   0.000000440   0.000000481
      1099.0   0.000000291   0.000000314
      1100.0   0.000000263   0.000000279
      1101.0   0.000000304   0.000000318
      1102.0   0.000000373   0.000000382
      1103.0   0.000000369   0.000000371
      1104.0   0.000000369   0.000000366
      1105.0   0.000000433   0.000000424
      1106.0   0.000000349   0.000000340
      1107.0   0.000000293   0.000000285
      1108.0   0.000000276   0.000000269
      1109.0   0.000000285   0.000000280
      1110.0   0.000000293   0.000000293
      1111.0   0.000000322   0.000000328
      1112.0   0.000000308   0.000000321
      1113.0   0.000000397   0.000000422
      1114.0   0.000000320   0.000000347
      1115.0   0.000000271   0.000000300
      1116.0   0.000000238   0.000000268
      1117.0   0.000000177   0.000000201
      1118.0   0.000000191   0.000000217
      1119.0   0.000000344   0.000000391
      1120.0   0.000000374   0.000000422
      1121.0   0.000000441   0.000000490
      1122.0   0.000000364   0.000000398
      1123.0   0.000000323   0.000000345
      1124.0   0.000000342   0.000000357
      1125.0   0.000000254   0.000000259
      1126.0   0.000000266   0.000000267
      1127.0   0.000000215   0.000000212
      1128.0   0.000000300   0.000000293
      1129.0   0.000000376   0.000000365
      1130.0   0.000000387   0.000000377
      1131.0   0.000000338   0.000000332
      1132.0   0.000000356   0.000000357
      1133.0   0.000000342   0.000000351
      1134.0   0.000000367   0.000000388
      1135.0   0.000000362   0.000000397
      1136.0   0.000000250   0.000000284
      1137.0   0.000000275   0.000000324
      1138.0   0.000000228   0.000000278
      1139.0   0.000000251   0.000000315
      1140.0   0.000000283   0.000000364
      1141.0   0.000000279   0.000000366
      1142.0   0.000000349   0.000000463
      1143.0   0.000000331   0.000000441
      1144.0   0.000000310   0.000000411
      1145.0   0.000000344   0.000000452
      1146.0   0.000000342   0.000000442
      1147.0   0.000000378   0.000000477
      1148.0   0.000000477   0.000000583
      1149.0   0.000000543   0.000000644
      1150.0   0.000000632   0.000000725
      1151.0   0.000000705   0.000000781
      1152.0   0.000000768   0.000000824
      1153.0   0.000000869   0.000000904
      1154.0   0.000000938   0.000000949
      1155.0   0.000001044   0.000001029
      1156.0   0.000001177   0.000001137
      1157.0   0.000001281   0.000001217
      1158.0   0.000001365   0.000001281
      1159.0   0.000001395   0.000001300
      1160.0   0.000001471   0.000001368
      1161.0   0.000001660   0.000001543
      1162.0   0.000001726   0.000001609
      1163.0   0.000001833   0.000001718
      1164.0   0.000001949   0.000001838
      1165.0   0.000002039   0.000001936
      1166.0   0.000002059   0.000001966
      1167.0   0.000002146   0.000002057
      1168.0   0.000002297   0.000002203
      1169.0   0.000002388   0.000002289
      1170.0   0.000002342   0.000002240
      1171.0   0.000002561   0.000002438
      1172.0   0.000002583   0.000002446
      1173.0   0.000002349   0.000002209
      1174.0   0.000002333   0.000002176
      1175.0   0.000002464   0.000002281
      1176.0   0.000002421   0.000002229
      1177.0   0.000002579   0.000002366
      1178.0   0.000002708   0.000002477
      1179.0   0.000002682   0.000002453
      1180.0   0.000002718   0.000002494
      1181.0   0.000002896   0.000002675
      1182.0   0.000003185   0.000002966
      1183.0   0.000003249   0.000003058
      1184.0   0.000003638   0.000003468
      1185.0   0.000003811   0.000003681
      1186.0   0.000003884   0.000003809
      1187.0   0.000004582   0.000004554
      1188.0   0.000005142   0.000005175
      1189.0   0.000005232   0.000005317
      1190.0   0.000005340   0.000005468
      1191.0   0.000005580   0.000005735
      1192.0   0.000005885   0.000006055
      1193.0   0.000006097   0.000006261
      1194.0   0.000006300   0.000006429
      1195.0   0.000007134   0.000007223
      1196.0   0.000007143   0.000007157
      1197.0   0.000006787   0.000006718
      1198.0   0.000007576   0.000007408
      1199.0   0.000007187   0.000006934
      1200.0   0.000007456   0.000007110
      1201.0   0.000008267   0.000007816
      1202.0   0.000008508   0.000007990
      1203.0   0.000008884   0.000008319
      1204.0   0.000008776   0.000008221
      1205.0   0.000009270   0.000008713
      1206.0   0.000010459   0.000009903
      1207.0   0.000010691   0.000010224
      1208.0   0.000010676   0.000010345
      1209.0   0.000009654   0.000009516
      1210.0   0.000009162   0.000009206
      1211.0   0.000008287   0.000008491
      1212.0   0.000007637   0.000007968
      1213.0   0.000006260   0.000006651
      1214.0   0.000004762   0.000005143
      1215.0   0.000004176   0.000004583
      1216.0   0.000003620   0.000004007
      1217.0   0.000003131   0.000003485
      1218.0   0.000002926   0.000003262
      1219.0   0.000002390   0.000002657
      1220.0   0.000002094   0.000002306
      1221.0   0.000002093   0.000002279
      1222.0   0.000002079   0.000002230
      1223.0   0.000001855   0.000001952
      1224.0   0.000001816   0.000001874
      1225.0   0.000001723   0.000001741
      1226.0   0.000001764   0.000001746
      1227.0   0.000001771   0.000001713
      1228.0   0.000002062   0.000001953
      1229.0   0.000002140   0.000001989
      1230.0   0.000002357   0.000002150
      1231.0   0.000002582   0.000002316
      1232.0   0.000003089   0.000002739
      1233.0   0.000003191   0.000002804
      1234.0   0.000003974   0.000003471
      1235.0   0.000004623   0.000004021
      1236.0   0.000005122   0.000004462
      1237.0   0.000005762   0.000005041
      1238.0   0.000007186   0.000006318
      1239.0   0.000006845   0.000006085
      1240.0   0.000007585   0.000006823
      1241.0   0.000007447   0.000006782
      1242.0   0.000006687   0.000006178
      1243.0   0.000006438   0.000006024
      1244.0   0.000007798   0.000007393
      1245.0   0.000007384   0.000007089
      1246.0   0.000007724   0.000007490
      1247.0   0.000008636   0.000008457
      1248.0   0.000009355   0.000009225
      1249.0   0.000010148   0.000010059
      1250.0   0.000012518   0.000012455
      1251.0   0.000014381   0.000014344
      1252.0   0.000015331   0.000015286
      1253.0   0.000015093   0.000015048
      1254.0   0.000014683   0.000014619
      1255.0   0.000012235   0.000012168
      1256.0   0.000010179   0.000010119
      1257.0   0.000007050   0.000007013
      1258.0   0.000005346   0.000005328
      1259.0   0.000003935   0.000003942
      1260.0   0.000003028   0.000003055
      1261.0   0.000002510   0.000002558
      1262.0   0.000002039   0.000002105
      1263.0   0.000001630   0.000001706
      1264.0   0.000001451   0.000001547
      1265.0   0.000001194   0.000001300
      1266.0   0.000001174   0.000001302
      1267.0   0.000001028   0.000001164
      1268.0   0.000001030   0.000001191
      1269.0   0.000000884   0.000001044
      1270.0   0.000000847   0.000001020
      1271.0   0.000000857   0.000001051
      1272.0   0.000000817   0.000001017
      1273.0   0.000000791   0.000000998
      1274.0   0.000000884   0.000001125
      1275.0   0.000000851   0.000001094
      1276.0   0.000000959   0.000001236
      1277.0   0.000000914   0.000001176
      1278.0   0.000000974   0.000001250
      1279.0   0.000001014   0.000001294
      1280.0   0.000001143   0.000001446
      1281.0   0.000001156   0.000001445
      1282.0   0.000001312   0.000001614
      1283.0   0.000001314   0.000001592
      1284.0   0.000001421   0.000001692
      1285.0   0.000001443   0.000001686
      1286.0   0.000001591   0.000001824
      1287.0   0.000001561   0.000001753
      1288.0   0.000001653   0.000001818
      1289.0   0.000001619   0.000001746
      1290.0   0.000001814   0.000001922
      1291.0   0.000001664   0.000001736
      1292.0   0.000001966   0.000002024
      1293.0   0.000002026   0.000002058
      1294.0   0.000002330   0.000002343
      1295.0   0.000002538   0.000002537
      1296.0   0.000002775   0.000002769
      1297.0   0.000002987   0.000002984
      1298.0   0.000003590   0.000003598
      1299.0   0.000003670   0.000003704
      1300.0   0.000003567   0.000003634
      1301.0   0.000003457   0.000003564
      1302.0   0.000003772   0.000003941
      1303.0   0.000003914   0.000004146
      1304.0   0.000003930   0.000004224
      1305.0   0.000003571   0.000003892
      1306.0   0.000003692   0.000004069
      1307.0   0.000003036   0.000003385
      1308.0   0.000002948   0.000003326
      1309.0   0.000002662   0.000003027
      1310.0   0.000002717   0.000003102
      1311.0   0.000002730   0.000003126
      1312.0   0.000002947   0.000003385
      1313.0   0.000002051   0.000002354
      1314.0   0.000001790   0.000002049
      1315.0   0.000001559   0.000001776
      1316.0   0.000002038   0.000002304
      1317.0   0.000001883   0.000002109
      1318.0   0.000002221   0.000002465
      1319.0   0.000002698   0.000002963
      1320.0   0.000002523   0.000002735
      1321.0   0.000003157   0.000003377
      1322.0   0.000003976   0.000004200
      1323.0   0.000004498   0.000004680
      1324.0   0.000005939   0.000006094
      1325.0   0.000005367   0.000005424
      1326.0   0.000003191   0.000003178
      1327.0   0.000005396   0.000005316
      1328.0   0.000006404   0.000006251
      1329.0   0.000005823   0.000005625
      1330.0   0.000009228   0.000008846
      1331.0   0.000010368   0.000009889
      1332.0   0.000012963   0.000012333
      1333.0   0.000011982   0.000011396
      1334.0   0.000015721   0.000014980
      1335.0   0.000021290   0.000020372
      1336.0   0.000019377   0.000018686
      1337.0   0.000027889   0.000027116
      1338.0   0.000034786   0.000034142
      1339.0   0.000045646   0.000045353
      1340.0   0.000061491   0.000061943
      1341.0   0.000074521   0.000076102
      1342.0   0.000090317   0.000093477
      1343.0   0.000087098   0.000091291
      1344.0   0.000043619   0.000046213
      1345.0   0.000055837   0.000059719
      1346.0   0.000080861   0.000087182
      1347.0   0.000079922   0.000086574
      1348.0   0.000104274   0.000113188
      1349.0   0.000087380   0.000094891
      1350.0   0.000193033   0.000209248
      1351.0   0.000405732   0.000437535
      1352.0   0.000503925   0.000538869
      1353.0   0.000348877   0.000368958
      1354.0   0.000270022   0.000281539
      1355.0   0.000132166   0.000135466
      1356.0   0.000312334   0.000314458
      1357.0   0.000140018   0.000138365
      1358.0   0.000403260   0.000391075
      1359.0   0.000484890   0.000461609
      1360.0   0.000258068   0.000241316
      1361.0   0.000108386   0.000099833
      1362.0   0.000019498   0.000017751
      1363.0   0.000000000   0.000000000
      1364.0   0.000000000   0.000000000
      1365.0   0.000285427   0.000256975
      1366.0   0.000364608   0.000329835
      1367.0   0.000079807   0.000072936
      1368.0   0.000271722   0.000252302
      1369.0   0.000282389   0.000267825
      1370.0   0.000079320   0.000077207
      1371.0   0.000193595   0.000194354
      1372.0   0.000169888   0.000176534
      1373.0   0.000058105   0.000062746
      1374.0   0.000182885   0.000206147
      1375.0   0.000250319   0.000295129
      1376.0   0.000189649   0.000234959
      1377.0   0.000094629   0.000123326
      1378.0   0.000059866   0.000081716
      1379.0   0.000057484   0.000082019
      1380.0   0.000048454   0.000072341
      1381.0   0.000000000   0.000000000
      1382.0   0.000002350   0.000003837
      1383.0   0.000000000   0.000000000
      1384.0   0.000000000   0.000000000
      1385.0   0.000000000   0.000000000
      1386.0   0.000097208   0.000184429
      1387.0   0.000121763   0.000237786
      1388.0   0.000105190   0.000210228
      1389.0   0.000048199   0.000097748
      1390.0   0.000004335   0.000008904
      1391.0   0.000092340   0.000191885
      1392.0   0.000137029   0.000284896
      1393.0   0.000095443   0.000196500
      1394.0   0.000000000   0.000000000
      1395.0   0.000052183   0.000102846
      1396.0   0.000106790   0.000204256
      1397.0   0.000000000   0.000000000
      1398.0   0.000077950   0.000137074
      1399.0   0.000167947   0.000281039
      1400.0   0.000186021   0.000294070
      1401.0   0.000035892   0.000053258
      1402.0   0.000000000   0.000000000
      1403.0   0.000112642   0.000146488
      1404.0   0.000296860   0.000362156
      1405.0   0.000230646   0.000263201
      1406.0   0.000041981   0.000044816
      1407.0   0.000000000   0.000000000
      1408.0   0.000230783   0.000217924
      1409.0   0.000283884   0.000253828
      1410.0   0.000295513   0.000252149
      1411.0   0.000327497   0.000268674
      1412.0   0.000500566   0.000397853
      1413.0   0.000504441   0.000391636
      1414.0   0.000202899   0.000155275
      1415.0   0.000102535   0.000077976
      1416.0   0.000150422   0.000114611
      1417.0   0.000632153   0.000487371
      1418.0   0.000920017   0.000724250
      1419.0   0.000707092   0.000571237
      1420.0   0.000324530   0.000270345
      1421.0   0.000434197   0.000374681
      1422.0   0.000696145   0.000624527
      1423.0   0.000603685   0.000564413
      1424.0   0.000323429   0.000315639
      1425.0   0.000318224   0.000324724
      1426.0   0.000341099   0.000363434
      1427.0   0.000478279   0.000530432
      1428.0   0.000343021   0.000395700
      1429.0   0.000178812   0.000213867
      1430.0   0.000329633   0.000406415
      1431.0   0.000276143   0.000349573
      1432.0   0.000281612   0.000364518
      1433.0   0.000250493   0.000329574
      1434.0   0.000309488   0.000410979
      1435.0   0.000390364   0.000521398
      1436.0   0.000321590   0.000429967
      1437.0   0.000296989   0.000395039
      1438.0   0.000298819   0.000393409
      1439.0   0.000184946   0.000239824
      1440.0   0.000166683   0.000211966
      1441.0   0.000172077   0.000214175
      1442.0   0.000105418   0.000127896
      1443.0   0.000158046   0.000186975
      1444.0   0.000135927   0.000156825
      1445.0   0.000122294   0.000137460
      1446.0   0.000180903   0.000198082
      1447.0   0.000187413   0.000200041
      1448.0   0.000276642   0.000288352
      1449.0   0.000335286   0.000342027
      1450.0   0.000278578   0.000278771
      1451.0   0.000244243   0.000240863
      1452.0   0.000163731   0.000159549
      1453.0   0.000197580   0.000190949
      1454.0   0.000260233   0.000250187
      1455.0   0.000224153   0.000215359
      1456.0   0.000210568   0.000202904
      1457.0   0.000230347   0.000223004
      1458.0   0.000125640   0.000122388
      1459.0   0.000166353   0.000163408
      1460.0   0.000148712   0.000147542
      1461.0   0.000144741   0.000144891
      1462.0   0.000155694   0.000157167
      1463.0   0.000172719   0.000175665
      1464.0   0.000279042   0.000285021
      1465.0   0.000301538   0.000308457
      1466.0   0.000356110   0.000363001
      1467.0   0.000256852   0.000259868
      1468.0   0.000182493   0.000182427
      1469.0   0.000263227   0.000258467
      1470.0   0.000309796   0.000297357
      1471.0   0.000273880   0.000255416
      1472.0   0.000215168   0.000194387
      1473.0   0.000176688   0.000154068
      1474.0   0.000178368   0.000149382
      1475.0   0.000215158   0.000172599
      1476.0   0.000194880   0.000149203
      1477.0   0.000196056   0.000143021
      1478.0   0.000238490   0.000165909
      1479.0   0.000258067   0.000171436
      1480.0   0.000232932   0.000147402
      1481.0   0.000102729   0.000061862
      1482.0   0.000117718   0.000067707
      1483.0   0.000164454   0.000090630
      1484.0   0.000173667   0.000091756
      1485.0   0.000200966   0.000102119
      1486.0   0.000200704   0.000098455
      1487.0   0.000207135   0.000098535
      1488.0   0.000273853   0.000126835
      1489.0   0.000298001   0.000135153
      1490.0   0.000264217   0.000117813
      1491.0   0.000189305   0.000083081
      1492.0   0.000136734   0.000059482
      1493.0   0.000164129   0.000071293
      1494.0   0.000119385   0.000051897
      1495.0   0.000105412   0.000046025
      1496.0   0.000120239   0.000053125
      1497.0   0.000109623   0.000049309
      1498.0   0.000142126   0.000065272
      1499.0   0.000176407   0.000083324
      1500.0   0.000168595   0.000082309
      1501.0   0.000169648   0.000085712
      1502.0   0.000226310   0.000118931
      1503.0   0.000226054   0.000124314
      1504.0   0.000336987   0.000194107
      1505.0   0.000367667   0.000222525
      1506.0   0.000452458   0.000288326
      1507.0   0.000549092   0.000369143
      1508.0   0.000418634   0.000297597
      1509.0   0.000274737   0.000206449
      1510.0   0.000267633   0.000212457
      1511.0   0.000334951   0.000280323
      1512.0   0.000337872   0.000298389
      1513.0   0.000141686   0.000131680
      1514.0   0.000217823   0.000212220
      1515.0   0.000255039   0.000259418
      1516.0   0.000185861   0.000196452
      1517.0   0.000300049   0.000327730
      1518.0   0.000282824   0.000317106
      1519.0   0.000301528   0.000345196
      1520.0   0.000320518   0.000371942
      1521.0   0.000357300   0.000417001
      1522.0   0.000414468   0.000483737
      1523.0   0.000466727   0.000541505
      1524.0   0.000513244   0.000589077
      1525.0   0.000614718   0.000695506
      1526.0   0.000494962   0.000548337
      1527.0   0.000283428   0.000306912
      1528.0   0.000198240   0.000209051
      1529.0   0.000146908   0.000150441
      1530.0   0.000208134   0.000207140
      1531.0   0.000233287   0.000225304
      1532.0   0.000224028   0.000209766
      1533.0   0.000291271   0.000265046
      1534.0   0.000327526   0.000289533
      1535.0   0.000339010   0.000291681
      1536.0   0.000203557   0.000170880
      1537.0   0.000135379   0.000111199
      1538.0   0.000137189   0.000110425
      1539.0   0.000136797   0.000108125
      1540.0   0.000166824   0.000129874
      1541.0   0.000214207   0.000164743
      1542.0   0.000211172   0.000160985
      1543.0   0.000315028   0.000238532
      1544.0   0.000314561   0.000236966
      1545.0   0.000169277   0.000127414
      1546.0   0.000176640   0.000133133
      1547.0   0.000230200   0.000174401
      1548.0   0.000192608   0.000146980
      1549.0   0.000165421   0.000127354
      1550.0   0.000159842   0.000124493
      1551.0   0.000229437   0.000181073
      1552.0   0.000277012   0.000221799
      1553.0   0.000340572   0.000277388
      1554.0   0.000328264   0.000272040
      1555.0   0.000179507   0.000151439
      1556.0   0.000239158   0.000205627
      1557.0   0.000333376   0.000291922
      1558.0   0.000348264   0.000310667
      1559.0   0.000442538   0.000402442
      1560.0   0.000398997   0.000369205
      1561.0   0.000214697   0.000201897
      1562.0   0.000307834   0.000294052
      1563.0   0.000337434   0.000327190
      1564.0   0.000251756   0.000247342
      1565.0   0.000217733   0.000216340
      1566.0   0.000226601   0.000227287
      1567.0   0.000353619   0.000357671
      1568.0   0.000416217   0.000423817
      1569.0   0.000441137   0.000451480
      1570.0   0.000558656   0.000573134
      1571.0   0.000340675   0.000349959
      1572.0   0.000230025   0.000236341
      1573.0   0.000316039   0.000324693
      1574.0   0.000274308   0.000281379
      1575.0   0.000259243   0.000265057
      1576.0   0.000221291   0.000225351
      1577.0   0.000136272   0.000138125
      1578.0   0.000192977   0.000194733
      1579.0   0.000138573   0.000139083
      1580.0   0.000144504   0.000144232
      1581.0   0.000190029   0.000188495
      1582.0   0.000219389   0.000216441
      1583.0   0.000227874   0.000223529
      1584.0   0.000337294   0.000328774
      1585.0   0.000403039   0.000390532
      1586.0   0.000373893   0.000360420
      1587.0   0.000149985   0.000143843
      1588.0   0.000147762   0.000141150
      1589.0   0.000117214   0.000111567
      1590.0   0.000107634   0.000102169
      1591.0   0.000230301   0.000218204
      1592.0   0.000248280   0.000235012
      1593.0   0.000282952   0.000267766
      1594.0   0.000245893   0.000232928
      1595.0   0.000139562   0.000132404
      1596.0   0.000129563   0.000123215
      1597.0   0.000212806   0.000203326
      1598.0   0.000233065   0.000223783
      1599.0   0.000310735   0.000300076
      1600.0   0.000323976   0.000315285
      1601.0   0.000283149   0.000278090
      1602.0   0.000180441   0.000179097
      1603.0   0.000113737   0.000114286
      1604.0   0.000122139   0.000124370
      1605.0   0.000183145   0.000188988
      1606.0   0.000202204   0.000211871
      1607.0   0.000323303   0.000344496
      1608.0   0.000381400   0.000412791
      1609.0   0.000333469   0.000367251
      1610.0   0.000259889   0.000291660
      1611.0   0.000124341   0.000142028
      1612.0   0.000062812   0.000073030
      1613.0   0.000150617   0.000178255
      1614.0   0.000159588   0.000192199
      1615.0   0.000249006   0.000304753
      1616.0   0.000238260   0.000296323
      1617.0   0.000271101   0.000342139
      1618.0   0.000388991   0.000497374
      1619.0   0.000440431   0.000570252
      1620.0   0.000567865   0.000743263
      1621.0   0.000653232   0.000861586
      1622.0   0.000381174   0.000506031
      1623.0   0.000290660   0.000388051
      1624.0   0.000165607   0.000222110
      1625.0   0.000139453   0.000187299
      1626.0   0.000262594   0.000352239
      1627.0   0.000242201   0.000323705
      1628.0   0.000305220   0.000405538
      1629.0   0.000367551   0.000484227
      1630.0   0.000371980   0.000484411
      1631.0   0.000299944   0.000385532
      1632.0   0.000185741   0.000235370
      1633.0   0.000215800   0.000268622
      1634.0   0.000298564   0.000364545
      1635.0   0.000278590   0.000333196
      1636.0   0.000349203   0.000407998
      1637.0   0.000242675   0.000276094
      1638.0   0.000207154   0.000229380
      1639.0   0.000244486   0.000263582
      1640.0   0.000297672   0.000312167
      1641.0   0.000291566   0.000297419
      1642.0   0.000231678   0.000230359
      1643.0   0.000182769   0.000177717
      1644.0   0.000176512   0.000168591
      1645.0   0.000175916   0.000165866
      1646.0   0.000153011   0.000143339
      1647.0   0.000201698   0.000189013
      1648.0   0.000195387   0.000184679
      1649.0   0.000235682   0.000226813
      1650.0   0.000304335   0.000301126
      1651.0   0.000364781   0.000374672
      1652.0   0.000389172   0.000418752
      1653.0   0.000184501   0.000210088
      1654.0   0.000073753   0.000089739
      1655.0   0.000123446   0.000161336
      1656.0   0.000102732   0.000145029
      1657.0   0.000120267   0.000184481
      1658.0   0.000118684   0.000198766
      1659.0   0.000138630   0.000254178
      1660.0   0.000162516   0.000325951
      1661.0   0.000153009   0.000334890
      1662.0   0.000172323   0.000412764
      1663.0   0.000123168   0.000323077
      1664.0   0.000000000   0.000000000
      1665.0   0.000022979   0.000071626
      1666.0   0.000009474   0.000032190
      1667.0   0.000000000   0.000000000
      1668.0   0.000000000   0.000000000
      1669.0   0.000000000   0.000000000
      1670.0   0.000000000   0.000000000
      1671.0   0.000000000   0.000000000
      1672.0   0.000000000   0.000000000
      1673.0   0.000123678   0.000664109
      1674.0   0.000066291   0.000377154
      1675.0   0.000042394   0.000254309
      1676.0   0.000049029   0.000306502
      1677.0   0.000046796   0.000302042
      1678.0   0.000029628   0.000197159
      1679.0   0.000047699   0.000330123
      1680.0   0.000056793   0.000407637
      1681.0   0.000061377   0.000448445
      1682.0   0.000074294   0.000550056
      1683.0   0.000079887   0.000603657
      1684.0   0.000101938   0.000779120
      1685.0   0.000113885   0.000875729
      1686.0   0.000050963   0.000393197
      1687.0   0.000045423   0.000348918
      1688.0   0.000032831   0.000251460
      1689.0   0.000023222   0.000178181
      1690.0   0.000031510   0.000239695
      1691.0   0.000029426   0.000219382
      1692.0   0.000032885   0.000240083
      1693.0   0.000031746   0.000226217
      1694.0   0.000035214   0.000246021
      1695.0   0.000044440   0.000305069
      1696.0   0.000045050   0.000302559
      1697.0   0.000051713   0.000333304
      1698.0   0.000080988   0.000499400
      1699.0   0.000092413   0.000545837
      1700.0   0.000103780   0.000588115
      1701.0   0.000096658   0.000524828
      1702.0   0.000051162   0.000261417
      1703.0   0.000042600   0.000204843
      1704.0   0.000050326   0.000226670
      1705.0   0.000047172   0.000197537
      1706.0   0.000053705   0.000209148
      1707.0   0.000051441   0.000185884
      1708.0   0.000053575   0.000178560
      1709.0   0.000056366   0.000171970
      1710.0   0.000054872   0.000152443
      1711.0   0.000070770   0.000177772
      1712.0   0.000106765   0.000242825
      1713.0   0.000105482   0.000216085
      1714.0   0.000148321   0.000274010
      1715.0   0.000157133   0.000261931
      1716.0   0.000183031   0.000276666
      1717.0   0.000226372   0.000311463
      1718.0   0.000231179   0.000293036
      1719.0   0.000294632   0.000348727
      1720.0   0.000399105   0.000449033
      1721.0   0.000449122   0.000489445
      1722.0   0.000559587   0.000601412
      1723.0   0.000545480   0.000590203
      1724.0   0.000608389   0.000674066
      1725.0   0.000440824   0.000508928
      1726.0   0.000211116   0.000257133
      1727.0   0.000175849   0.000228252
      1728.0   0.000190118   0.000264689
      1729.0   0.000153651   0.000230814
      1730.0   0.000157148   0.000254385
      1731.0   0.000125675   0.000219398
      1732.0   0.000125573   0.000235553
      1733.0   0.000093666   0.000188483
      1734.0   0.000103501   0.000222254
      1735.0   0.000138281   0.000316052
      1736.0   0.000114883   0.000277712
      1737.0   0.000113055   0.000286091
      1738.0   0.000147537   0.000389348
      1739.0   0.000142661   0.000390241
      1740.0   0.000162928   0.000458051
      1741.0   0.000196538   0.000564981
      1742.0   0.000187655   0.000551166
      1743.0   0.000220905   0.000656229
      1744.0   0.000233577   0.000703494
      1745.0   0.000160109   0.000488784
      1746.0   0.000095405   0.000291476
      1747.0   0.000073056   0.000221546
      1748.0   0.000086840   0.000260893
      1749.0   0.000110976   0.000329504
      1750.0   0.000144213   0.000420968
      1751.0   0.000180956   0.000517879
      1752.0   0.000166604   0.000465902
      1753.0   0.000171369   0.000462879
      1754.0   0.000085860   0.000223360
      1755.0   0.000080958   0.000202235
      1756.0   0.000109580   0.000262755
      1757.0   0.000126099   0.000287588
      1758.0   0.000121731   0.000263338
      1759.0   0.000140765   0.000284236
      1760.0   0.000134905   0.000254506
      1761.0   0.000159635   0.000279797
      1762.0   0.000174233   0.000282839
      1763.0   0.000223910   0.000334403
      1764.0   0.000332611   0.000459854
      1765.0   0.000420428   0.000539520
      1766.0   0.000512610   0.000617782
      1767.0   0.000360844   0.000412969
      1768.0   0.000211042   0.000233255
      1769.0   0.000330745   0.000359957
      1770.0   0.000447741   0.000489505
      1771.0   0.000417206   0.000466872
      1772.0   0.000497176   0.000581074
      1773.0   0.000291288   0.000362058
      1774.0   0.000171344   0.000228258
      1775.0   0.000178651   0.000258157
      1776.0   0.000209075   0.000327210
      1777.0   0.000226798   0.000385908
      1778.0   0.000205698   0.000378242
      1779.0   0.000211530   0.000420396
      1780.0   0.000201215   0.000425430
      1781.0   0.000106637   0.000240160
      1782.0   0.000076932   0.000179734
      1783.0   0.000079108   0.000191150
      1784.0   0.000069807   0.000172965
      1785.0   0.000068565   0.000175178
      1786.0   0.000063950   0.000163996
      1787.0   0.000056101   0.000143840
      1788.0   0.000067184   0.000169733
      1789.0   0.000060458   0.000152359
      1790.0   0.000062035   0.000152672
      1791.0   0.000069294   0.000163841
      1792.0   0.000059125   0.000137181
      1793.0   0.000073550   0.000165745
      1794.0   0.000085953   0.000186374
      1795.0   0.000099598   0.000202817
      1796.0   0.000082504   0.000158586
      1797.0   0.000047265   0.000085042
      1798.0   0.000058178   0.000097238
      1799.0   0.000069945   0.000106634
      1800.0   0.000052759   0.000073618
      1801.0   0.000071165   0.000089966
      1802.0   0.000070779   0.000081121
      1803.0   0.000073339   0.000074070
      1804.0   0.000119753   0.000103617
      1805.0   0.000093999   0.000067074
      1806.0   0.000068575   0.000040190
      1807.0   0.000104286   0.000049078
      1808.0   0.000284703   0.000107297
      1809.0   0.000405095   0.000122713
      1810.0   0.000354265   0.000089998
      1811.0   0.000301671   0.000068232
      1812.0   0.000300513   0.000065468
      1813.0   0.000221795   0.000050177
      1814.0   0.000359290   0.000090415
      1815.0   0.000199946   0.000062148
      1816.0   0.000022910   0.000009319
      1817.0   0.000133098   0.000070861
      1818.0   0.000177582   0.000125597
      1819.0   0.000096884   0.000094734
      1820.0   0.000024854   0.000035372
      1821.0   0.000000000   0.000000000
      1822.0   0.000005791   0.000017387
      1823.0   0.000043952   0.000183148
      1824.0   0.000055637   0.000318648
      1825.0   0.000037187   0.000299392
      1826.0   0.000010555   0.000104331
      1827.0   0.000000731   0.000009308
      1828.0   0.000006105   0.000112452
      1829.0   0.000005456   0.000193917
      1830.0   0.000002494   0.000091501
      1831.0   0.000000000   0.000000000
      1832.0   0.000001943   0.000093185
      1833.0   0.000005869   0.000351181
      1834.0   0.000008715   0.000608106
      1835.0   0.000003921   0.000347756
      1836.0   0.000000082   0.000010665
      1837.0   0.000000000   0.000000000
      1838.0   0.000000441   0.000112635
      1839.0   0.000002366   0.000709605
      1840.0   0.000001575   0.000524478
      1841.0   0.000000256   0.000098301
      1842.0   0.000000000   0.000000000
      1843.0   0.000000435   0.000229102
      1844.0   0.000001596   0.001018207
      1845.0   0.000002003   0.001429986
      1846.0   0.000001306   0.000994907
      1847.0   0.000000000   0.000000000
      1848.0   0.000000000   0.000000000
      1849.0   0.000000019   0.000018799
      1850.0   0.000000855   0.000903627
      1851.0   0.000001171   0.001244619
      1852.0   0.000000650   0.000656009
      1853.0   0.000000157   0.000145161
      1854.0   0.000000097   0.000084324
      1855.0   0.000000240   0.000208497
      1856.0   0.000000619   0.000547581
      1857.0   0.000000320   0.000287657
      1858.0   0.000000156   0.000146268
      1859.0   0.000000276   0.000257048
      1860.0   0.000000081   0.000071959
      1861.0   0.000000076   0.000070221
      1862.0   0.000000458   0.000437012
      1863.0   0.000000540   0.000502324
      1864.0   0.000000218   0.000225257
      1865.0   0.000000102   0.000111246
      1866.0   0.000000167   0.000164524
      1867.0   0.000000184   0.000178690
      1868.0   0.000000000   0.000000000
      1869.0   0.000000000   0.000000000
      1870.0   0.000000000   0.000000000
      1871.0   0.000000000   0.000000000
      1872.0   0.000000000   0.000000000
      1873.0   0.000000058   0.000070711
      1874.0   0.000000108   0.000140385
      1875.0   0.000000216   0.000301582
      1876.0   0.000000240   0.000365171
      1877.0   0.000000136   0.000225540
      1878.0   0.000000115   0.000194529
      1879.0   0.000000232   0.000404871
      1880.0   0.000000272   0.000477519
      1881.0   0.000000108   0.000223211
      1882.0   0.000000046   0.000129985
      1883.0   0.000000065   0.000239249
      1884.0   0.000000009   0.000038518
      1885.0   0.000000012   0.000070122
      1886.0   0.000000068   0.000427424
      1887.0   0.000000079   0.000409772
      1888.0   0.000000069   0.000327890
      1889.0   0.000000027   0.000130782
      1890.0   0.000000000   0.000000000
      1891.0   0.000000000   0.000000000
      1892.0   0.000000114   0.000707792
      1893.0   0.000000166   0.001092433
      1894.0   0.000000153   0.001207940
      1895.0   0.000000138   0.001135283
      1896.0   0.000000149   0.001086559
      1897.0   0.000000082   0.000704159
      1898.0   0.000000043   0.000419912
      1899.0   0.000000000   0.000000000
      1900.0   0.000000000   0.000000000
      1901.0   0.000000039   0.000483449
      1902.0   0.000000107   0.000849632
      1903.0   0.000000078   0.000440643
      1904.0   0.000000043   0.000186090
      1905.0   0.000000017   0.000061417
      1906.0   0.000000003   0.000008318
      1907.0   0.000000043   0.000110678
      1908.0   0.000000128   0.000301720
      1909.0   0.000000150   0.000390853
      1910.0   0.000000078   0.000214418
      1911.0   0.000000024   0.000052664
      1912.0   0.000000012   0.000022108
      1913.0   0.000000000   0.000000000
      1914.0   0.000000026   0.000044218
      1915.0   0.000000107   0.000141268
      1916.0   0.000000095   0.000154583
      1917.0   0.000000062   0.000127335
      1918.0   0.000000038   0.000063631
      1919.0   0.000000023   0.000034807
      1920.0   0.000000002   0.000002310
      1921.0   0.000000000   0.000000000
      1922.0   0.000000041   0.000039608
      1923.0   0.000000126   0.000127018
      1924.0   0.000000067   0.000073451
      1925.0   0.000000003   0.000003013
      1926.0   0.000000000   0.000000000
      1927.0   0.000000000   0.000000000
      1928.0   0.000000000   0.000000000
      1929.0   0.000000009   0.000008958
      1930.0   0.000000048   0.000049032
      1931.0   0.000000068   0.000078924
      1932.0   0.000000064   0.000082444
      1933.0   0.000000065   0.000101339
      1934.0   0.000000053   0.000102735
      1935.0   0.000000041   0.000093300
      1936.0   0.000000050   0.000144526
      1937.0   0.000000052   0.000186932
      1938.0   0.000000045   0.000176947
      1939.0   0.000000051   0.000241507
      1940.0   0.000000073   0.000351769
      1941.0   0.000000104   0.000397441
      1942.0   0.000000104   0.000416717
      1943.0   0.000000101   0.000485883
      1944.0   0.000000119   0.000561001
      1945.0   0.000000091   0.000456040
      1946.0   0.000000075   0.000397425
      1947.0   0.000000112   0.000402030
      1948.0   0.000000104   0.000268788
      1949.0   0.000000123   0.000256162
      1950.0   0.000000131   0.000201142
      1951.0   0.000000113   0.000136526
      1952.0   0.000000123   0.000115695
      1953.0   0.000000114   0.000073777
      1954.0   0.000000128   0.000059682
      1955.0   0.000000106   0.000037634
      1956.0   0.000000111   0.000032388
      1957.0   0.000000127   0.000030499
      1958.0   0.000000121   0.000021372
      1959.0   0.000000183   0.000021275
      1960.0   0.000000245   0.000019039
      1961.0   0.000000206   0.000012266
      1962.0   0.000000295   0.000014998
      1963.0   0.000000292   0.000012559
      1964.0   0.000000265   0.000009345
      1965.0   0.000000251   0.000007069
      1966.0   0.000000298   0.000007012
      1967.0   0.000000343   0.000006833
      1968.0   0.000000318   0.000005493
      1969.0   0.000000334   0.000004953
      1970.0   0.000000369   0.000004646
      1971.0   0.000000418   0.000004407
      1972.0   0.000000435   0.000003708
      1973.0   0.000000569   0.000003784
      1974.0   0.000000680   0.000003677
      1975.0   0.000000757   0.000003532
      1976.0   0.000000763   0.000003130
      1977.0   0.000000747   0.000002622
      1978.0   0.000001028   0.000003158
      1979.0   0.000001038   0.000002873
      1980.0   0.000001074   0.000002481
      1981.0   0.000001265   0.000002379
      1982.0   0.000001215   0.000002097
      1983.0   0.000001425   0.000002308
      1984.0   0.000001787   0.000002599
      1985.0   0.000001925   0.000002522
      1986.0   0.000002266   0.000002569
      1987.0   0.000002648   0.000002392
      1988.0   0.000003071   0.000002268
      1989.0   0.000003556   0.000002289
      1990.0   0.000004083   0.000002373
      1991.0   0.000004462   0.000002386
      1992.0   0.000004744   0.000002373
      1993.0   0.000005257   0.000002296
      1994.0   0.000006451   0.000002244
      1995.0   0.000007669   0.000002240
      1996.0   0.000008841   0.000002383
      1997.0   0.000010120   0.000002450
      1998.0   0.000011467   0.000002617
      1999.0   0.000012902   0.000002877
      2000.0   0.000014789   0.000002910
      2001.0   0.000018393   0.000002828
      2002.0   0.000022307   0.000002679
      2003.0   0.000025844   0.000002406
      2004.0   0.000031088   0.000002386
      2005.0   0.000032941   0.000002822
      2006.0   0.000048014   0.000003345
      2007.0   0.000071282   0.000003926
      2008.0   0.000070729   0.000004465
      2009.0   0.000044379   0.000004640
      2010.0   0.000040584   0.000004771
      2011.0   0.000045423   0.000004951
      2012.0   0.000160114   0.000005199
      2013.0   0.000254282   0.000005961
      2014.0   0.000188853   0.000006658
      2015.0   0.000114926   0.000006652
      2016.0   0.000118649   0.000006657
      2017.0   0.000256761   0.000007400
      2018.0   0.000486975   0.000008970
      2019.0   0.000691734   0.000010622
      2020.0   0.000847842   0.000012052
      2021.0   0.001128450   0.000014693
      2022.0   0.001182013   0.000018495
      2023.0   0.001594046   0.000019186
      2024.0   0.002224433   0.000018851
      2025.0   0.002384796   0.000023228
      2026.0   0.002894201   0.000028555
      2027.0   0.003911129   0.000031276
      2028.0   0.005481217   0.000035711
      2029.0   0.007710033   0.000042311
      2030.0   0.009043748   0.000044448
      2031.0   0.010824968   0.000045237
      2032.0   0.014751325   0.000044298
      2033.0   0.018768821   0.000042583
      2034.0   0.023777552   0.000040832
      2035.0   0.030595792   0.000046535
      2036.0   0.038173303   0.000057788
      2037.0   0.047127429   0.000054268
      2038.0   0.056461133   0.000045950
      2039.0   0.065795578   0.000044294
      2040.0   0.077407479   0.000038648
      2041.0   0.091349751   0.000031271
      2042.0   0.110402174   0.000044617
      2043.0   0.131619215   0.000067347
      2044.0   0.154379129   0.000079858
      2045.0   0.179740638   0.000080909
      2046.0   0.210596904   0.000074318
      2047.0   0.245286390   0.000059944
      2048.0   0.285097480   0.000047015
      2049.0   0.328774840   0.000040515
      2050.0   0.378521353   0.000036862
      2051.0   0.429750323   0.000046670
      2052.0   0.485434711   0.000055554
      2053.0   0.539353192   0.000059639
      2054.0   0.593874812   0.000064257
      2055.0   0.644056439   0.000054742
      2056.0   0.689647615   0.000045675
      2057.0   0.728413641   0.000059606
      2058.0   0.760600030   0.000064756
      2059.0   0.784361005   0.000063316
      2060.0   0.802196324   0.000083859
      2061.0   0.814920068   0.000085209
      2062.0   0.822458267   0.000066177
      2063.0   0.824735641   0.000072675
      2064.0   0.824720025   0.000067870
      2065.0   0.823628962   0.000035101
      2066.0   0.821503878   0.000031777
      2067.0   0.821296513   0.000050944
      2068.0   0.819701731   0.000063871
      2069.0   0.819710255   0.000078794
      2070.0   0.821021259   0.000082454
      2071.0   0.822905838   0.000072797
      2072.0   0.826321661   0.000073415
      2073.0   0.830426574   0.000052582
      2074.0   0.835570097   0.000043579
      2075.0   0.841592133   0.000091932
      2076.0   0.848293960   0.000107905
      2077.0   0.855168998   0.000070312
      2078.0   0.862467587   0.000067636
      2079.0   0.869868994   0.000075385
      2080.0   0.877447128   0.000053434
      2081.0   0.885100543   0.000067835
      2082.0   0.893177092   0.000104045
      2083.0   0.899397969   0.000099407
      2084.0   0.904650271   0.000088871
      2085.0   0.909484625   0.000090975
      2086.0   0.914093256   0.000080570
      2087.0   0.918631375   0.000081886
      2088.0   0.921963453   0.000092029
      2089.0   0.925000489   0.000073457
      2090.0   0.927508056   0.000063955
      2091.0   0.928651094   0.000078400
      2092.0   0.929899871   0.000078351
      2093.0   0.931050837   0.000085621
      2094.0   0.930339038   0.000106947
      2095.0   0.930323482   0.000123979
      2096.0   0.931416392   0.000126889
      2097.0   0.932394981   0.000123312
      2098.0   0.931628585   0.000134416
      2099.0   0.931968033   0.000147317
      2100.0   0.933449447   0.000118042
      2101.0   0.933008969   0.000085884
      2102.0   0.934098125   0.000090958
      2103.0   0.935327947   0.000081985
      2104.0   0.935526252   0.000086561
      2105.0   0.936887622   0.000131218
      2106.0   0.937494814   0.000158410
      2107.0   0.937338352   0.000163253
      2108.0   0.938092530   0.000186390
      2109.0   0.938880324   0.000190459
      2110.0   0.940666139   0.000178597
      2111.0   0.940407276   0.000187446
      2112.0   0.940855265   0.000188940
      2113.0   0.940212488   0.000196856
      2114.0   0.938738465   0.000226261
      2115.0   0.937438548   0.000234446
      2116.0   0.935956180   0.000215621
      2117.0   0.933370471   0.000207153
      2118.0   0.930144072   0.000170671
      2119.0   0.927182317   0.000142266
      2120.0   0.923926055   0.000207586
      2121.0   0.919535398   0.000255958
      2122.0   0.914934516   0.000275631
      2123.0   0.910403371   0.000329311
      2124.0   0.905197859   0.000340472
      2125.0   0.900967002   0.000283054
      2126.0   0.896562040   0.000287213
      2127.0   0.894195259   0.000305214
      2128.0   0.890228748   0.000303714
      2129.0   0.887506962   0.000376237
      2130.0   0.886613905   0.000441101
      2131.0   0.885846674   0.000471935
      2132.0   0.887296855   0.000501527
      2133.0   0.889944494   0.000510974
      2134.0   0.894539297   0.000522161
      2135.0   0.899048090   0.000577032
      2136.0   0.905199826   0.000613124
      2137.0   0.912916064   0.000645607
      2138.0   0.920661151   0.000711444
      2139.0   0.927443624   0.000763394
      2140.0   0.933867276   0.000797463
      2141.0   0.938256860   0.000838604
      2142.0   0.939026713   0.000897960
      2143.0   0.936499178   0.000953931
      2144.0   0.928946614   0.001014965
      2145.0   0.912839055   0.001093111
      2146.0   0.887162566   0.001192202
      2147.0   0.858582675   0.001276603
      2148.0   0.817411721   0.001367178
      2149.0   0.770229161   0.001457180
      2150.0   0.716151536   0.001563905
      2151.0   0.658944786   0.001705633
      2152.0   0.598140419   0.002659083
      2153.0   0.538353801   0.003318459
      2154.0   0.478539824   0.002174054
      2155.0   0.420891464   0.002123441
      2156.0   0.366446704   0.001654175
      2157.0   0.319773316   0.001755677
      2158.0   0.276424795   0.002823822
      2159.0   0.238051653   0.002762649
      2160.0   0.205135986   0.003670412
      2161.0   0.174465314   0.003799611
      2162.0   0.147291020   0.003295198
      2163.0   0.125954688   0.002664253
      2164.0   0.109245382   0.002588518
      2165.0   0.093852542   0.003538549
      2166.0   0.080794126   0.003758490
      2167.0   0.070079736   0.004203297
      2168.0   0.059820369   0.005806988
      2169.0   0.052933559   0.006209485
      2170.0   0.045603793   0.006571983
      2171.0   0.039418377   0.008054260
      2172.0   0.033386149   0.009411609
      2173.0   0.029044637   0.010338612
      2174.0   0.025225436   0.011318760
      2175.0   0.022710998   0.013076707
      2176.0   0.020973431   0.014773378
      2177.0   0.017532045   0.016274683
      2178.0   0.014695195   0.018448539
      2179.0   0.013700548   0.020754952
      2180.0   0.013176265   0.023262803
      2181.0   0.013161904   0.025608063
      2182.0   0.012282235   0.028578037
      2183.0   0.009125093   0.032753140
      2184.0   0.006911557   0.038799085
      2185.0   0.008252900   0.046713028
      2186.0   0.009197168   0.054125782
      2187.0   0.006804507   0.061659757
      2188.0   0.006296696   0.071644887
      2189.0   0.005142902   0.083435647
      2190.0   0.004222476   0.096874833
      2191.0   0.004644315   0.113073066
      2192.0   0.004543594   0.133009866
      2193.0   0.003202787   0.157468975
      2194.0   0.002673074   0.185267925
      2195.0   0.002495199   0.216223359
      2196.0   0.002299597   0.252070516
      2197.0   0.002092908   0.293201983
      2198.0   0.001952604   0.338755339
      2199.0   0.001863245   0.389120519
      2200.0   0.001692446   0.444450796
      2201.0   0.001519789   0.501194298
      2202.0   0.001404688   0.558614314
      2203.0   0.001327896   0.616205096
      2204.0   0.001182411   0.670575559
      2205.0   0.001125495   0.722016275
      2206.0   0.001107966   0.769127250
      2207.0   0.001080284   0.809744537
      2208.0   0.001011683   0.843444467
      2209.0   0.001015992   0.869845629
      2210.0   0.000955325   0.888311863
      2211.0   0.000859013   0.901384890
      2212.0   0.000785523   0.909578145
      2213.0   0.000739886   0.912716925
      2214.0   0.000685286   0.911777914
      2215.0   0.000651261   0.908512652
      2216.0   0.000609227   0.904004395
      2217.0   0.000544853   0.897725582
      2218.0   0.000451789   0.891535759
      2219.0   0.000411477   0.887108505
      2220.0   0.000424005   0.881896019
      2221.0   0.000465306   0.877268493
      2222.0   0.000513184   0.874061406
      2223.0   0.000531759   0.872319281
      2224.0   0.000481446   0.870754957
      2225.0   0.000425417   0.870263159
      2226.0   0.000349856   0.872272789
      2227.0   0.000320070   0.873943686
      2228.0   0.000330603   0.875161827
      2229.0   0.000323953   0.877650440
      2230.0   0.000286985   0.880758822
      2231.0   0.000284718   0.883533597
      2232.0   0.000269140   0.885997891
      2233.0   0.000242229   0.889613032
      2234.0   0.000223147   0.891896665
      2235.0   0.000254204   0.893867016
      2236.0   0.000284717   0.896205127
      2237.0   0.000263058   0.898080647
      2238.0   0.000233256   0.898958981
      2239.0   0.000195722   0.898913383
      2240.0   0.000151484   0.898767471
      2241.0   0.000134210   0.898585200
      2242.0   0.000143422   0.897342741
      2243.0   0.000183217   0.896504223
      2244.0   0.000214977   0.895003080
      2245.0   0.000205983   0.892983317
      2246.0   0.000203069   0.892161369
      2247.0   0.000210611   0.890008390
      2248.0   0.000172620   0.888064563
      2249.0   0.000135056   0.886230946
      2250.0   0.000137853   0.884912789
      2251.0   0.000137280   0.883503914
      2252.0   0.000127774   0.881926954
      2253.0   0.000114815   0.881791890
      2254.0   0.000121797   0.881599367
      2255.0   0.000138244   0.881269634
      2256.0   0.000118585   0.882149339
      2257.0   0.000083598   0.883657992
      2258.0   0.000073267   0.883766234
      2259.0   0.000084606   0.884372354
      2260.0   0.000087629   0.887159944
      2261.0   0.000097364   0.889212310
      2262.0   0.000103367   0.889840066
      2263.0   0.000113893   0.891891658
      2264.0   0.000137056   0.894601762
      2265.0   0.000130692   0.896190405
      2266.0   0.000119438   0.897364438
      2267.0   0.000109806   0.899083614
      2268.0   0.000098018   0.900512457
      2269.0   0.000073329   0.900557160
      2270.0   0.000061404   0.899961174
      2271.0   0.000038007   0.899934113
      2272.0   0.000015469   0.899060130
      2273.0   0.000037486   0.897948742
      2274.0   0.000071907   0.895749271
      2275.0   0.000073244   0.893340230
      2276.0   0.000091083   0.890947044
      2277.0   0.000173096   0.887931883
      2278.0   0.000171279   0.885095239
      2279.0   0.000109496   0.881723821
      2280.0   0.000084657   0.878620207
      2281.0   0.000059308   0.876136363
      2282.0   0.000000000   0.872175217
      2283.0   0.000001001   0.869047403
      2284.0   0.000057779   0.868040442
      2285.0   0.000069741   0.866982102
      2286.0   0.000059226   0.865577638
      2287.0   0.000074122   0.865240097
      2288.0   0.000086388   0.866304934
      2289.0   0.000039582   0.867038012
      2290.0   0.000032761   0.869555533
      2291.0   0.000072947   0.874090970
      2292.0   0.000056931   0.877083361
      2293.0   0.000025254   0.880517304
      2294.0   0.000069733   0.884636700
      2295.0   0.000090007   0.887938082
      2296.0   0.000056504   0.889921844
      2297.0   0.000044428   0.889347434
      2298.0   0.000043595   0.886522293
      2299.0   0.000038023   0.880169928
      2300.0   0.000052547   0.869180679
      2301.0   0.000053994   0.852757931
      2302.0   0.000032663   0.830587566
      2303.0   0.000047564   0.803211093
      2304.0   0.000043870   0.769722462
      2305.0   0.000000000   0.730408251
      2306.0   0.000000000   0.686844647
      2307.0   0.000063023   0.639538527
      2308.0   0.000052887   0.590689659
      2309.0   0.000031695   0.539396048
      2310.0   0.000068400   0.487414747
      2311.0   0.000077122   0.436334610
      2312.0   0.000066740   0.387510836
      2313.0   0.000063413   0.341588736
      2314.0   0.000048499   0.298969120
      2315.0   0.000062320   0.259883642
      2316.0   0.000063719   0.224884257
      2317.0   0.000059660   0.194437161
      2318.0   0.000032162   0.166894376
      2319.0   0.000005693   0.142215803
      2320.0   0.000000000   0.121112496
      2321.0   0.000000000   0.102859698
      2322.0   0.000010897   0.087074101
      2323.0   0.000065410   0.073550150
      2324.0   0.000097878   0.062081512
      2325.0   0.000082380   0.051901855
      2326.0   0.000069649   0.043651052
      2327.0   0.000063083   0.036660556
      2328.0   0.000035800   0.030644458
      2329.0   0.000029987   0.025845511
      2330.0   0.000059036   0.021076664
      2331.0   0.000063675   0.016989794
      2332.0   0.000037829   0.014114289
      2333.0   0.000043972   0.012042599
      2334.0   0.000049136   0.010437943
      2335.0   0.000035064   0.008921322
      2336.0   0.000012860   0.007458534
      2337.0   0.000016887   0.005944487
      2338.0   0.000026037   0.004450699
      2339.0   0.000015752   0.003474032
      2340.0   0.000016280   0.003028781
      2341.0   0.000015997   0.002721739
      2342.0   0.000006778   0.002119005
      2343.0   0.000000000   0.001590299
      2344.0   0.000000388   0.001148080
      2345.0   0.000005229   0.000812288
      2346.0   0.000008736   0.000664972
      2347.0   0.000005957   0.000536327
      2348.0   0.000005732   0.000436712
      2349.0   0.000003637   0.000357239
      2350.0   0.000001000   0.000288942
      2351.0   0.000003658   0.000234529
      2352.0   0.000004150   0.000198921
      2353.0   0.000003542   0.000165868
      2354.0   0.000004531   0.000134646
      2355.0   0.000004630   0.000112331
      2356.0   0.000002117   0.000095247
      2357.0   0.000002390   0.000076986
      2358.0   0.000003009   0.000063022
      2359.0   0.000001445   0.000054812
      2360.0   0.000000694   0.000044763
      2361.0   0.000001247   0.000036253
      2362.0   0.000002417   0.000031413
      2363.0   0.000001475   0.000027932
      2364.0   0.000001383   0.000024720
      2365.0   0.000001379   0.000021918
      2366.0   0.000001171   0.000019485
      2367.0   0.000000510   0.000017126
      2368.0   0.000000670   0.000013251
      2369.0   0.000001633   0.000011558
      2370.0   0.000001638   0.000009726
      2371.0   0.000001453   0.000009200
      2372.0   0.000001120   0.000007020
      2373.0   0.000000876   0.000006293
      2374.0   0.000000775   0.000006106
      2375.0   0.000000584   0.000005039
      2376.0   0.000000567   0.000004325
      2377.0   0.000000885   0.000004061
      2378.0   0.000000923   0.000003230
      2379.0   0.000000330   0.000002355
      2380.0   0.000000458   0.000002041
      2381.0   0.000000363   0.000002160
      2382.0   0.000000251   0.000002179
      2383.0   0.000000469   0.000001542
      2384.0   0.000000563   0.000001325
      2385.0   0.000000481   0.000001271
      2386.0   0.000000473   0.000000868
      2387.0   0.000000524   0.000000921
      2388.0   0.000000307   0.000000771
      2389.0   0.000000183   0.000000768
      2390.0   0.000000113   0.000000568
      2391.0   0.000000059   0.000000423
      2392.0   0.000000057   0.000000351
      2393.0   0.000000000   0.000000377
      2394.0   0.000000073   0.000000316
      2395.0   0.000000079   0.000000444
      2396.0   0.000000037   0.000000352
      2397.0   0.000000070   0.000000351
      2398.0   0.000000179   0.000000300
      2399.0   0.000000132   0.000000218
      2400.0   0.000000112   0.000000199
      2401.0   0.000000156   0.000000168
      2402.0   0.000000181   0.000000152
      2403.0   0.000000113   0.000000142
      2404.0   0.000000145   0.000000119
      2405.0   0.000000241   0.000000133
      2406.0   0.000000136   0.000000048
      2407.0   0.000000052   0.000000007
      2408.0   0.000000043   0.000000016
      2409.0   0.000000034   0.000000026
      2410.0   0.000000081   0.000000056
      2411.0   0.000000127   0.000000104
      2412.0   0.000000111   0.000000082
      2413.0   0.000000133   0.000000101
      2414.0   0.000000145   0.000000085
      2415.0   0.000000088   0.000000062
      2416.0   0.000000149   0.000000100
      2417.0   0.000000120   0.000000062
      2418.0   0.000000033   0.000000011
      2419.0   0.000000074   0.000000015
      2420.0   0.000000087   0.000000013
      2421.0   0.000000093   0.000000015
      2422.0   0.000000107   0.000000024
      2423.0   0.000000061   0.000000016
      2424.0   0.000000084   0.000000038
      2425.0   0.000000069   0.000000031
      2426.0   0.000000061   0.000000029
      2427.0   0.000000068   0.000000028
      2428.0   0.000000033   0.000000013
      2429.0   0.000000028   0.000000009
      2430.0   0.000000129   0.000000036
      2431.0   0.000000084   0.000000020
      2432.0   0.000000084   0.000000020
      2433.0   0.000000000   0.000000000
      2434.0   0.000000074   0.000000012
      2435.0   0.000000125   0.000000022
      2436.0   0.000000039   0.000000006
      2437.0   0.000000106   0.000000015
      2438.0   0.000000029   0.000000003
      2439.0   0.000000033   0.000000002
      2440.0   0.000000063   0.000000000
      2441.0   0.000000046   0.000000000
      2442.0   0.000000196   0.000000006
      2443.0   0.000000179   0.000000012
      2444.0   0.000000000   0.000000000
      2445.0   0.000000000   0.000000000
      2446.0   0.000000042   0.000000006
      2447.0   0.000000232   0.000000035
      2448.0   0.000000103   0.000000014
      2449.0   0.000000218   0.000000016
      2450.0   0.000000000   0.000000000
      2451.0   0.000000113   0.000000000
      2452.0   0.000000021   0.000000000
      2453.0   0.000000069   0.000000000
      2454.0   0.000000000   0.000000000
      2455.0   0.000000367   0.000000001
      2456.0   0.000000000   0.000000000
      2457.0   0.000000000   0.000000000
      2458.0   0.000000000   0.000000000
      2459.0   0.000000014   0.000000000
      2460.0   0.000000351   0.000000005
      2461.0   0.000000736   0.000000043
      2462.0   0.000000349   0.000000033
      2463.0   0.000000000   0.000000000
      2464.0   0.000000000   0.000000000
      2465.0   0.000000161   0.000000003
      2466.0   0.000000397   0.000000002
      2467.0   0.000000155   0.000000001
      2468.0   0.000000000   0.000000000
      2469.0   0.000000000   0.000000000
      2470.0   0.000000712   0.000000010
      2471.0   0.000000941   0.000000022
      2472.0   0.000000620   0.000000018
      2473.0   0.000000000   0.000000000
      2474.0   0.000000000   0.000000000
      2475.0   0.000001307   0.000000029
      2476.0   0.000001226   0.000000015
      2477.0   0.000000000   0.000000001
      2478.0   0.000000000   0.000000000
      2479.0   0.000002555   0.000000003
      2480.0   0.000000556   0.000000000
      2481.0   0.000000000   0.000000000
      2482.0   0.000000206   0.000000002
      2483.0   0.000000000   0.000000000
      2484.0   0.000000000   0.000000000
      2485.0   0.000000470   0.000000002
      2486.0   0.000000000   0.000000000
      2487.0   0.000000000   0.000000000
      2488.0   0.000000000   0.000000000
      2489.0   0.000005548   0.000000014
      2490.0   0.000007023   0.000000010
      2491.0   0.000006634   0.000000010
      2492.0   0.000000000   0.000000000
      2493.0   0.000004640   0.000000010
      2494.0   0.000000000   0.000000000
      2495.0   0.000000000   0.000000000
      2496.0   0.000000344   0.000000000
      2497.0   0.000005480   0.000000000
      2498.0   0.000000000   0.000000000
      2499.0   0.000000000   0.000000000
      2500.0   0.000000000   0.000000000
      2501.0   0.000005392   0.000000002
      2502.0   0.000065595   0.000000025
      2503.0   0.000012983   0.000000004
      2504.0   0.000000000   0.000000000
      2505.0   0.000000000   0.000000000
      2506.0   0.000000000   0.000000000
      2507.0   0.000000000   0.000000000
      2508.0   0.000000000   0.000000000
      2509.0   0.000000000   0.000000000
      2510.0   0.000000000   0.000000000
      2511.0   0.000000000   0.000000000
      2512.0   0.000000000   0.000000000
      2513.0   0.000000000   0.000000000
      2514.0   0.000000000   0.000000000
      2515.0   0.000000000   0.000000000
      2516.0   0.000000000   0.000000000
      2517.0   0.000000000   0.000000000
      2518.0   0.000000000   0.000000000
      2519.0   0.000000000   0.000000000
      2520.0   0.000000000   0.000000000
      2521.0   0.000000000   0.000000000
      2522.0   0.000000000   0.000000000
      2523.0   0.000000000   0.000000000
      2524.0   0.000000000   0.000000000
      2525.0   0.000000000   0.000000000
      2526.0   0.000000000   0.000000000
      2527.0   0.000000000   0.000000000
      2528.0   0.000000000   0.000000000
      2529.0   0.000000000   0.000000000
      2530.0   0.000000000   0.000000000
      2531.0   0.000000000   0.000000000
      2532.0   0.000000000   0.000000000
      2533.0   0.000000000   0.000000000
      2534.0   0.000000000   0.000000000
      2535.0   0.000000000   0.000000000
      2536.0   0.000000000   0.000000000
      2537.0   0.000000000   0.000000000
      2538.0   0.000000000   0.000000000
      2539.0   0.000000000   0.000000000
      2540.0   0.000000000   0.000000000
      2541.0   0.000000000   0.000000000
      2542.0   0.000000000   0.000000000
      2543.0   0.000000000   0.000000000
      2544.0   0.000000000   0.000000000
      2545.0   0.000000000   0.000000000
      2546.0   0.000000000   0.000000000
      2547.0   0.000000000   0.000000000
      2548.0   0.000000000   0.000000000
      2549.0   0.000000000   0.000000000
      2550.0   0.000000000   0.000000000
      2551.0   0.000000000   0.000000000
      2552.0   0.000000000   0.000000000
      2553.0   0.000000000   0.000000000
      2554.0   0.000000000   0.000000000
      2555.0   0.000000000   0.000000000
      2556.0   0.000000000   0.000000000
      2557.0   0.000000000   0.000000000
      2558.0   0.000000000   0.000000000
      2559.0   0.000000000   0.000000000
      2560.0   0.000000000   0.000000000
      2561.0   0.000000000   0.000000000
      2562.0   0.000000000   0.000000000
      2563.0   0.000000000   0.000000000
      2564.0   0.000000000   0.000000000
      2565.0   0.000000000   0.000000000
      2566.0   0.000000000   0.000000000
      2567.0   0.000000000   0.000000000
      2568.0   0.000000000   0.000000000
      2569.0   0.000000000   0.000000000
      2570.0   0.000000000   0.000000000
      2571.0   0.000000000   0.000000000
      2572.0   0.000000000   0.000000000
      2573.0   0.000000000   0.000000000
      2574.0   0.000000000   0.000000000
      2575.0   0.000000000   0.000000000
      2576.0   0.000000000   0.000000000
      2577.0   0.000000000   0.000000000
      2578.0   0.000000000   0.000000000
      2579.0   0.000000000   0.000000000
      2580.0   0.000000000   0.000000000
      2581.0   0.000000000   0.000000000
      2582.0   0.000000000   0.000000000
      2583.0   0.000000000   0.000000000
      2584.0   0.000000000   0.000000000
      2585.0   0.000000000   0.000000000
      2586.0   0.000000000   0.000000000
      2587.0   0.000000000   0.000000000
      2588.0   0.000000000   0.000000000
      2589.0   0.000000000   0.000000000
      2590.0   0.000000000   0.000000000
      2591.0   0.000000000   0.000000000
      2592.0   0.000000000   0.000000000
      2593.0   0.000000000   0.000000000
      2594.0   0.000000000   0.000000000
      2595.0   0.000000000   0.000000000
      2596.0   0.000000000   0.000000000
      2597.0   0.000000000   0.000000000
      2598.0   0.000000000   0.000000000
      2599.0   0.000000000   0.000000000
      2600.0   0.000000000   0.000000000
      2601.0   0.000000000   0.000000000
      2602.0   0.000000000   0.000000000
      2603.0   0.000000000   0.000000000
      2604.0   0.000000000   0.000000000
      2605.0   0.000000000   0.000000000
      2606.0   0.000000000   0.000000000
      2607.0   0.000000000   0.000000000
      2608.0   0.000000000   0.000000000
      2609.0   0.000000000   0.000000000
      2610.0   0.000000000   0.000000000
      2611.0   0.000000000   0.000000000
      2612.0   0.000000000   0.000000000
      2613.0   0.000000000   0.000000000
      2614.0   0.000000000   0.000000000
      2615.0   0.000000000   0.000000000
      2616.0   0.000000000   0.000000000
      2617.0   0.000000000   0.000000000
      2618.0   0.000000000   0.000000000
      2619.0   0.000000000   0.000000000
      2620.0   0.000000000   0.000000000
      2621.0   0.000000000   0.000000000
      2622.0   0.000000000   0.000000000
      2623.0   0.000000000   0.000000000
      2624.0   0.000000000   0.000000000
      2625.0   0.000000000   0.000000000
      2626.0   0.000000000   0.000000000
      2627.0   0.000000000   0.000000000
      2628.0   0.000000000   0.000000000
      2629.0   0.000000000   0.000000000
      2630.0   0.000000000   0.000000000
      2631.0   0.000000000   0.000000000
      2632.0   0.000000000   0.000000000
      2633.0   0.000000000   0.000000000
      2634.0   0.000000000   0.000000000
      2635.0   0.000000000   0.000000000
      2636.0   0.000000000   0.000000000
      2637.0   0.000000000   0.000000000
      2638.0   0.000000000   0.000000000
      2639.0   0.000000000   0.000000000
      2640.0   0.000000000   0.000000000
      2641.0   0.000000000   0.000000000
      2642.0   0.000000000   0.000000000
      2643.0   0.000000000   0.000000000
      2644.0   0.000000000   0.000000000
      2645.0   0.000000000   0.000000000
      2646.0   0.000000000   0.000000000
      2647.0   0.000000000   0.000000000
      2648.0   0.000000000   0.000000000
      2649.0   0.000000000   0.000000000
      2650.0   0.000000000   0.000000000
      2651.0   0.000000000   0.000000000
      2652.0   0.000000000   0.000000000
      2653.0   0.000000000   0.000000000
      2654.0   0.000000000   0.000000000
      2655.0   0.000000000   0.000000000
      2656.0   0.000000000   0.000000000
      2657.0   0.000000000   0.000000000
      2658.0   0.000000000   0.000000000
      2659.0   0.000000000   0.000000000
      2660.0   0.000000000   0.000000000
      2661.0   0.000000000   0.000000000
      2662.0   0.000000000   0.000000000
      2663.0   0.000000000   0.000000000
      2664.0   0.000000000   0.000000000
      2665.0   0.000000000   0.000000000
      2666.0   0.000000000   0.000000000
      2667.0   0.000000000   0.000000000
      2668.0   0.000000000   0.000000000
      2669.0   0.000000000   0.000000000
      2670.0   0.000000000   0.000000000
      2671.0   0.000000000   0.000000000
      2672.0   0.000000000   0.000000000
      2673.0   0.000000000   0.000000000
      2674.0   0.000000000   0.000000000
      2675.0   0.000000000   0.000000000
      2676.0   0.000000000   0.000000000
      2677.0   0.000000000   0.000000000
      2678.0   0.000000000   0.000000000
      2679.0   0.000000000   0.000000000
      2680.0   0.000000000   0.000000000
      2681.0   0.000000000   0.000000000
      2682.0   0.000000000   0.000000000
      2683.0   0.000000000   0.000000000
      2684.0   0.000000000   0.000000000
      2685.0   0.000000000   0.000000000
      2686.0   0.000000000   0.000000000
      2687.0   0.000000000   0.000000000
      2688.0   0.000000000   0.000000000
      2689.0   0.000000000   0.000000000
      2690.0   0.000000000   0.000000000
      2691.0   0.000000000   0.000000000
      2692.0   0.000000000   0.000000000
      2693.0   0.000000000   0.000000000
      2694.0   0.000000000   0.000000000
      2695.0   0.000000000   0.000000000
      2696.0   0.000000000   0.000000000
      2697.0   0.000000000   0.000000000
      2698.0   0.000000000   0.000000000
      2699.0   0.000000000   0.000000000
      2700.0   0.000000000   0.000000000
