#                                                          
# SPHERE/IRDIS NB N_HeI filter transmission                
#                                                          
# Updated with final values on 2015-04-16 by Arthur Vigan  
# For any information, please contact <arthur.vigan@lam.fr>
#                                                          
# wavelength   N_HeI                                       
#                                                          
       400.0   0.000000090
       401.0   0.000000008
       402.0   0.000000000
       403.0   0.000000013
       404.0   0.000000001
       405.0   0.000000063
       406.0   0.000000006
       407.0   0.000000000
       408.0   0.000000071
       409.0   0.000000006
       410.0   0.000000000
       411.0   0.000000000
       412.0   0.000000000
       413.0   0.000000000
       414.0   0.000000000
       415.0   0.000000000
       416.0   0.000000000
       417.0   0.000000000
       418.0   0.000000000
       419.0   0.000000000
       420.0   0.000000008
       421.0   0.000000001
       422.0   0.000000000
       423.0   0.000000000
       424.0   0.000000000
       425.0   0.000000053
       426.0   0.000000005
       427.0   0.000000000
       428.0   0.000000000
       429.0   0.000000043
       430.0   0.000000004
       431.0   0.000000000
       432.0   0.000000000
       433.0   0.000000030
       434.0   0.000000003
       435.0   0.000000000
       436.0   0.000000005
       437.0   0.000000001
       438.0   0.000000000
       439.0   0.000000000
       440.0   0.000000037
       441.0   0.000000081
       442.0   0.000000007
       443.0   0.000000088
       444.0   0.000000008
       445.0   0.000000120
       446.0   0.000000055
       447.0   0.000000054
       448.0   0.000000004
       449.0   0.000000122
       450.0   0.000000109
       451.0   0.000000009
       452.0   0.000000113
       453.0   0.000000010
       454.0   0.000000004
       455.0   0.000000000
       456.0   0.000000000
       457.0   0.000000000
       458.0   0.000000000
       459.0   0.000000000
       460.0   0.000000000
       461.0   0.000000028
       462.0   0.000000002
       463.0   0.000000045
       464.0   0.000000056
       465.0   0.000000016
       466.0   0.000000018
       467.0   0.000000002
       468.0   0.000000054
       469.0   0.000000005
       470.0   0.000000000
       471.0   0.000000000
       472.0   0.000000000
       473.0   0.000000055
       474.0   0.000000005
       475.0   0.000000009
       476.0   0.000000001
       477.0   0.000000000
       478.0   0.000000000
       479.0   0.000000059
       480.0   0.000000005
       481.0   0.000000056
       482.0   0.000000005
       483.0   0.000000000
       484.0   0.000000011
       485.0   0.000000046
       486.0   0.000000004
       487.0   0.000000019
       488.0   0.000000002
       489.0   0.000000000
       490.0   0.000000054
       491.0   0.000000005
       492.0   0.000000010
       493.0   0.000000001
       494.0   0.000000051
       495.0   0.000000005
       496.0   0.000000025
       497.0   0.000000028
       498.0   0.000000002
       499.0   0.000000019
       500.0   0.000000002
       501.0   0.000000055
       502.0   0.000000081
       503.0   0.000000007
       504.0   0.000000000
       505.0   0.000000017
       506.0   0.000000002
       507.0   0.000000000
       508.0   0.000000000
       509.0   0.000000002
       510.0   0.000000000
       511.0   0.000000000
       512.0   0.000000034
       513.0   0.000000047
       514.0   0.000000029
       515.0   0.000000051
       516.0   0.000000004
       517.0   0.000000022
       518.0   0.000000002
       519.0   0.000000000
       520.0   0.000000000
       521.0   0.000000006
       522.0   0.000000014
       523.0   0.000000050
       524.0   0.000000004
       525.0   0.000000000
       526.0   0.000000014
       527.0   0.000000001
       528.0   0.000000121
       529.0   0.000000011
       530.0   0.000000000
       531.0   0.000000021
       532.0   0.000000028
       533.0   0.000000020
       534.0   0.000000038
       535.0   0.000000029
       536.0   0.000000002
       537.0   0.000000000
       538.0   0.000000000
       539.0   0.000000071
       540.0   0.000000016
       541.0   0.000000001
       542.0   0.000000000
       543.0   0.000000037
       544.0   0.000000003
       545.0   0.000000054
       546.0   0.000000005
       547.0   0.000000000
       548.0   0.000000009
       549.0   0.000000055
       550.0   0.000000090
       551.0   0.000000007
       552.0   0.000000000
       553.0   0.000000000
       554.0   0.000000049
       555.0   0.000000004
       556.0   0.000000065
       557.0   0.000000006
       558.0   0.000000000
       559.0   0.000000003
       560.0   0.000000000
       561.0   0.000000016
       562.0   0.000000001
       563.0   0.000000000
       564.0   0.000000084
       565.0   0.000000007
       566.0   0.000000018
       567.0   0.000000002
       568.0   0.000000000
       569.0   0.000000046
       570.0   0.000000004
       571.0   0.000000045
       572.0   0.000000004
       573.0   0.000000021
       574.0   0.000000002
       575.0   0.000000027
       576.0   0.000000002
       577.0   0.000000000
       578.0   0.000000045
       579.0   0.000000015
       580.0   0.000000001
       581.0   0.000000050
       582.0   0.000000004
       583.0   0.000000001
       584.0   0.000000000
       585.0   0.000000000
       586.0   0.000000000
       587.0   0.000000000
       588.0   0.000000049
       589.0   0.000000042
       590.0   0.000000003
       591.0   0.000000017
       592.0   0.000000002
       593.0   0.000000000
       594.0   0.000000000
       595.0   0.000000054
       596.0   0.000000046
       597.0   0.000000004
       598.0   0.000000000
       599.0   0.000000012
       600.0   0.000000001
       601.0   0.000000063
       602.0   0.000000009
       603.0   0.000000000
       604.0   0.000000000
       605.0   0.000000011
       606.0   0.000000001
       607.0   0.000000000
       608.0   0.000000000
       609.0   0.000000044
       610.0   0.000000019
       611.0   0.000000001
       612.0   0.000000028
       613.0   0.000000095
       614.0   0.000000008
       615.0   0.000000000
       616.0   0.000000017
       617.0   0.000000002
       618.0   0.000000083
       619.0   0.000000007
       620.0   0.000000062
       621.0   0.000000006
       622.0   0.000000000
       623.0   0.000000000
       624.0   0.000000003
       625.0   0.000000000
       626.0   0.000000016
       627.0   0.000000001
       628.0   0.000000062
       629.0   0.000000052
       630.0   0.000000004
       631.0   0.000000000
       632.0   0.000000038
       633.0   0.000000023
       634.0   0.000000002
       635.0   0.000000000
       636.0   0.000000004
       637.0   0.000000000
       638.0   0.000000000
       639.0   0.000000046
       640.0   0.000000004
       641.0   0.000000000
       642.0   0.000000000
       643.0   0.000000000
       644.0   0.000000075
       645.0   0.000000040
       646.0   0.000000003
       647.0   0.000000000
       648.0   0.000000000
       649.0   0.000000000
       650.0   0.000000000
       651.0   0.000000000
       652.0   0.000000000
       653.0   0.000000074
       654.0   0.000000007
       655.0   0.000000000
       656.0   0.000000060
       657.0   0.000000005
       658.0   0.000000000
       659.0   0.000000026
       660.0   0.000000002
       661.0   0.000000000
       662.0   0.000000029
       663.0   0.000000003
       664.0   0.000000057
       665.0   0.000000097
       666.0   0.000000032
       667.0   0.000000002
       668.0   0.000000000
       669.0   0.000000000
       670.0   0.000000016
       671.0   0.000000091
       672.0   0.000000023
       673.0   0.000000001
       674.0   0.000000020
       675.0   0.000000002
       676.0   0.000000000
       677.0   0.000000000
       678.0   0.000000024
       679.0   0.000000057
       680.0   0.000000045
       681.0   0.000000004
       682.0   0.000000000
       683.0   0.000000010
       684.0   0.000000001
       685.0   0.000000000
       686.0   0.000000013
       687.0   0.000000001
       688.0   0.000000000
       689.0   0.000000000
       690.0   0.000000000
       691.0   0.000000000
       692.0   0.000000000
       693.0   0.000000000
       694.0   0.000000000
       695.0   0.000000059
       696.0   0.000000005
       697.0   0.000000084
       698.0   0.000000007
       699.0   0.000000001
       700.0   0.000000000
       701.0   0.000000026
       702.0   0.000000026
       703.0   0.000000002
       704.0   0.000000057
       705.0   0.000000020
       706.0   0.000000001
       707.0   0.000000000
       708.0   0.000000000
       709.0   0.000000000
       710.0   0.000000000
       711.0   0.000000018
       712.0   0.000000002
       713.0   0.000000000
       714.0   0.000000000
       715.0   0.000000000
       716.0   0.000000000
       717.0   0.000000070
       718.0   0.000000022
       719.0   0.000000076
       720.0   0.000000080
       721.0   0.000000007
       722.0   0.000000016
       723.0   0.000000031
       724.0   0.000000010
       725.0   0.000000023
       726.0   0.000000002
       727.0   0.000000009
       728.0   0.000000033
       729.0   0.000000003
       730.0   0.000000000
       731.0   0.000000000
       732.0   0.000000000
       733.0   0.000000126
       734.0   0.000000011
       735.0   0.000000122
       736.0   0.000000011
       737.0   0.000000000
       738.0   0.000000082
       739.0   0.000000007
       740.0   0.000000009
       741.0   0.000000001
       742.0   0.000000088
       743.0   0.000000090
       744.0   0.000000168
       745.0   0.000000014
       746.0   0.000000000
       747.0   0.000000013
       748.0   0.000000001
       749.0   0.000000007
       750.0   0.000000001
       751.0   0.000000000
       752.0   0.000000000
       753.0   0.000000144
       754.0   0.000000013
       755.0   0.000000000
       756.0   0.000000000
       757.0   0.000000045
       758.0   0.000000004
       759.0   0.000000011
       760.0   0.000000001
       761.0   0.000000000
       762.0   0.000000000
       763.0   0.000000056
       764.0   0.000000056
       765.0   0.000000004
       766.0   0.000000001
       767.0   0.000000000
       768.0   0.000000034
       769.0   0.000000003
       770.0   0.000000004
       771.0   0.000000122
       772.0   0.000000011
       773.0   0.000000000
       774.0   0.000000000
       775.0   0.000000030
       776.0   0.000000003
       777.0   0.000000000
       778.0   0.000000000
       779.0   0.000000018
       780.0   0.000000002
       781.0   0.000000000
       782.0   0.000000040
       783.0   0.000000004
       784.0   0.000000000
       785.0   0.000000000
       786.0   0.000000095
       787.0   0.000000085
       788.0   0.000000016
       789.0   0.000000001
       790.0   0.000000000
       791.0   0.000000000
       792.0   0.000000108
       793.0   0.000000188
       794.0   0.000000085
       795.0   0.000000006
       796.0   0.000000174
       797.0   0.000000015
       798.0   0.000000000
       799.0   0.000000001
       800.0   0.000000000
       801.0   0.000000000
       802.0   0.000000000
       803.0   0.000000033
       804.0   0.000000003
       805.0   0.000000000
       806.0   0.000000026
       807.0   0.000000002
       808.0   0.000000000
       809.0   0.000000000
       810.0   0.000000073
       811.0   0.000000006
       812.0   0.000000061
       813.0   0.000000067
       814.0   0.000000005
       815.0   0.000000027
       816.0   0.000000084
       817.0   0.000000065
       818.0   0.000000064
       819.0   0.000000076
       820.0   0.000000295
       821.0   0.000000053
       822.0   0.000000155
       823.0   0.000000013
       824.0   0.000000000
       825.0   0.000000000
       826.0   0.000000086
       827.0   0.000000014
       828.0   0.000000001
       829.0   0.000000000
       830.0   0.000000011
       831.0   0.000000001
       832.0   0.000000025
       833.0   0.000000002
       834.0   0.000000147
       835.0   0.000000118
       836.0   0.000000009
       837.0   0.000000000
       838.0   0.000000132
       839.0   0.000000012
       840.0   0.000000000
       841.0   0.000000038
       842.0   0.000000038
       843.0   0.000000003
       844.0   0.000000183
       845.0   0.000000016
       846.0   0.000000488
       847.0   0.000000043
       848.0   0.000000000
       849.0   0.000000000
       850.0   0.000000363
       851.0   0.000000085
       852.0   0.000000036
       853.0   0.000000297
       854.0   0.000000026
       855.0   0.000000000
       856.0   0.000000000
       857.0   0.000000000
       858.0   0.000000000
       859.0   0.000000000
       860.0   0.000000000
       861.0   0.000000185
       862.0   0.000000579
       863.0   0.000000049
       864.0   0.000000386
       865.0   0.000000034
       866.0   0.000000000
       867.0   0.000000211
       868.0   0.000000018
       869.0   0.000000000
       870.0   0.000000843
       871.0   0.000000671
       872.0   0.000000499
       873.0   0.000000073
       874.0   0.000000003
       875.0   0.000000000
       876.0   0.000000000
       877.0   0.000002054
       878.0   0.000000237
       879.0   0.000001203
       880.0   0.000001297
       881.0   0.000000104
       882.0   0.000000972
       883.0   0.000000085
       884.0   0.000000879
       885.0   0.000000077
       886.0   0.000001075
       887.0   0.000003648
       888.0   0.000000309
       889.0   0.000000000
       890.0   0.000000818
       891.0   0.000000071
       892.0   0.000000000
       893.0   0.000000000
       894.0   0.000005218
       895.0   0.000001751
       896.0   0.000000848
       897.0   0.000000064
       898.0   0.000003146
       899.0   0.000009270
       900.0   0.000000783
       901.0   0.000000000
       902.0   0.000000000
       903.0   0.000007267
       904.0   0.000001213
       905.0   0.000006292
       906.0   0.000000543
       907.0   0.000000000
       908.0   0.000002145
       909.0   0.000005831
       910.0   0.000000491
       911.0   0.000005280
       912.0   0.000000459
       913.0   0.000000000
       914.0   0.000000718
       915.0   0.000000408
       916.0   0.000000030
       917.0   0.000000000
       918.0   0.000000000
       919.0   0.000000038
       920.0   0.000000003
       921.0   0.000000000
       922.0   0.000000000
       923.0   0.000000000
       924.0   0.000000000
       925.0   0.000000000
       926.0   0.000008183
       927.0   0.000000712
       928.0   0.000000000
       929.0   0.000009221
       930.0   0.000000802
       931.0   0.000005616
       932.0   0.000004447
       933.0   0.000000344
       934.0   0.000000000
       935.0   0.000001705
       936.0   0.000000148
       937.0   0.000010135
       938.0   0.000005973
       939.0   0.000000443
       940.0   0.000005629
       941.0   0.000000490
       942.0   0.000008605
       943.0   0.000000748
       944.0   0.000000000
       945.0   0.000000000
       946.0   0.000000674
       947.0   0.000005685
       948.0   0.000004566
       949.0   0.000000743
       950.0   0.000000034
       951.0   0.000000000
       952.0   0.000004279
       953.0   0.000002539
       954.0   0.000011845
       955.0   0.000001014
       956.0   0.000005929
       957.0   0.000000516
       958.0   0.000007744
       959.0   0.000000674
       960.0   0.000000000
       961.0   0.000000000
       962.0   0.000005884
       963.0   0.000002022
       964.0   0.000000131
       965.0   0.000000000
       966.0   0.000000000
       967.0   0.000016924
       968.0   0.000001472
       969.0   0.000001461
       970.0   0.000000127
       971.0   0.000000000
       972.0   0.000000000
       973.0   0.000004356
       974.0   0.000009542
       975.0   0.000002567
       976.0   0.000000154
       977.0   0.000006725
       978.0   0.000006839
       979.0   0.000007810
       980.0   0.000000632
       981.0   0.000003292
       982.0   0.000004126
       983.0   0.000007195
       984.0   0.000000597
       985.0   0.000009746
       986.0   0.000000848
       987.0   0.000000000
       988.0   0.000000000
       989.0   0.000000000
       990.0   0.000006984
       991.0   0.000000608
       992.0   0.000000000
       993.0   0.000000000
       994.0   0.000000000
       995.0   0.000000000
       996.0   0.000000000
       997.0   0.000000000
       998.0   0.000002447
       999.0   0.000000213
      1000.0   0.000000000
      1001.0   0.000002607
      1002.0   0.000007460
      1003.0   0.000000629
      1004.0   0.000004005
      1005.0   0.000006054
      1006.0   0.000000496
      1007.0   0.000000000
      1008.0   0.000000000
      1009.0   0.000000000
      1010.0   0.000006312
      1011.0   0.000000820
      1012.0   0.000000024
      1013.0   0.000006494
      1014.0   0.000000565
      1015.0   0.000000000
      1016.0   0.000002129
      1017.0   0.000007351
      1018.0   0.000004151
      1019.0   0.000007107
      1020.0   0.000000592
      1021.0   0.000000000
      1022.0   0.000000000
      1023.0   0.000000850
      1024.0   0.000001707
      1025.0   0.000005163
      1026.0   0.000008790
      1027.0   0.000002637
      1028.0   0.000009977
      1029.0   0.000008938
      1030.0   0.000004913
      1031.0   0.000010395
      1032.0   0.000008167
      1033.0   0.000007810
      1034.0   0.000012979
      1035.0   0.000005418
      1036.0   0.000000378
      1037.0   0.000019668
      1038.0   0.000016464
      1039.0   0.000017808
      1040.0   0.000022300
      1041.0   0.000017275
      1042.0   0.000028268
      1043.0   0.000039981
      1044.0   0.000034015
      1045.0   0.000032262
      1046.0   0.000046727
      1047.0   0.000055289
      1048.0   0.000059213
      1049.0   0.000060646
      1050.0   0.000077428
      1051.0   0.000082128
      1052.0   0.000102390
      1053.0   0.000121575
      1054.0   0.000124882
      1055.0   0.000168883
      1056.0   0.000207360
      1057.0   0.000240285
      1058.0   0.000303450
      1059.0   0.000378845
      1060.0   0.000485234
      1061.0   0.000639521
      1062.0   0.000822649
      1063.0   0.001090880
      1064.0   0.001457470
      1065.0   0.001968750
      1066.0   0.002768820
      1067.0   0.003939180
      1068.0   0.005711600
      1069.0   0.008473750
      1070.0   0.013025600
      1071.0   0.020534201
      1072.0   0.034465801
      1073.0   0.053792901
      1074.0   0.078720897
      1075.0   0.123150997
      1076.0   0.200267002
      1077.0   0.323100001
      1078.0   0.501443028
      1079.0   0.679754972
      1080.0   0.786104977
      1081.0   0.819166005
      1082.0   0.808395028
      1083.0   0.783176005
      1084.0   0.756954014
      1085.0   0.733012974
      1086.0   0.712727010
      1087.0   0.698307991
      1088.0   0.689837992
      1089.0   0.685006976
      1090.0   0.673060000
      1091.0   0.628646016
      1092.0   0.532068014
      1093.0   0.401042014
      1094.0   0.274257004
      1095.0   0.177148998
      1096.0   0.115570001
      1097.0   0.077304997
      1098.0   0.050796699
      1099.0   0.031564798
      1100.0   0.019887500
      1101.0   0.012942800
      1102.0   0.008633150
      1103.0   0.005956380
      1104.0   0.004198680
      1105.0   0.003071730
      1106.0   0.002306620
      1107.0   0.001752950
      1108.0   0.001350640
      1109.0   0.001052850
      1110.0   0.000816865
      1111.0   0.000634516
      1112.0   0.000511028
      1113.0   0.000401257
      1114.0   0.000319982
      1115.0   0.000266568
      1116.0   0.000211101
      1117.0   0.000180581
      1118.0   0.000153843
      1119.0   0.000132383
      1120.0   0.000093120
      1121.0   0.000095988
      1122.0   0.000076810
      1123.0   0.000067456
      1124.0   0.000055371
      1125.0   0.000047612
      1126.0   0.000044139
      1127.0   0.000033319
      1128.0   0.000040036
      1129.0   0.000027131
      1130.0   0.000025296
      1131.0   0.000019135
      1132.0   0.000026315
      1133.0   0.000019874
      1134.0   0.000014955
      1135.0   0.000024645
      1136.0   0.000010294
      1137.0   0.000017218
      1138.0   0.000016807
      1139.0   0.000013223
      1140.0   0.000016647
      1141.0   0.000007069
      1142.0   0.000005831
      1143.0   0.000004993
      1144.0   0.000002912
      1145.0   0.000000219
      1146.0   0.000000000
      1147.0   0.000007183
      1148.0   0.000007077
      1149.0   0.000003945
      1150.0   0.000002849
      1151.0   0.000011809
      1152.0   0.000003716
      1153.0   0.000000236
      1154.0   0.000009519
      1155.0   0.000007726
      1156.0   0.000007487
      1157.0   0.000007226
      1158.0   0.000006276
      1159.0   0.000000877
      1160.0   0.000006817
      1161.0   0.000004684
      1162.0   0.000005866
      1163.0   0.000000479
      1164.0   0.000001178
      1165.0   0.000000102
      1166.0   0.000000000
      1167.0   0.000006716
      1168.0   0.000000584
      1169.0   0.000000000
      1170.0   0.000000000
      1171.0   0.000003290
      1172.0   0.000012616
      1173.0   0.000013287
      1174.0   0.000001062
      1175.0   0.000002199
      1176.0   0.000004702
      1177.0   0.000000781
      1178.0   0.000000034
      1179.0   0.000005088
      1180.0   0.000009243
      1181.0   0.000002847
      1182.0   0.000006757
      1183.0   0.000000572
      1184.0   0.000000000
      1185.0   0.000000000
      1186.0   0.000000000
      1187.0   0.000005736
      1188.0   0.000007208
      1189.0   0.000012181
      1190.0   0.000002739
      1191.0   0.000000151
      1192.0   0.000003205
      1193.0   0.000013363
      1194.0   0.000009009
      1195.0   0.000000934
      1196.0   0.000000022
      1197.0   0.000004621
      1198.0   0.000003068
      1199.0   0.000004061
      1200.0   0.000000333
      1201.0   0.000001639
      1202.0   0.000005351
      1203.0   0.000000453
      1204.0   0.000000000
      1205.0   0.000003076
      1206.0   0.000000267
      1207.0   0.000000000
      1208.0   0.000002718
      1209.0   0.000000236
      1210.0   0.000001272
      1211.0   0.000000111
      1212.0   0.000000000
      1213.0   0.000000000
      1214.0   0.000004244
      1215.0   0.000000825
      1216.0   0.000000401
      1217.0   0.000000031
      1218.0   0.000004148
      1219.0   0.000003989
      1220.0   0.000000315
      1221.0   0.000003603
      1222.0   0.000014010
      1223.0   0.000005886
      1224.0   0.000001712
      1225.0   0.000000113
      1226.0   0.000005802
      1227.0   0.000000504
      1228.0   0.000001741
      1229.0   0.000000151
      1230.0   0.000003025
      1231.0   0.000000971
      1232.0   0.000007635
      1233.0   0.000001645
      1234.0   0.000000086
      1235.0   0.000000000
      1236.0   0.000000000
      1237.0   0.000000000
      1238.0   0.000000000
      1239.0   0.000003542
      1240.0   0.000000308
      1241.0   0.000000000
      1242.0   0.000000000
      1243.0   0.000006411
      1244.0   0.000000557
      1245.0   0.000001800
      1246.0   0.000001666
      1247.0   0.000008925
      1248.0   0.000002728
      1249.0   0.000003192
      1250.0   0.000008711
      1251.0   0.000003709
      1252.0   0.000000259
      1253.0   0.000001603
      1254.0   0.000003524
      1255.0   0.000000294
      1256.0   0.000004387
      1257.0   0.000001333
      1258.0   0.000000083
      1259.0   0.000002328
      1260.0   0.000000202
      1261.0   0.000004833
      1262.0   0.000000420
      1263.0   0.000001119
      1264.0   0.000000097
      1265.0   0.000000000
      1266.0   0.000008541
      1267.0   0.000002623
      1268.0   0.000006040
      1269.0   0.000000511
      1270.0   0.000006309
      1271.0   0.000013855
      1272.0   0.000001336
      1273.0   0.000006406
      1274.0   0.000003804
      1275.0   0.000001920
      1276.0   0.000000142
      1277.0   0.000000000
      1278.0   0.000003585
      1279.0   0.000001383
      1280.0   0.000000093
      1281.0   0.000004708
      1282.0   0.000000409
      1283.0   0.000000000
      1284.0   0.000000000
      1285.0   0.000009528
      1286.0   0.000000828
      1287.0   0.000000000
      1288.0   0.000004171
      1289.0   0.000000363
      1290.0   0.000000000
      1291.0   0.000008819
      1292.0   0.000003551
      1293.0   0.000000242
      1294.0   0.000001769
      1295.0   0.000000154
      1296.0   0.000000000
      1297.0   0.000000000
      1298.0   0.000000000
      1299.0   0.000000000
      1300.0   0.000000000
      1301.0   0.000002693
      1302.0   0.000003608
      1303.0   0.000000293
      1304.0   0.000008750
      1305.0   0.000002178
      1306.0   0.000003083
      1307.0   0.000005313
      1308.0   0.000006094
      1309.0   0.000000581
      1310.0   0.000000008
      1311.0   0.000004491
      1312.0   0.000000390
      1313.0   0.000000000
      1314.0   0.000007945
      1315.0   0.000005195
      1316.0   0.000000392
      1317.0   0.000003533
      1318.0   0.000000307
      1319.0   0.000003305
      1320.0   0.000000287
      1321.0   0.000000000
      1322.0   0.000000000
      1323.0   0.000000000
      1324.0   0.000000000
      1325.0   0.000000000
      1326.0   0.000005887
      1327.0   0.000001250
      1328.0   0.000005321
      1329.0   0.000006543
      1330.0   0.000000646
      1331.0   0.000007809
      1332.0   0.000000678
      1333.0   0.000002352
      1334.0   0.000000205
      1335.0   0.000006970
      1336.0   0.000005874
      1337.0   0.000002449
      1338.0   0.000002915
      1339.0   0.000005918
      1340.0   0.000000494
      1341.0   0.000000000
      1342.0   0.000000000
      1343.0   0.000000000
      1344.0   0.000003886
      1345.0   0.000000338
      1346.0   0.000000000
      1347.0   0.000001253
      1348.0   0.000000109
      1349.0   0.000004734
      1350.0   0.000000412
      1351.0   0.000004938
      1352.0   0.000003722
      1353.0   0.000006462
      1354.0   0.000006665
      1355.0   0.000008019
      1356.0   0.000006982
      1357.0   0.000000550
      1358.0   0.000000000
      1359.0   0.000001431
      1360.0   0.000000124
      1361.0   0.000005222
      1362.0   0.000000454
      1363.0   0.000000000
      1364.0   0.000000000
      1365.0   0.000000000
      1366.0   0.000000000
      1367.0   0.000000000
      1368.0   0.000000000
      1369.0   0.000005265
      1370.0   0.000000458
      1371.0   0.000000126
      1372.0   0.000000011
      1373.0   0.000000000
      1374.0   0.000005677
      1375.0   0.000000493
      1376.0   0.000000000
      1377.0   0.000000000
      1378.0   0.000000000
      1379.0   0.000000000
      1380.0   0.000000000
      1381.0   0.000001290
      1382.0   0.000002273
      1383.0   0.000002186
      1384.0   0.000007338
      1385.0   0.000000623
      1386.0   0.000000000
      1387.0   0.000003283
      1388.0   0.000000285
      1389.0   0.000000766
      1390.0   0.000000067
      1391.0   0.000000000
      1392.0   0.000000000
      1393.0   0.000001500
      1394.0   0.000000130
      1395.0   0.000000000
      1396.0   0.000000000
      1397.0   0.000000000
      1398.0   0.000000000
      1399.0   0.000005541
      1400.0   0.000005889
      1401.0   0.000000470
      1402.0   0.000000000
      1403.0   0.000000000
      1404.0   0.000000000
      1405.0   0.000000000
      1406.0   0.000000000
      1407.0   0.000000000
      1408.0   0.000002210
      1409.0   0.000010499
      1410.0   0.000000896
      1411.0   0.000000000
      1412.0   0.000010791
      1413.0   0.000000938
      1414.0   0.000000000
      1415.0   0.000008082
      1416.0   0.000000702
      1417.0   0.000001107
      1418.0   0.000010748
      1419.0   0.000000926
      1420.0   0.000000000
      1421.0   0.000000000
      1422.0   0.000002013
      1423.0   0.000000175
      1424.0   0.000002566
      1425.0   0.000001591
      1426.0   0.000000119
      1427.0   0.000001920
      1428.0   0.000000219
      1429.0   0.000000005
      1430.0   0.000000000
      1431.0   0.000000000
      1432.0   0.000002730
      1433.0   0.000000237
      1434.0   0.000000000
      1435.0   0.000003976
      1436.0   0.000002606
      1437.0   0.000000197
      1438.0   0.000000000
      1439.0   0.000000000
      1440.0   0.000000000
      1441.0   0.000001131
      1442.0   0.000000098
      1443.0   0.000000000
      1444.0   0.000000000
      1445.0   0.000000000
      1446.0   0.000003198
      1447.0   0.000000278
      1448.0   0.000002288
      1449.0   0.000000513
      1450.0   0.000000262
      1451.0   0.000000020
      1452.0   0.000001883
      1453.0   0.000007299
      1454.0   0.000000620
      1455.0   0.000008177
      1456.0   0.000000711
      1457.0   0.000006738
      1458.0   0.000000586
      1459.0   0.000000000
      1460.0   0.000000000
      1461.0   0.000010558
      1462.0   0.000000918
      1463.0   0.000000000
      1464.0   0.000000000
      1465.0   0.000000000
      1466.0   0.000000000
      1467.0   0.000000314
      1468.0   0.000000447
      1469.0   0.000000037
      1470.0   0.000004151
      1471.0   0.000002679
      1472.0   0.000000202
      1473.0   0.000003360
      1474.0   0.000000292
      1475.0   0.000000519
      1476.0   0.000000045
      1477.0   0.000000000
      1478.0   0.000000000
      1479.0   0.000002353
      1480.0   0.000003623
      1481.0   0.000000297
      1482.0   0.000004233
      1483.0   0.000000368
      1484.0   0.000000000
      1485.0   0.000005565
      1486.0   0.000007536
      1487.0   0.000000613
      1488.0   0.000000000
      1489.0   0.000010194
      1490.0   0.000000886
      1491.0   0.000013713
      1492.0   0.000001192
      1493.0   0.000000350
      1494.0   0.000000031
      1495.0   0.000000000
      1496.0   0.000000000
      1497.0   0.000000000
      1498.0   0.000002541
      1499.0   0.000000439
      1500.0   0.000003889
      1501.0   0.000000336
      1502.0   0.000000000
      1503.0   0.000000000
      1504.0   0.000000000
      1505.0   0.000000374
      1506.0   0.000002545
      1507.0   0.000000218
      1508.0   0.000003048
      1509.0   0.000004959
      1510.0   0.000000408
      1511.0   0.000000000
      1512.0   0.000000000
      1513.0   0.000000000
      1514.0   0.000000000
      1515.0   0.000002056
      1516.0   0.000000179
      1517.0   0.000000000
      1518.0   0.000005629
      1519.0   0.000000489
      1520.0   0.000000399
      1521.0   0.000000035
      1522.0   0.000003780
      1523.0   0.000001625
      1524.0   0.000000113
      1525.0   0.000000000
      1526.0   0.000000000
      1527.0   0.000000000
      1528.0   0.000006016
      1529.0   0.000000523
      1530.0   0.000000000
      1531.0   0.000000000
      1532.0   0.000000000
      1533.0   0.000002199
      1534.0   0.000003772
      1535.0   0.000001413
      1536.0   0.000000096
      1537.0   0.000000000
      1538.0   0.000004162
      1539.0   0.000000362
      1540.0   0.000002777
      1541.0   0.000003959
      1542.0   0.000002275
      1543.0   0.000000170
      1544.0   0.000003913
      1545.0   0.000000340
      1546.0   0.000000000
      1547.0   0.000000806
      1548.0   0.000000070
      1549.0   0.000014339
      1550.0   0.000001552
      1551.0   0.000009350
      1552.0   0.000002341
      1553.0   0.000000133
      1554.0   0.000001785
      1555.0   0.000003560
      1556.0   0.000000296
      1557.0   0.000005893
      1558.0   0.000000512
      1559.0   0.000003924
      1560.0   0.000000341
      1561.0   0.000002314
      1562.0   0.000000201
      1563.0   0.000000000
      1564.0   0.000010369
      1565.0   0.000009396
      1566.0   0.000004264
      1567.0   0.000000307
      1568.0   0.000007284
      1569.0   0.000002712
      1570.0   0.000000181
      1571.0   0.000005938
      1572.0   0.000001601
      1573.0   0.000002262
      1574.0   0.000000188
      1575.0   0.000000000
      1576.0   0.000001494
      1577.0   0.000009915
      1578.0   0.000007401
      1579.0   0.000000569
      1580.0   0.000004935
      1581.0   0.000001025
      1582.0   0.000000052
      1583.0   0.000000000
      1584.0   0.000006169
      1585.0   0.000010444
      1586.0   0.000007259
      1587.0   0.000000556
      1588.0   0.000005710
      1589.0   0.000003372
      1590.0   0.000000250
      1591.0   0.000006243
      1592.0   0.000000543
      1593.0   0.000001514
      1594.0   0.000000132
      1595.0   0.000003558
      1596.0   0.000001489
      1597.0   0.000004703
      1598.0   0.000000400
      1599.0   0.000000128
      1600.0   0.000005559
      1601.0   0.000008385
      1602.0   0.000003104
      1603.0   0.000000210
      1604.0   0.000000000
      1605.0   0.000001910
      1606.0   0.000000166
      1607.0   0.000000009
      1608.0   0.000000001
      1609.0   0.000000325
      1610.0   0.000000889
      1611.0   0.000000075
      1612.0   0.000000000
      1613.0   0.000000000
      1614.0   0.000000000
      1615.0   0.000002664
      1616.0   0.000000232
      1617.0   0.000000000
      1618.0   0.000001818
      1619.0   0.000000158
      1620.0   0.000000000
      1621.0   0.000000000
      1622.0   0.000004140
      1623.0   0.000000360
      1624.0   0.000002426
      1625.0   0.000005094
      1626.0   0.000000424
      1627.0   0.000004226
      1628.0   0.000009131
      1629.0   0.000000762
      1630.0   0.000000000
      1631.0   0.000005602
      1632.0   0.000000487
      1633.0   0.000007487
      1634.0   0.000000651
      1635.0   0.000000000
      1636.0   0.000004627
      1637.0   0.000005808
      1638.0   0.000000470
      1639.0   0.000002327
      1640.0   0.000000202
      1641.0   0.000000199
      1642.0   0.000000559
      1643.0   0.000002625
      1644.0   0.000000224
      1645.0   0.000000000
      1646.0   0.000001567
      1647.0   0.000000136
      1648.0   0.000000000
      1649.0   0.000005622
      1650.0   0.000007266
      1651.0   0.000007769
      1652.0   0.000000624
      1653.0   0.000000000
      1654.0   0.000000000
      1655.0   0.000000000
      1656.0   0.000006003
      1657.0   0.000000522
      1658.0   0.000010978
      1659.0   0.000004042
      1660.0   0.000000268
      1661.0   0.000004558
      1662.0   0.000002809
      1663.0   0.000007241
      1664.0   0.000000611
      1665.0   0.000000857
      1666.0   0.000000075
      1667.0   0.000000000
      1668.0   0.000000000
      1669.0   0.000000000
      1670.0   0.000000000
      1671.0   0.000000000
      1672.0   0.000002470
      1673.0   0.000005645
      1674.0   0.000003413
      1675.0   0.000000256
      1676.0   0.000000000
      1677.0   0.000002690
      1678.0   0.000000234
      1679.0   0.000005305
      1680.0   0.000000461
      1681.0   0.000008713
      1682.0   0.000002154
      1683.0   0.000001680
      1684.0   0.000006740
      1685.0   0.000004520
      1686.0   0.000005894
      1687.0   0.000000483
      1688.0   0.000000000
      1689.0   0.000004581
      1690.0   0.000004947
      1691.0   0.000000395
      1692.0   0.000000000
      1693.0   0.000011146
      1694.0   0.000002154
      1695.0   0.000000103
      1696.0   0.000005329
      1697.0   0.000000463
      1698.0   0.000004173
      1699.0   0.000002971
      1700.0   0.000000227
      1701.0   0.000000960
      1702.0   0.000002602
      1703.0   0.000011006
      1704.0   0.000000938
      1705.0   0.000001452
      1706.0   0.000003259
      1707.0   0.000009087
      1708.0   0.000001026
      1709.0   0.000005592
      1710.0   0.000000484
      1711.0   0.000004307
      1712.0   0.000000374
      1713.0   0.000000000
      1714.0   0.000004744
      1715.0   0.000000412
      1716.0   0.000007177
      1717.0   0.000000624
      1718.0   0.000003551
      1719.0   0.000000831
      1720.0   0.000000045
      1721.0   0.000000000
      1722.0   0.000000000
      1723.0   0.000000000
      1724.0   0.000001448
      1725.0   0.000000126
      1726.0   0.000000000
      1727.0   0.000000000
      1728.0   0.000003688
      1729.0   0.000000321
      1730.0   0.000000000
      1731.0   0.000003838
      1732.0   0.000006172
      1733.0   0.000000507
      1734.0   0.000000000
      1735.0   0.000000000
      1736.0   0.000000000
      1737.0   0.000000000
      1738.0   0.000006905
      1739.0   0.000003327
      1740.0   0.000003074
      1741.0   0.000000247
      1742.0   0.000004891
      1743.0   0.000000425
      1744.0   0.000000000
      1745.0   0.000012316
      1746.0   0.000005137
      1747.0   0.000000354
      1748.0   0.000000000
      1749.0   0.000001305
      1750.0   0.000001706
      1751.0   0.000000138
      1752.0   0.000000630
      1753.0   0.000000055
      1754.0   0.000000000
      1755.0   0.000003181
      1756.0   0.000000277
      1757.0   0.000000000
      1758.0   0.000000000
      1759.0   0.000000000
      1760.0   0.000002776
      1761.0   0.000003725
      1762.0   0.000000303
      1763.0   0.000000000
      1764.0   0.000005406
      1765.0   0.000001197
      1766.0   0.000011417
      1767.0   0.000006110
      1768.0   0.000000445
      1769.0   0.000006360
      1770.0   0.000002515
      1771.0   0.000002952
      1772.0   0.000001791
      1773.0   0.000000135
      1774.0   0.000000000
      1775.0   0.000000194
      1776.0   0.000000017
      1777.0   0.000001278
      1778.0   0.000000683
      1779.0   0.000000050
      1780.0   0.000008104
      1781.0   0.000000704
      1782.0   0.000000000
      1783.0   0.000000203
      1784.0   0.000000018
      1785.0   0.000000000
      1786.0   0.000001556
      1787.0   0.000000135
      1788.0   0.000010153
      1789.0   0.000000882
      1790.0   0.000000000
      1791.0   0.000000000
      1792.0   0.000000000
      1793.0   0.000002358
      1794.0   0.000000205
      1795.0   0.000000000
      1796.0   0.000000257
      1797.0   0.000000022
      1798.0   0.000000000
      1799.0   0.000000000
      1800.0   0.000002918
      1801.0   0.000000254
      1802.0   0.000000000
      1803.0   0.000000391
      1804.0   0.000002150
      1805.0   0.000000184
      1806.0   0.000000000
      1807.0   0.000004500
      1808.0   0.000002453
      1809.0   0.000000179
      1810.0   0.000000000
      1811.0   0.000000000
      1812.0   0.000000000
      1813.0   0.000007959
      1814.0   0.000002535
      1815.0   0.000004392
      1816.0   0.000000368
      1817.0   0.000001492
      1818.0   0.000000130
      1819.0   0.000000000
      1820.0   0.000000479
      1821.0   0.000000042
      1822.0   0.000000000
      1823.0   0.000000334
      1824.0   0.000003337
      1825.0   0.000000288
      1826.0   0.000005257
      1827.0   0.000000457
      1828.0   0.000000000
      1829.0   0.000007232
      1830.0   0.000000629
      1831.0   0.000000000
      1832.0   0.000000000
      1833.0   0.000000000
      1834.0   0.000000000
      1835.0   0.000000000
      1836.0   0.000002050
      1837.0   0.000005220
      1838.0   0.000000438
      1839.0   0.000004541
      1840.0   0.000002258
      1841.0   0.000003394
      1842.0   0.000006678
      1843.0   0.000000556
      1844.0   0.000000000
      1845.0   0.000007754
      1846.0   0.000000674
      1847.0   0.000002587
      1848.0   0.000003788
      1849.0   0.000000310
      1850.0   0.000004543
      1851.0   0.000000395
      1852.0   0.000004438
      1853.0   0.000005382
      1854.0   0.000002069
      1855.0   0.000003043
      1856.0   0.000004506
      1857.0   0.000002165
      1858.0   0.000001988
      1859.0   0.000005367
      1860.0   0.000001822
      1861.0   0.000005156
      1862.0   0.000004381
      1863.0   0.000000343
      1864.0   0.000001553
      1865.0   0.000000135
      1866.0   0.000000000
      1867.0   0.000004069
      1868.0   0.000002151
      1869.0   0.000000156
      1870.0   0.000000000
      1871.0   0.000000000
      1872.0   0.000007581
      1873.0   0.000003653
      1874.0   0.000002431
      1875.0   0.000000189
      1876.0   0.000000627
      1877.0   0.000000055
      1878.0   0.000002349
      1879.0   0.000002614
      1880.0   0.000000210
      1881.0   0.000000000
      1882.0   0.000004690
      1883.0   0.000007319
      1884.0   0.000000601
      1885.0   0.000000000
      1886.0   0.000000000
      1887.0   0.000000000
      1888.0   0.000000000
      1889.0   0.000001191
      1890.0   0.000007182
      1891.0   0.000000615
      1892.0   0.000000000
      1893.0   0.000000000
      1894.0   0.000000707
      1895.0   0.000000061
      1896.0   0.000004362
      1897.0   0.000013121
      1898.0   0.000001107
      1899.0   0.000000000
      1900.0   0.000005104
      1901.0   0.000000444
      1902.0   0.000000000
      1903.0   0.000004717
      1904.0   0.000000410
      1905.0   0.000000000
      1906.0   0.000004685
      1907.0   0.000000859
      1908.0   0.000000039
      1909.0   0.000003893
      1910.0   0.000000338
      1911.0   0.000001523
      1912.0   0.000000132
      1913.0   0.000000000
      1914.0   0.000006100
      1915.0   0.000000530
      1916.0   0.000000000
      1917.0   0.000000000
      1918.0   0.000000000
      1919.0   0.000009645
      1920.0   0.000008579
      1921.0   0.000000673
      1922.0   0.000002302
      1923.0   0.000001657
      1924.0   0.000002210
      1925.0   0.000000302
      1926.0   0.000000011
      1927.0   0.000004539
      1928.0   0.000000395
      1929.0   0.000000000
      1930.0   0.000000000
      1931.0   0.000000753
      1932.0   0.000005157
      1933.0   0.000008382
      1934.0   0.000005337
      1935.0   0.000003211
      1936.0   0.000000244
      1937.0   0.000000000
      1938.0   0.000004250
      1939.0   0.000004560
      1940.0   0.000015399
      1941.0   0.000001307
      1942.0   0.000001322
      1943.0   0.000000115
      1944.0   0.000000000
      1945.0   0.000000220
      1946.0   0.000003739
      1947.0   0.000000989
      1948.0   0.000000058
      1949.0   0.000000000
      1950.0   0.000001503
      1951.0   0.000000131
      1952.0   0.000010754
      1953.0   0.000002900
      1954.0   0.000003508
      1955.0   0.000001005
      1956.0   0.000000449
      1957.0   0.000002859
      1958.0   0.000000246
      1959.0   0.000000000
      1960.0   0.000000000
      1961.0   0.000001523
      1962.0   0.000000132
      1963.0   0.000002502
      1964.0   0.000000218
      1965.0   0.000000011
      1966.0   0.000000001
      1967.0   0.000000114
      1968.0   0.000000010
      1969.0   0.000007001
      1970.0   0.000002839
      1971.0   0.000000194
      1972.0   0.000000000
      1973.0   0.000000000
      1974.0   0.000000000
      1975.0   0.000000000
      1976.0   0.000000000
      1977.0   0.000000000
      1978.0   0.000000000
      1979.0   0.000003267
      1980.0   0.000000284
      1981.0   0.000000000
      1982.0   0.000006016
      1983.0   0.000010685
      1984.0   0.000005321
      1985.0   0.000000386
      1986.0   0.000000000
      1987.0   0.000004200
      1988.0   0.000000365
      1989.0   0.000003214
      1990.0   0.000001806
      1991.0   0.000004853
      1992.0   0.000000410
      1993.0   0.000004637
      1994.0   0.000000403
      1995.0   0.000003295
      1996.0   0.000005588
      1997.0   0.000001956
      1998.0   0.000007683
      1999.0   0.000001450
      2000.0   0.000000069
      2001.0   0.000000000
      2002.0   0.000004071
      2003.0   0.000000354
      2004.0   0.000002670
      2005.0   0.000004135
      2006.0   0.000000339
      2007.0   0.000003014
      2008.0   0.000000262
      2009.0   0.000006557
      2010.0   0.000000570
      2011.0   0.000007594
      2012.0   0.000001093
      2013.0   0.000000038
      2014.0   0.000001314
      2015.0   0.000000114
      2016.0   0.000000000
      2017.0   0.000000000
      2018.0   0.000000000
      2019.0   0.000000000
      2020.0   0.000011980
      2021.0   0.000001041
      2022.0   0.000000000
      2023.0   0.000000000
      2024.0   0.000000000
      2025.0   0.000002607
      2026.0   0.000004990
      2027.0   0.000000610
      2028.0   0.000000017
      2029.0   0.000003002
      2030.0   0.000000261
      2031.0   0.000000000
      2032.0   0.000000010
      2033.0   0.000001769
      2034.0   0.000000154
      2035.0   0.000003488
      2036.0   0.000000303
      2037.0   0.000002241
      2038.0   0.000005422
      2039.0   0.000002404
      2040.0   0.000000170
      2041.0   0.000004252
      2042.0   0.000005386
      2043.0   0.000000436
      2044.0   0.000008565
      2045.0   0.000000744
      2046.0   0.000000000
      2047.0   0.000000000
      2048.0   0.000004696
      2049.0   0.000000409
      2050.0   0.000000484
      2051.0   0.000000042
      2052.0   0.000000000
      2053.0   0.000004779
      2054.0   0.000001924
      2055.0   0.000006593
      2056.0   0.000000563
      2057.0   0.000000000
      2058.0   0.000001014
      2059.0   0.000002886
      2060.0   0.000000251
      2061.0   0.000000001
      2062.0   0.000000000
      2063.0   0.000000084
      2064.0   0.000000007
      2065.0   0.000000000
      2066.0   0.000000000
      2067.0   0.000000673
      2068.0   0.000009506
      2069.0   0.000000822
      2070.0   0.000000000
      2071.0   0.000000126
      2072.0   0.000000408
      2073.0   0.000000035
      2074.0   0.000000000
      2075.0   0.000000000
      2076.0   0.000000359
      2077.0   0.000000031
      2078.0   0.000000000
      2079.0   0.000001318
      2080.0   0.000005414
      2081.0   0.000000461
      2082.0   0.000004337
      2083.0   0.000000378
      2084.0   0.000000000
      2085.0   0.000005324
      2086.0   0.000000464
      2087.0   0.000000000
      2088.0   0.000005978
      2089.0   0.000000521
      2090.0   0.000000000
      2091.0   0.000000000
      2092.0   0.000000000
      2093.0   0.000000000
      2094.0   0.000000000
      2095.0   0.000000000
      2096.0   0.000000000
      2097.0   0.000003553
      2098.0   0.000000309
      2099.0   0.000004221
      2100.0   0.000003396
      2101.0   0.000000264
      2102.0   0.000000000
      2103.0   0.000001560
      2104.0   0.000000136
      2105.0   0.000000000
      2106.0   0.000001511
      2107.0   0.000000132
      2108.0   0.000004346
      2109.0   0.000000378
      2110.0   0.000003621
      2111.0   0.000006306
      2112.0   0.000001200
      2113.0   0.000000059
      2114.0   0.000006798
      2115.0   0.000008826
      2116.0   0.000003208
      2117.0   0.000006418
      2118.0   0.000000540
      2119.0   0.000000000
      2120.0   0.000000414
      2121.0   0.000000036
      2122.0   0.000002484
      2123.0   0.000004746
      2124.0   0.000003014
      2125.0   0.000000228
      2126.0   0.000000000
      2127.0   0.000000000
      2128.0   0.000000000
      2129.0   0.000000000
      2130.0   0.000002351
      2131.0   0.000000205
      2132.0   0.000002537
      2133.0   0.000000221
      2134.0   0.000000000
      2135.0   0.000000000
      2136.0   0.000000000
      2137.0   0.000000445
      2138.0   0.000005879
      2139.0   0.000000508
      2140.0   0.000000000
      2141.0   0.000006279
      2142.0   0.000005217
      2143.0   0.000000407
      2144.0   0.000000901
      2145.0   0.000000079
      2146.0   0.000000000
      2147.0   0.000000000
      2148.0   0.000000000
      2149.0   0.000004180
      2150.0   0.000003253
      2151.0   0.000007003
      2152.0   0.000000588
      2153.0   0.000005013
      2154.0   0.000003195
      2155.0   0.000003015
      2156.0   0.000006484
      2157.0   0.000004557
      2158.0   0.000000349
      2159.0   0.000000000
      2160.0   0.000000000
      2161.0   0.000003827
      2162.0   0.000000333
      2163.0   0.000000000
      2164.0   0.000000000
      2165.0   0.000001554
      2166.0   0.000008914
      2167.0   0.000001817
      2168.0   0.000004253
      2169.0   0.000000362
      2170.0   0.000004416
      2171.0   0.000000385
      2172.0   0.000001235
      2173.0   0.000001437
      2174.0   0.000005249
      2175.0   0.000003658
      2176.0   0.000000280
      2177.0   0.000000000
      2178.0   0.000000000
      2179.0   0.000001717
      2180.0   0.000003450
      2181.0   0.000001296
      2182.0   0.000003568
      2183.0   0.000000303
      2184.0   0.000000061
      2185.0   0.000000005
      2186.0   0.000000000
      2187.0   0.000000314
      2188.0   0.000003233
      2189.0   0.000002794
      2190.0   0.000012933
      2191.0   0.000004926
      2192.0   0.000003234
      2193.0   0.000000253
      2194.0   0.000005513
      2195.0   0.000001729
      2196.0   0.000000109
      2197.0   0.000000000
      2198.0   0.000008077
      2199.0   0.000002045
      2200.0   0.000000117
      2201.0   0.000000000
      2202.0   0.000000000
      2203.0   0.000006868
      2204.0   0.000000598
      2205.0   0.000000000
      2206.0   0.000000000
      2207.0   0.000000000
      2208.0   0.000000000
      2209.0   0.000000000
      2210.0   0.000000251
      2211.0   0.000000022
      2212.0   0.000000000
      2213.0   0.000000000
      2214.0   0.000005486
      2215.0   0.000000478
      2216.0   0.000002315
      2217.0   0.000000202
      2218.0   0.000000000
      2219.0   0.000005386
      2220.0   0.000000469
      2221.0   0.000000000
      2222.0   0.000000000
      2223.0   0.000001500
      2224.0   0.000013151
      2225.0   0.000013190
      2226.0   0.000005867
      2227.0   0.000000419
      2228.0   0.000005658
      2229.0   0.000000493
      2230.0   0.000000328
      2231.0   0.000000029
      2232.0   0.000001229
      2233.0   0.000000107
      2234.0   0.000000000
      2235.0   0.000000000
      2236.0   0.000000000
      2237.0   0.000000000
      2238.0   0.000000000
      2239.0   0.000000000
      2240.0   0.000003089
      2241.0   0.000007198
      2242.0   0.000010982
      2243.0   0.000000904
      2244.0   0.000000962
      2245.0   0.000000084
      2246.0   0.000002893
      2247.0   0.000000252
      2248.0   0.000000000
      2249.0   0.000000000
      2250.0   0.000008047
      2251.0   0.000000701
      2252.0   0.000000000
      2253.0   0.000004776
      2254.0   0.000004675
      2255.0   0.000008517
      2256.0   0.000000709
      2257.0   0.000004515
      2258.0   0.000000393
      2259.0   0.000002588
      2260.0   0.000000225
      2261.0   0.000003690
      2262.0   0.000005478
      2263.0   0.000002671
      2264.0   0.000000193
      2265.0   0.000000000
      2266.0   0.000004734
      2267.0   0.000000484
      2268.0   0.000006997
      2269.0   0.000000609
      2270.0   0.000004058
      2271.0   0.000002629
      2272.0   0.000000198
      2273.0   0.000001994
      2274.0   0.000000174
      2275.0   0.000000000
      2276.0   0.000000000
      2277.0   0.000000370
      2278.0   0.000001503
      2279.0   0.000005053
      2280.0   0.000003172
      2281.0   0.000004996
      2282.0   0.000002821
      2283.0   0.000002351
      2284.0   0.000000186
      2285.0   0.000012389
      2286.0   0.000001078
      2287.0   0.000000000
      2288.0   0.000000000
      2289.0   0.000005780
      2290.0   0.000002833
      2291.0   0.000000203
      2292.0   0.000000000
      2293.0   0.000000000
      2294.0   0.000003561
      2295.0   0.000000310
      2296.0   0.000001378
      2297.0   0.000000120
      2298.0   0.000004790
      2299.0   0.000001465
      2300.0   0.000000091
      2301.0   0.000001281
      2302.0   0.000005380
      2303.0   0.000005150
      2304.0   0.000000408
      2305.0   0.000001654
      2306.0   0.000004861
      2307.0   0.000000411
      2308.0   0.000006229
      2309.0   0.000000918
      2310.0   0.000003019
      2311.0   0.000000260
      2312.0   0.000003470
      2313.0   0.000000563
      2314.0   0.000000023
      2315.0   0.000005177
      2316.0   0.000005588
      2317.0   0.000006591
      2318.0   0.000000535
      2319.0   0.000001833
      2320.0   0.000002168
      2321.0   0.000005216
      2322.0   0.000001711
      2323.0   0.000000111
      2324.0   0.000000000
      2325.0   0.000000000
      2326.0   0.000000000
      2327.0   0.000000000
      2328.0   0.000000000
      2329.0   0.000001701
      2330.0   0.000000148
      2331.0   0.000006806
      2332.0   0.000000593
      2333.0   0.000010208
      2334.0   0.000000889
      2335.0   0.000002993
      2336.0   0.000000261
      2337.0   0.000000000
      2338.0   0.000000000
      2339.0   0.000010232
      2340.0   0.000005110
      2341.0   0.000000367
      2342.0   0.000011807
      2343.0   0.000001028
      2344.0   0.000005041
      2345.0   0.000000439
      2346.0   0.000000000
      2347.0   0.000000596
      2348.0   0.000000980
      2349.0   0.000000270
      2350.0   0.000009303
      2351.0   0.000000808
      2352.0   0.000000000
      2353.0   0.000000000
      2354.0   0.000000000
      2355.0   0.000000000
      2356.0   0.000000000
      2357.0   0.000000000
      2358.0   0.000000000
      2359.0   0.000004437
      2360.0   0.000000386
      2361.0   0.000002315
      2362.0   0.000000202
      2363.0   0.000001706
      2364.0   0.000002225
      2365.0   0.000000181
      2366.0   0.000000000
      2367.0   0.000004747
      2368.0   0.000000413
      2369.0   0.000000000
      2370.0   0.000001583
      2371.0   0.000002478
      2372.0   0.000001476
      2373.0   0.000001204
      2374.0   0.000005070
      2375.0   0.000002388
      2376.0   0.000005195
      2377.0   0.000000437
      2378.0   0.000000000
      2379.0   0.000000000
      2380.0   0.000007287
      2381.0   0.000004873
      2382.0   0.000003675
      2383.0   0.000001555
      2384.0   0.000000110
      2385.0   0.000000000
      2386.0   0.000005909
      2387.0   0.000002351
      2388.0   0.000000160
      2389.0   0.000000000
      2390.0   0.000006741
      2391.0   0.000000587
      2392.0   0.000000000
      2393.0   0.000002042
      2394.0   0.000000810
      2395.0   0.000000055
      2396.0   0.000000000
      2397.0   0.000000000
      2398.0   0.000002185
      2399.0   0.000000190
      2400.0   0.000010283
      2401.0   0.000005742
      2402.0   0.000004913
      2403.0   0.000000391
      2404.0   0.000004826
      2405.0   0.000000420
      2406.0   0.000009321
      2407.0   0.000005005
      2408.0   0.000005164
      2409.0   0.000000418
      2410.0   0.000000000
      2411.0   0.000000000
      2412.0   0.000013713
      2413.0   0.000001194
      2414.0   0.000000000
      2415.0   0.000000000
      2416.0   0.000001798
      2417.0   0.000000157
      2418.0   0.000009744
      2419.0   0.000000848
      2420.0   0.000004693
      2421.0   0.000000409
      2422.0   0.000000000
      2423.0   0.000000000
      2424.0   0.000009767
      2425.0   0.000003020
      2426.0   0.000000189
      2427.0   0.000000000
      2428.0   0.000005436
      2429.0   0.000007992
      2430.0   0.000000655
      2431.0   0.000000000
      2432.0   0.000000000
      2433.0   0.000000000
      2434.0   0.000002755
      2435.0   0.000006372
      2436.0   0.000001790
      2437.0   0.000006844
      2438.0   0.000001055
      2439.0   0.000000041
      2440.0   0.000000000
      2441.0   0.000000000
      2442.0   0.000005471
      2443.0   0.000002999
      2444.0   0.000000220
      2445.0   0.000000000
      2446.0   0.000003629
      2447.0   0.000000316
      2448.0   0.000000000
      2449.0   0.000000672
      2450.0   0.000003083
      2451.0   0.000007537
      2452.0   0.000000633
      2453.0   0.000001294
      2454.0   0.000000113
      2455.0   0.000001224
      2456.0   0.000000107
      2457.0   0.000000000
      2458.0   0.000003535
      2459.0   0.000000308
      2460.0   0.000000000
      2461.0   0.000000000
      2462.0   0.000000000
      2463.0   0.000000000
      2464.0   0.000000000
      2465.0   0.000003625
      2466.0   0.000000316
      2467.0   0.000000000
      2468.0   0.000007500
      2469.0   0.000000653
      2470.0   0.000004607
      2471.0   0.000008787
      2472.0   0.000000730
      2473.0   0.000000000
      2474.0   0.000000000
      2475.0   0.000000000
      2476.0   0.000000000
      2477.0   0.000002257
      2478.0   0.000004263
      2479.0   0.000000354
      2480.0   0.000000000
      2481.0   0.000001047
      2482.0   0.000000091
      2483.0   0.000000657
      2484.0   0.000004205
      2485.0   0.000000361
      2486.0   0.000000484
      2487.0   0.000005426
      2488.0   0.000003168
      2489.0   0.000000235
      2490.0   0.000000000
      2491.0   0.000000000
      2492.0   0.000005566
      2493.0   0.000003236
      2494.0   0.000001031
      2495.0   0.000000069
      2496.0   0.000008106
      2497.0   0.000003318
      2498.0   0.000000228
      2499.0   0.000000000
      2500.0   0.000015757
      2501.0   0.000001372
      2502.0   0.000006800
      2503.0   0.000000592
      2504.0   0.000001588
      2505.0   0.000007048
      2506.0   0.000004233
      2507.0   0.000000316
      2508.0   0.000009138
      2509.0   0.000000796
      2510.0   0.000001079
      2511.0   0.000000094
      2512.0   0.000000534
      2513.0   0.000000310
      2514.0   0.000000023
      2515.0   0.000000000
      2516.0   0.000000000
      2517.0   0.000008601
      2518.0   0.000008798
      2519.0   0.000013318
      2520.0   0.000001507
      2521.0   0.000000036
      2522.0   0.000005159
      2523.0   0.000003507
      2524.0   0.000007523
      2525.0   0.000000632
      2526.0   0.000000000
      2527.0   0.000000000
      2528.0   0.000005818
      2529.0   0.000000507
      2530.0   0.000006019
      2531.0   0.000002851
      2532.0   0.000001540
      2533.0   0.000006351
      2534.0   0.000002463
      2535.0   0.000000167
      2536.0   0.000005973
      2537.0   0.000000520
      2538.0   0.000000000
      2539.0   0.000001005
      2540.0   0.000000088
      2541.0   0.000000454
      2542.0   0.000004036
      2543.0   0.000000348
      2544.0   0.000001859
      2545.0   0.000006728
      2546.0   0.000000572
      2547.0   0.000000000
      2548.0   0.000005175
      2549.0   0.000000451
      2550.0   0.000001123
      2551.0   0.000004406
      2552.0   0.000007387
      2553.0   0.000009295
      2554.0   0.000004358
      2555.0   0.000004349
      2556.0   0.000006707
      2557.0   0.000000553
      2558.0   0.000000000
      2559.0   0.000007044
      2560.0   0.000003124
      2561.0   0.000000219
      2562.0   0.000000000
      2563.0   0.000002912
      2564.0   0.000000254
      2565.0   0.000000587
      2566.0   0.000007032
      2567.0   0.000011970
      2568.0   0.000012782
      2569.0   0.000001027
      2570.0   0.000000000
      2571.0   0.000000000
      2572.0   0.000000000
      2573.0   0.000007358
      2574.0   0.000000641
      2575.0   0.000007780
      2576.0   0.000000677
      2577.0   0.000005401
      2578.0   0.000000470
      2579.0   0.000003979
      2580.0   0.000000346
      2581.0   0.000001387
      2582.0   0.000000121
      2583.0   0.000007020
      2584.0   0.000015666
      2585.0   0.000011583
      2586.0   0.000000894
      2587.0   0.000000000
      2588.0   0.000000345
      2589.0   0.000000030
      2590.0   0.000006678
      2591.0   0.000000581
      2592.0   0.000000000
      2593.0   0.000000000
      2594.0   0.000007395
      2595.0   0.000000644
      2596.0   0.000021967
      2597.0   0.000004600
      2598.0   0.000000234
      2599.0   0.000000956
      2600.0   0.000026586
      2601.0   0.000022867
      2602.0   0.000013718
      2603.0   0.000001038
      2604.0   0.000016092
      2605.0   0.000001401
      2606.0   0.000000000
      2607.0   0.000014271
      2608.0   0.000009193
      2609.0   0.000000692
      2610.0   0.000012024
      2611.0   0.000001047
      2612.0   0.000027340
      2613.0   0.000004713
      2614.0   0.000012774
      2615.0   0.000001094
      2616.0   0.000000000
      2617.0   0.000008786
      2618.0   0.000031656
      2619.0   0.000009678
      2620.0   0.000012602
      2621.0   0.000001044
      2622.0   0.000023013
      2623.0   0.000008678
      2624.0   0.000008105
      2625.0   0.000002536
      2626.0   0.000008505
      2627.0   0.000000726
      2628.0   0.000003407
      2629.0   0.000005009
      2630.0   0.000012674
      2631.0   0.000003602
      2632.0   0.000013273
      2633.0   0.000011558
      2634.0   0.000019647
      2635.0   0.000014770
      2636.0   0.000008241
      2637.0   0.000010797
      2638.0   0.000000886
      2639.0   0.000011156
      2640.0   0.000014951
      2641.0   0.000002217
      2642.0   0.000016819
      2643.0   0.000025896
      2644.0   0.000013579
      2645.0   0.000030130
      2646.0   0.000014591
      2647.0   0.000016438
      2648.0   0.000023689
      2649.0   0.000013480
      2650.0   0.000001004
      2651.0   0.000008080
      2652.0   0.000000703
      2653.0   0.000000000
      2654.0   0.000000000
      2655.0   0.000000000
      2656.0   0.000000000
      2657.0   0.000000000
      2658.0   0.000000000
      2659.0   0.000000000
      2660.0   0.000000000
      2661.0   0.000000000
      2662.0   0.000000000
      2663.0   0.000000000
      2664.0   0.000000000
      2665.0   0.000000000
      2666.0   0.000000000
      2667.0   0.000000000
      2668.0   0.000000000
      2669.0   0.000000000
      2670.0   0.000000000
      2671.0   0.000000000
      2672.0   0.000000000
      2673.0   0.000000000
      2674.0   0.000000000
      2675.0   0.000000000
      2676.0   0.000000000
      2677.0   0.000000000
      2678.0   0.000000000
      2679.0   0.000000000
      2680.0   0.000000000
      2681.0   0.000000000
      2682.0   0.000000000
      2683.0   0.000000000
      2684.0   0.000000000
      2685.0   0.000000000
      2686.0   0.000000000
      2687.0   0.000000000
      2688.0   0.000000000
      2689.0   0.000000000
      2690.0   0.000000000
      2691.0   0.000000000
      2692.0   0.000000000
      2693.0   0.000000000
      2694.0   0.000000000
      2695.0   0.000000000
      2696.0   0.000000000
      2697.0   0.000000000
      2698.0   0.000000000
      2699.0   0.000000000
      2700.0   0.000000000
