#                                                          
# SPHERE/IRDIS DB D_H23 filters transmission               
#                                                          
# Updated with final values on 2015-04-16 by Arthur Vigan  
# For any information, please contact <arthur.vigan@lam.fr>
#                                                          
# wavelength   D_H2          D_H3                          
#                                                          
       400.0   0.000005068   0.000007116
       401.0   0.000005060   0.000007105
       402.0   0.000005052   0.000007094
       403.0   0.000005044   0.000007083
       404.0   0.000005036   0.000007072
       405.0   0.000005028   0.000007061
       406.0   0.000005020   0.000007049
       407.0   0.000005012   0.000007038
       408.0   0.000005004   0.000007027
       409.0   0.000004996   0.000007016
       410.0   0.000004989   0.000007005
       411.0   0.000004981   0.000006994
       412.0   0.000004973   0.000006983
       413.0   0.000004965   0.000006972
       414.0   0.000004957   0.000006960
       415.0   0.000004949   0.000006949
       416.0   0.000004941   0.000006938
       417.0   0.000004933   0.000006927
       418.0   0.000004925   0.000006916
       419.0   0.000004917   0.000006905
       420.0   0.000004909   0.000006894
       421.0   0.000004901   0.000006883
       422.0   0.000004894   0.000006872
       423.0   0.000004886   0.000006860
       424.0   0.000004878   0.000006849
       425.0   0.000004870   0.000006838
       426.0   0.000004862   0.000006827
       427.0   0.000004854   0.000006816
       428.0   0.000004846   0.000006805
       429.0   0.000004838   0.000006794
       430.0   0.000004830   0.000006783
       431.0   0.000004822   0.000006771
       432.0   0.000004814   0.000006760
       433.0   0.000004806   0.000006749
       434.0   0.000004798   0.000006738
       435.0   0.000004791   0.000006727
       436.0   0.000004783   0.000006716
       437.0   0.000004775   0.000006705
       438.0   0.000004767   0.000006694
       439.0   0.000004759   0.000006683
       440.0   0.000004751   0.000006671
       441.0   0.000004743   0.000006660
       442.0   0.000004735   0.000006649
       443.0   0.000004727   0.000006638
       444.0   0.000004719   0.000006627
       445.0   0.000004711   0.000006616
       446.0   0.000004703   0.000006605
       447.0   0.000004696   0.000006594
       448.0   0.000004688   0.000006582
       449.0   0.000004680   0.000006571
       450.0   0.000004672   0.000006560
       451.0   0.000004664   0.000006549
       452.0   0.000004656   0.000006538
       453.0   0.000004648   0.000006527
       454.0   0.000004640   0.000006516
       455.0   0.000004632   0.000006505
       456.0   0.000004624   0.000006493
       457.0   0.000004616   0.000006482
       458.0   0.000004608   0.000006471
       459.0   0.000004601   0.000006460
       460.0   0.000004593   0.000006449
       461.0   0.000004585   0.000006438
       462.0   0.000004577   0.000006427
       463.0   0.000004569   0.000006416
       464.0   0.000004561   0.000006405
       465.0   0.000004553   0.000006393
       466.0   0.000004545   0.000006382
       467.0   0.000004537   0.000006371
       468.0   0.000004529   0.000006360
       469.0   0.000004521   0.000006349
       470.0   0.000004513   0.000006338
       471.0   0.000004506   0.000006327
       472.0   0.000004498   0.000006316
       473.0   0.000004490   0.000006304
       474.0   0.000004482   0.000006293
       475.0   0.000004474   0.000006282
       476.0   0.000004466   0.000006271
       477.0   0.000004458   0.000006260
       478.0   0.000004450   0.000006249
       479.0   0.000004442   0.000006238
       480.0   0.000004434   0.000006227
       481.0   0.000004426   0.000006216
       482.0   0.000004418   0.000006204
       483.0   0.000004411   0.000006193
       484.0   0.000004403   0.000006182
       485.0   0.000004395   0.000006171
       486.0   0.000004387   0.000006160
       487.0   0.000004379   0.000006149
       488.0   0.000004371   0.000006138
       489.0   0.000004363   0.000006127
       490.0   0.000004355   0.000006115
       491.0   0.000004347   0.000006104
       492.0   0.000004339   0.000006093
       493.0   0.000004331   0.000006082
       494.0   0.000004323   0.000006071
       495.0   0.000004316   0.000006060
       496.0   0.000004308   0.000006049
       497.0   0.000004300   0.000006038
       498.0   0.000004292   0.000006027
       499.0   0.000004284   0.000006015
       500.0   0.000004276   0.000006004
       501.0   0.000004268   0.000005993
       502.0   0.000004260   0.000005982
       503.0   0.000004252   0.000005971
       504.0   0.000004244   0.000005960
       505.0   0.000004236   0.000005949
       506.0   0.000004228   0.000005938
       507.0   0.000004221   0.000005926
       508.0   0.000004213   0.000005915
       509.0   0.000004205   0.000005904
       510.0   0.000004197   0.000005893
       511.0   0.000004189   0.000005882
       512.0   0.000004181   0.000005871
       513.0   0.000004173   0.000005860
       514.0   0.000004165   0.000005849
       515.0   0.000004157   0.000005838
       516.0   0.000004149   0.000005826
       517.0   0.000004141   0.000005815
       518.0   0.000004133   0.000005804
       519.0   0.000004126   0.000005793
       520.0   0.000004118   0.000005782
       521.0   0.000004110   0.000005771
       522.0   0.000004102   0.000005760
       523.0   0.000004094   0.000005749
       524.0   0.000004086   0.000005737
       525.0   0.000004078   0.000005726
       526.0   0.000004070   0.000005715
       527.0   0.000004062   0.000005704
       528.0   0.000004054   0.000005693
       529.0   0.000004046   0.000005682
       530.0   0.000004038   0.000005671
       531.0   0.000004030   0.000005660
       532.0   0.000004023   0.000005649
       533.0   0.000004015   0.000005637
       534.0   0.000004007   0.000005626
       535.0   0.000003999   0.000005615
       536.0   0.000003991   0.000005604
       537.0   0.000003983   0.000005593
       538.0   0.000003975   0.000005582
       539.0   0.000003967   0.000005571
       540.0   0.000003959   0.000005560
       541.0   0.000003951   0.000005548
       542.0   0.000003943   0.000005537
       543.0   0.000003935   0.000005526
       544.0   0.000003928   0.000005515
       545.0   0.000003920   0.000005504
       546.0   0.000003912   0.000005493
       547.0   0.000003904   0.000005482
       548.0   0.000003896   0.000005471
       549.0   0.000003888   0.000005460
       550.0   0.000003880   0.000005448
       551.0   0.000003872   0.000005437
       552.0   0.000003864   0.000005426
       553.0   0.000003856   0.000005415
       554.0   0.000003848   0.000005404
       555.0   0.000003840   0.000005393
       556.0   0.000003833   0.000005382
       557.0   0.000003825   0.000005371
       558.0   0.000003817   0.000005359
       559.0   0.000003809   0.000005348
       560.0   0.000003801   0.000005337
       561.0   0.000003793   0.000005326
       562.0   0.000003785   0.000005315
       563.0   0.000003777   0.000005304
       564.0   0.000003769   0.000005293
       565.0   0.000003761   0.000005282
       566.0   0.000003753   0.000005271
       567.0   0.000003745   0.000005259
       568.0   0.000003738   0.000005248
       569.0   0.000003730   0.000005237
       570.0   0.000003722   0.000005226
       571.0   0.000003714   0.000005215
       572.0   0.000003706   0.000005204
       573.0   0.000003698   0.000005193
       574.0   0.000003690   0.000005182
       575.0   0.000003682   0.000005170
       576.0   0.000003674   0.000005159
       577.0   0.000003666   0.000005148
       578.0   0.000003658   0.000005137
       579.0   0.000003650   0.000005126
       580.0   0.000003643   0.000005115
       581.0   0.000003635   0.000005104
       582.0   0.000003627   0.000005093
       583.0   0.000003619   0.000005082
       584.0   0.000003611   0.000005070
       585.0   0.000003603   0.000005059
       586.0   0.000003595   0.000005048
       587.0   0.000003587   0.000005037
       588.0   0.000003579   0.000005026
       589.0   0.000003571   0.000005015
       590.0   0.000003563   0.000005004
       591.0   0.000003555   0.000004993
       592.0   0.000003548   0.000004981
       593.0   0.000003540   0.000004970
       594.0   0.000003532   0.000004959
       595.0   0.000003524   0.000004948
       596.0   0.000003516   0.000004937
       597.0   0.000003508   0.000004926
       598.0   0.000003500   0.000004915
       599.0   0.000003492   0.000004904
       600.0   0.000003484   0.000004893
       601.0   0.000003476   0.000004881
       602.0   0.000003468   0.000004870
       603.0   0.000003460   0.000004859
       604.0   0.000003453   0.000004848
       605.0   0.000003445   0.000004837
       606.0   0.000003437   0.000004826
       607.0   0.000003429   0.000004815
       608.0   0.000003421   0.000004804
       609.0   0.000003413   0.000004792
       610.0   0.000003405   0.000004781
       611.0   0.000003397   0.000004770
       612.0   0.000003389   0.000004759
       613.0   0.000003381   0.000004748
       614.0   0.000003373   0.000004737
       615.0   0.000003365   0.000004726
       616.0   0.000003358   0.000004715
       617.0   0.000003350   0.000004704
       618.0   0.000003342   0.000004692
       619.0   0.000003334   0.000004681
       620.0   0.000003326   0.000004670
       621.0   0.000003318   0.000004659
       622.0   0.000003310   0.000004648
       623.0   0.000003302   0.000004637
       624.0   0.000003294   0.000004626
       625.0   0.000003286   0.000004615
       626.0   0.000003278   0.000004603
       627.0   0.000003270   0.000004592
       628.0   0.000003262   0.000004581
       629.0   0.000003255   0.000004570
       630.0   0.000003247   0.000004559
       631.0   0.000003239   0.000004548
       632.0   0.000003231   0.000004537
       633.0   0.000003223   0.000004526
       634.0   0.000003215   0.000004515
       635.0   0.000003207   0.000004503
       636.0   0.000003199   0.000004492
       637.0   0.000003191   0.000004481
       638.0   0.000003183   0.000004470
       639.0   0.000003175   0.000004459
       640.0   0.000003167   0.000004448
       641.0   0.000003160   0.000004437
       642.0   0.000003152   0.000004426
       643.0   0.000003144   0.000004414
       644.0   0.000003136   0.000004403
       645.0   0.000003128   0.000004392
       646.0   0.000003120   0.000004381
       647.0   0.000003112   0.000004370
       648.0   0.000003104   0.000004359
       649.0   0.000003096   0.000004348
       650.0   0.000003088   0.000004337
       651.0   0.000003080   0.000004326
       652.0   0.000003072   0.000004314
       653.0   0.000003065   0.000004303
       654.0   0.000003057   0.000004292
       655.0   0.000003049   0.000004281
       656.0   0.000003041   0.000004270
       657.0   0.000003033   0.000004259
       658.0   0.000003025   0.000004248
       659.0   0.000003017   0.000004237
       660.0   0.000003009   0.000004225
       661.0   0.000003001   0.000004214
       662.0   0.000002993   0.000004203
       663.0   0.000002985   0.000004192
       664.0   0.000002977   0.000004181
       665.0   0.000002970   0.000004170
       666.0   0.000002962   0.000004159
       667.0   0.000002954   0.000004148
       668.0   0.000002946   0.000004137
       669.0   0.000002938   0.000004125
       670.0   0.000002930   0.000004114
       671.0   0.000002922   0.000004103
       672.0   0.000002914   0.000004092
       673.0   0.000002906   0.000004081
       674.0   0.000002898   0.000004070
       675.0   0.000002890   0.000004059
       676.0   0.000002882   0.000004048
       677.0   0.000002875   0.000004036
       678.0   0.000002867   0.000004025
       679.0   0.000002859   0.000004014
       680.0   0.000002851   0.000004003
       681.0   0.000002843   0.000003992
       682.0   0.000002835   0.000003981
       683.0   0.000002827   0.000003970
       684.0   0.000002819   0.000003959
       685.0   0.000002811   0.000003948
       686.0   0.000002803   0.000003936
       687.0   0.000002795   0.000003925
       688.0   0.000002787   0.000003914
       689.0   0.000002780   0.000003903
       690.0   0.000002772   0.000003892
       691.0   0.000002764   0.000003881
       692.0   0.000002756   0.000003870
       693.0   0.000002748   0.000003859
       694.0   0.000002740   0.000003847
       695.0   0.000002732   0.000003836
       696.0   0.000002724   0.000003825
       697.0   0.000002716   0.000003814
       698.0   0.000002708   0.000003803
       699.0   0.000002700   0.000003792
       700.0   0.000002692   0.000003781
       701.0   0.000002685   0.000003770
       702.0   0.000002677   0.000003759
       703.0   0.000002669   0.000003747
       704.0   0.000002661   0.000003736
       705.0   0.000002653   0.000003725
       706.0   0.000002645   0.000003714
       707.0   0.000002637   0.000003703
       708.0   0.000002629   0.000003692
       709.0   0.000002621   0.000003681
       710.0   0.000002613   0.000003670
       711.0   0.000002605   0.000003658
       712.0   0.000002597   0.000003647
       713.0   0.000002590   0.000003636
       714.0   0.000002582   0.000003625
       715.0   0.000002574   0.000003614
       716.0   0.000002566   0.000003603
       717.0   0.000002558   0.000003592
       718.0   0.000002550   0.000003581
       719.0   0.000002542   0.000003569
       720.0   0.000002534   0.000003558
       721.0   0.000002526   0.000003547
       722.0   0.000002518   0.000003536
       723.0   0.000002510   0.000003525
       724.0   0.000002502   0.000003514
       725.0   0.000002494   0.000003503
       726.0   0.000002487   0.000003492
       727.0   0.000002479   0.000003481
       728.0   0.000002471   0.000003469
       729.0   0.000002463   0.000003458
       730.0   0.000002455   0.000003447
       731.0   0.000002447   0.000003436
       732.0   0.000002439   0.000003425
       733.0   0.000002431   0.000003414
       734.0   0.000002423   0.000003403
       735.0   0.000002415   0.000003392
       736.0   0.000002407   0.000003380
       737.0   0.000002399   0.000003369
       738.0   0.000002392   0.000003358
       739.0   0.000002384   0.000003347
       740.0   0.000002376   0.000003336
       741.0   0.000002368   0.000003325
       742.0   0.000002360   0.000003314
       743.0   0.000002352   0.000003303
       744.0   0.000002344   0.000003292
       745.0   0.000002336   0.000003280
       746.0   0.000002328   0.000003269
       747.0   0.000002320   0.000003258
       748.0   0.000002312   0.000003247
       749.0   0.000002304   0.000003236
       750.0   0.000002297   0.000003225
       751.0   0.000002289   0.000003214
       752.0   0.000002281   0.000003203
       753.0   0.000002273   0.000003191
       754.0   0.000002265   0.000003180
       755.0   0.000002257   0.000003169
       756.0   0.000002249   0.000003158
       757.0   0.000002241   0.000003147
       758.0   0.000002233   0.000003136
       759.0   0.000002225   0.000003125
       760.0   0.000002217   0.000003114
       761.0   0.000002209   0.000003103
       762.0   0.000002202   0.000003091
       763.0   0.000002194   0.000003080
       764.0   0.000002186   0.000003069
       765.0   0.000002178   0.000003058
       766.0   0.000002170   0.000003047
       767.0   0.000002162   0.000003036
       768.0   0.000002154   0.000003025
       769.0   0.000002146   0.000003014
       770.0   0.000002138   0.000003002
       771.0   0.000002130   0.000002991
       772.0   0.000002122   0.000002980
       773.0   0.000002114   0.000002969
       774.0   0.000002107   0.000002958
       775.0   0.000002099   0.000002947
       776.0   0.000002091   0.000002936
       777.0   0.000002083   0.000002925
       778.0   0.000002075   0.000002914
       779.0   0.000002067   0.000002902
       780.0   0.000002059   0.000002891
       781.0   0.000002051   0.000002880
       782.0   0.000002043   0.000002869
       783.0   0.000002035   0.000002858
       784.0   0.000002027   0.000002847
       785.0   0.000002019   0.000002836
       786.0   0.000002012   0.000002825
       787.0   0.000002004   0.000002813
       788.0   0.000001996   0.000002802
       789.0   0.000001988   0.000002791
       790.0   0.000001980   0.000002780
       791.0   0.000001972   0.000002769
       792.0   0.000001964   0.000002758
       793.0   0.000001956   0.000002747
       794.0   0.000001948   0.000002736
       795.0   0.000001940   0.000002725
       796.0   0.000001932   0.000002713
       797.0   0.000001924   0.000002702
       798.0   0.000001917   0.000002691
       799.0   0.000001909   0.000002229
       800.0   0.000001901   0.000002270
       801.0   0.000001893   0.000002310
       802.0   0.000001885   0.000002301
       803.0   0.000001877   0.000002247
       804.0   0.000001869   0.000002167
       805.0   0.000001861   0.000002079
       806.0   0.000001853   0.000002002
       807.0   0.000001845   0.000001949
       808.0   0.000001837   0.000001925
       809.0   0.000001829   0.000001931
       810.0   0.000001822   0.000001962
       811.0   0.000001814   0.000002011
       812.0   0.000001806   0.000002070
       813.0   0.000001798   0.000002125
       814.0   0.000001790   0.000002160
       815.0   0.000001782   0.000002166
       816.0   0.000001774   0.000002139
       817.0   0.000001766   0.000002087
       818.0   0.000001758   0.000002018
       819.0   0.000001750   0.000001948
       820.0   0.000001742   0.000001886
       821.0   0.000001734   0.000001840
       822.0   0.000001726   0.000001814
       823.0   0.000001719   0.000001808
       824.0   0.000001711   0.000001820
       825.0   0.000001703   0.000001846
       826.0   0.000001695   0.000001876
       827.0   0.000001687   0.000001902
       828.0   0.000001679   0.000001917
       829.0   0.000001671   0.000001914
       830.0   0.000001663   0.000001893
       831.0   0.000001655   0.000001856
       832.0   0.000001647   0.000001810
       833.0   0.000001639   0.000001761
       834.0   0.000001631   0.000001718
       835.0   0.000001624   0.000001687
       836.0   0.000001616   0.000001670
       837.0   0.000001608   0.000001668
       838.0   0.000001600   0.000001681
       839.0   0.000001592   0.000001704
       840.0   0.000001584   0.000001732
       841.0   0.000001576   0.000001760
       842.0   0.000001568   0.000001781
       843.0   0.000001560   0.000001790
       844.0   0.000001552   0.000001785
       845.0   0.000001544   0.000001766
       846.0   0.000001536   0.000001737
       847.0   0.000001529   0.000001703
       848.0   0.000001521   0.000001671
       849.0   0.000001513   0.000001646
       850.0   0.000001505   0.000001630
       851.0   0.000001497   0.000001626
       852.0   0.000001489   0.000001632
       853.0   0.000001481   0.000001647
       854.0   0.000001473   0.000001668
       855.0   0.000001465   0.000001686
       856.0   0.000001457   0.000001696
       857.0   0.000001449   0.000001694
       858.0   0.000001441   0.000001676
       859.0   0.000001434   0.000001624
       860.0   0.000001426   0.000001575
       861.0   0.000001418   0.000001536
       862.0   0.000001410   0.000001499
       863.0   0.000001402   0.000001466
       864.0   0.000001394   0.000001438
       865.0   0.000001386   0.000001418
       866.0   0.000001378   0.000001410
       867.0   0.000001370   0.000001408
       868.0   0.000001362   0.000001415
       869.0   0.000001354   0.000001424
       870.0   0.000001346   0.000001434
       871.0   0.000001339   0.000001442
       872.0   0.000001331   0.000001444
       873.0   0.000001323   0.000001436
       874.0   0.000001315   0.000001421
       875.0   0.000001307   0.000001397
       876.0   0.000001299   0.000001365
       877.0   0.000001291   0.000001332
       878.0   0.000001283   0.000001298
       879.0   0.000001275   0.000001266
       880.0   0.000001267   0.000001241
       881.0   0.000001259   0.000001223
       882.0   0.000001251   0.000001216
       883.0   0.000001244   0.000001214
       884.0   0.000001236   0.000001221
       885.0   0.000001228   0.000001237
       886.0   0.000001220   0.000001250
       887.0   0.000001212   0.000001265
       888.0   0.000001204   0.000001277
       889.0   0.000001196   0.000001282
       890.0   0.000001188   0.000001278
       891.0   0.000001180   0.000001265
       892.0   0.000001172   0.000001245
       893.0   0.000001164   0.000001217
       894.0   0.000001156   0.000001186
       895.0   0.000001149   0.000001153
       896.0   0.000001141   0.000001121
       897.0   0.000001133   0.000001095
       898.0   0.000001125   0.000001072
       899.0   0.000001117   0.000001058
       900.0   0.000001109   0.000001052
       901.0   0.000001101   0.000001053
       902.0   0.000001093   0.000001061
       903.0   0.000001085   0.000001074
       904.0   0.000001077   0.000001089
       905.0   0.000001069   0.000001105
       906.0   0.000001061   0.000001120
       907.0   0.000001054   0.000001131
       908.0   0.000001046   0.000001138
       909.0   0.000001038   0.000001139
       910.0   0.000001030   0.000001132
       911.0   0.000001022   0.000001121
       912.0   0.000001015   0.000001105
       913.0   0.000001007   0.000001087
       914.0   0.000001000   0.000001067
       915.0   0.000000992   0.000001049
       916.0   0.000000985   0.000001031
       917.0   0.000000978   0.000001018
       918.0   0.000000970   0.000001007
       919.0   0.000000963   0.000001000
       920.0   0.000000955   0.000000996
       921.0   0.000000955   0.000001002
       922.0   0.000000955   0.000001011
       923.0   0.000000955   0.000001020
       924.0   0.000000955   0.000001029
       925.0   0.000000955   0.000001037
       926.0   0.000000955   0.000001043
       927.0   0.000000955   0.000001047
       928.0   0.000000955   0.000001049
       929.0   0.000000955   0.000001048
       930.0   0.000000955   0.000001045
       931.0   0.000000955   0.000001041
       932.0   0.000000955   0.000001037
       933.0   0.000000955   0.000001032
       934.0   0.000000955   0.000001028
       935.0   0.000000955   0.000001024
       936.0   0.000000955   0.000001022
       937.0   0.000000955   0.000001021
       938.0   0.000000955   0.000001022
       939.0   0.000000955   0.000001024
       940.0   0.000000955   0.000001026
       941.0   0.000000948   0.000001023
       942.0   0.000000941   0.000001019
       943.0   0.000000934   0.000001015
       944.0   0.000000927   0.000001011
       945.0   0.000000920   0.000001007
       946.0   0.000000913   0.000001002
       947.0   0.000000906   0.000000997
       948.0   0.000000899   0.000000991
       949.0   0.000000892   0.000000984
       950.0   0.000000885   0.000000977
       951.0   0.000000885   0.000000978
       952.0   0.000000885   0.000000978
       953.0   0.000000885   0.000000977
       954.0   0.000000885   0.000000977
       955.0   0.000000885   0.000000976
       956.0   0.000000885   0.000000976
       957.0   0.000000885   0.000000976
       958.0   0.000000885   0.000000976
       959.0   0.000000885   0.000000976
       960.0   0.000000885   0.000000977
       961.0   0.000000878   0.000000971
       962.0   0.000000872   0.000000965
       963.0   0.000000865   0.000000960
       964.0   0.000000859   0.000000954
       965.0   0.000000852   0.000000949
       966.0   0.000000845   0.000000943
       967.0   0.000000839   0.000000936
       968.0   0.000000832   0.000000926
       969.0   0.000000826   0.000000915
       970.0   0.000000819   0.000000902
       971.0   0.000000819   0.000000893
       972.0   0.000000819   0.000000882
       973.0   0.000000819   0.000000868
       974.0   0.000000819   0.000000852
       975.0   0.000000819   0.000000834
       976.0   0.000000819   0.000000816
       977.0   0.000000819   0.000000797
       978.0   0.000000819   0.000000779
       979.0   0.000000819   0.000000763
       980.0   0.000000819   0.000000749
       981.0   0.000000819   0.000000738
       982.0   0.000000819   0.000000732
       983.0   0.000000819   0.000000729
       984.0   0.000000819   0.000000731
       985.0   0.000000819   0.000000738
       986.0   0.000000819   0.000000748
       987.0   0.000000819   0.000000763
       988.0   0.000000819   0.000000781
       989.0   0.000000819   0.000000801
       990.0   0.000000819   0.000000822
       991.0   0.000000813   0.000000835
       992.0   0.000000807   0.000000846
       993.0   0.000000800   0.000000852
       994.0   0.000000794   0.000000853
       995.0   0.000000788   0.000000846
       996.0   0.000000782   0.000000834
       997.0   0.000000776   0.000000815
       998.0   0.000000769   0.000000792
       999.0   0.000000763   0.000000764
      1000.0   0.000000757   0.000000735
      1001.0   0.000000757   0.000000712
      1002.0   0.000000757   0.000000690
      1003.0   0.000000757   0.000000671
      1004.0   0.000000757   0.000000655
      1005.0   0.000000757   0.000000643
      1006.0   0.000000757   0.000000636
      1007.0   0.000000757   0.000000635
      1008.0   0.000000757   0.000000638
      1009.0   0.000000757   0.000000647
      1010.0   0.000000757   0.000000660
      1011.0   0.000000757   0.000000678
      1012.0   0.000000757   0.000000699
      1013.0   0.000000757   0.000000721
      1014.0   0.000000757   0.000000745
      1015.0   0.000000757   0.000000767
      1016.0   0.000000757   0.000000787
      1017.0   0.000000757   0.000000803
      1018.0   0.000000757   0.000000812
      1019.0   0.000000757   0.000000816
      1020.0   0.000000757   0.000000813
      1021.0   0.000000757   0.000000805
      1022.0   0.000000757   0.000000792
      1023.0   0.000000757   0.000000776
      1024.0   0.000000757   0.000000758
      1025.0   0.000000757   0.000000741
      1026.0   0.000000757   0.000000726
      1027.0   0.000000757   0.000000714
      1028.0   0.000000757   0.000000707
      1029.0   0.000000757   0.000000704
      1030.0   0.000000757   0.000000707
      1031.0   0.000000751   0.000000709
      1032.0   0.000000745   0.000000715
      1033.0   0.000000739   0.000000725
      1034.0   0.000000734   0.000000736
      1035.0   0.000000728   0.000000748
      1036.0   0.000000722   0.000000759
      1037.0   0.000000716   0.000000765
      1038.0   0.000000710   0.000000766
      1039.0   0.000000705   0.000000759
      1040.0   0.000000699   0.000000745
      1041.0   0.000000699   0.000000729
      1042.0   0.000000699   0.000000705
      1043.0   0.000000699   0.000000675
      1044.0   0.000000699   0.000000641
      1045.0   0.000000699   0.000000605
      1046.0   0.000000699   0.000000569
      1047.0   0.000000699   0.000000534
      1048.0   0.000000699   0.000000502
      1049.0   0.000000699   0.000000474
      1050.0   0.000000699   0.000000450
      1051.0   0.000000699   0.000000431
      1052.0   0.000000699   0.000000417
      1053.0   0.000000699   0.000000407
      1054.0   0.000000699   0.000000402
      1055.0   0.000000699   0.000000401
      1056.0   0.000000699   0.000000405
      1057.0   0.000000699   0.000000414
      1058.0   0.000000699   0.000000427
      1059.0   0.000000699   0.000000445
      1060.0   0.000000699   0.000000467
      1061.0   0.000000699   0.000000493
      1062.0   0.000000699   0.000000523
      1063.0   0.000000699   0.000000556
      1064.0   0.000000699   0.000000591
      1065.0   0.000000699   0.000000627
      1066.0   0.000000699   0.000000661
      1067.0   0.000000699   0.000000691
      1068.0   0.000000699   0.000000716
      1069.0   0.000000699   0.000000735
      1070.0   0.000000699   0.000000745
      1071.0   0.000000699   0.000000748
      1072.0   0.000000699   0.000000743
      1073.0   0.000000699   0.000000732
      1074.0   0.000000699   0.000000717
      1075.0   0.000000699   0.000000698
      1076.0   0.000000699   0.000000679
      1077.0   0.000000699   0.000000660
      1078.0   0.000000699   0.000000643
      1079.0   0.000000699   0.000000628
      1080.0   0.000000699   0.000000617
      1081.0   0.000000699   0.000000610
      1082.0   0.000000699   0.000000607
      1083.0   0.000000699   0.000000607
      1084.0   0.000000699   0.000000612
      1085.0   0.000000699   0.000000620
      1086.0   0.000000699   0.000000631
      1087.0   0.000000699   0.000000644
      1088.0   0.000000699   0.000000660
      1089.0   0.000000699   0.000000678
      1090.0   0.000000699   0.000000696
      1091.0   0.000000699   0.000000714
      1092.0   0.000000699   0.000000732
      1093.0   0.000000699   0.000000748
      1094.0   0.000000709   0.000000762
      1095.0   0.000000723   0.000000773
      1096.0   0.000000737   0.000000782
      1097.0   0.000000750   0.000000787
      1098.0   0.000000763   0.000000790
      1099.0   0.000000774   0.000000791
      1100.0   0.000000188   0.000000189
      1101.0   0.000000280   0.000000279
      1102.0   0.000000294   0.000000290
      1103.0   0.000000090   0.000000088
      1104.0   0.000000844   0.000000823
      1105.0   0.000001119   0.000001091
      1106.0   0.000000291   0.000000285
      1107.0   0.000000862   0.000000853
      1108.0   0.000001544   0.000001546
      1109.0   0.000001517   0.000001542
      1110.0   0.000001507   0.000001558
      1111.0   0.000002045   0.000002152
      1112.0   0.000002203   0.000002356
      1113.0   0.000002738   0.000002971
      1114.0   0.000003164   0.000003473
      1115.0   0.000003245   0.000003588
      1116.0   0.000003042   0.000003370
      1117.0   0.000004102   0.000004528
      1118.0   0.000004332   0.000004736
      1119.0   0.000004640   0.000004994
      1120.0   0.000005246   0.000005530
      1121.0   0.000005133   0.000005276
      1122.0   0.000004826   0.000004819
      1123.0   0.000005986   0.000005791
      1124.0   0.000005927   0.000005553
      1125.0   0.000005971   0.000005421
      1126.0   0.000006456   0.000005693
      1127.0   0.000006595   0.000005670
      1128.0   0.000005878   0.000004952
      1129.0   0.000006025   0.000005004
      1130.0   0.000005851   0.000004824
      1131.0   0.000005553   0.000004580
      1132.0   0.000004807   0.000003997
      1133.0   0.000004793   0.000004047
      1134.0   0.000004076   0.000003521
      1135.0   0.000003456   0.000003074
      1136.0   0.000002869   0.000002644
      1137.0   0.000002070   0.000001987
      1138.0   0.000002297   0.000002304
      1139.0   0.000002239   0.000002352
      1140.0   0.000001780   0.000001961
      1141.0   0.000000905   0.000001046
      1142.0   0.000001073   0.000001299
      1143.0   0.000000469   0.000000593
      1144.0   0.000000414   0.000000546
      1145.0   0.000000123   0.000000168
      1146.0   0.000000146   0.000000207
      1147.0   0.000000563   0.000000816
      1148.0   0.000000087   0.000000129
      1149.0   0.000000187   0.000000281
      1150.0   0.000000106   0.000000161
      1151.0   0.000000333   0.000000507
      1152.0   0.000000120   0.000000181
      1153.0   0.000000104   0.000000156
      1154.0   0.000000057   0.000000084
      1155.0   0.000000105   0.000000153
      1156.0   0.000000687   0.000000976
      1157.0   0.000000106   0.000000147
      1158.0   0.000000505   0.000000678
      1159.0   0.000000096   0.000000125
      1160.0   0.000000302   0.000000379
      1161.0   0.000000391   0.000000474
      1162.0   0.000000345   0.000000403
      1163.0   0.000000546   0.000000615
      1164.0   0.000000241   0.000000262
      1165.0   0.000000221   0.000000233
      1166.0   0.000000086   0.000000087
      1167.0   0.000000077   0.000000076
      1168.0   0.000000660   0.000000636
      1169.0   0.000000567   0.000000533
      1170.0   0.000000114   0.000000105
      1171.0   0.000000081   0.000000074
      1172.0   0.000000160   0.000000143
      1173.0   0.000000246   0.000000217
      1174.0   0.000000492   0.000000432
      1175.0   0.000000514   0.000000451
      1176.0   0.000000197   0.000000173
      1177.0   0.000000093   0.000000082
      1178.0   0.000000087   0.000000078
      1179.0   0.000000168   0.000000154
      1180.0   0.000000174   0.000000162
      1181.0   0.000000250   0.000000241
      1182.0   0.000000643   0.000000639
      1183.0   0.000000122   0.000000126
      1184.0   0.000000304   0.000000327
      1185.0   0.000000094   0.000000106
      1186.0   0.000000146   0.000000171
      1187.0   0.000000213   0.000000263
      1188.0   0.000000210   0.000000271
      1189.0   0.000000767   0.000001031
      1190.0   0.000000234   0.000000328
      1191.0   0.000000128   0.000000186
      1192.0   0.000000338   0.000000508
      1193.0   0.000000076   0.000000118
      1194.0   0.000000256   0.000000404
      1195.0   0.000000552   0.000000881
      1196.0   0.000000179   0.000000288
      1197.0   0.000000100   0.000000162
      1198.0   0.000000312   0.000000502
      1199.0   0.000000107   0.000000171
      1200.0   0.000000089   0.000000141
      1201.0   0.000000169   0.000000262
      1202.0   0.000000174   0.000000263
      1203.0   0.000000052   0.000000077
      1204.0   0.000000446   0.000000642
      1205.0   0.000000115   0.000000160
      1206.0   0.000000089   0.000000120
      1207.0   0.000000342   0.000000446
      1208.0   0.000000069   0.000000086
      1209.0   0.000000092   0.000000112
      1210.0   0.000000374   0.000000438
      1211.0   0.000000411   0.000000463
      1212.0   0.000000080   0.000000087
      1213.0   0.000000266   0.000000279
      1214.0   0.000000297   0.000000300
      1215.0   0.000000138   0.000000136
      1216.0   0.000000193   0.000000184
      1217.0   0.000000079   0.000000073
      1218.0   0.000000278   0.000000252
      1219.0   0.000000093   0.000000083
      1220.0   0.000000231   0.000000202
      1221.0   0.000000331   0.000000288
      1222.0   0.000000187   0.000000162
      1223.0   0.000000263   0.000000229
      1224.0   0.000000533   0.000000469
      1225.0   0.000000300   0.000000268
      1226.0   0.000000196   0.000000178
      1227.0   0.000000191   0.000000177
      1228.0   0.000000102   0.000000097
      1229.0   0.000000360   0.000000353
      1230.0   0.000000202   0.000000203
      1231.0   0.000000187   0.000000194
      1232.0   0.000000099   0.000000105
      1233.0   0.000000091   0.000000099
      1234.0   0.000000512   0.000000571
      1235.0   0.000000456   0.000000518
      1236.0   0.000000197   0.000000228
      1237.0   0.000000839   0.000000981
      1238.0   0.000000227   0.000000268
      1239.0   0.000000425   0.000000504
      1240.0   0.000000114   0.000000135
      1241.0   0.000000090   0.000000107
      1242.0   0.000000597   0.000000702
      1243.0   0.000000386   0.000000450
      1244.0   0.000000285   0.000000328
      1245.0   0.000000107   0.000000121
      1246.0   0.000000273   0.000000303
      1247.0   0.000000381   0.000000413
      1248.0   0.000000485   0.000000512
      1249.0   0.000000220   0.000000226
      1250.0   0.000000107   0.000000107
      1251.0   0.000000101   0.000000098
      1252.0   0.000000102   0.000000095
      1253.0   0.000000103   0.000000093
      1254.0   0.000000200   0.000000175
      1255.0   0.000000305   0.000000256
      1256.0   0.000000216   0.000000175
      1257.0   0.000000304   0.000000239
      1258.0   0.000000600   0.000000455
      1259.0   0.000000139   0.000000102
      1260.0   0.000000103   0.000000073
      1261.0   0.000000389   0.000000270
      1262.0   0.000000123   0.000000083
      1263.0   0.000000195   0.000000129
      1264.0   0.000000107   0.000000070
      1265.0   0.000000098   0.000000064
      1266.0   0.000000188   0.000000122
      1267.0   0.000000191   0.000000125
      1268.0   0.000000099   0.000000066
      1269.0   0.000000427   0.000000293
      1270.0   0.000000273   0.000000196
      1271.0   0.000000328   0.000000248
      1272.0   0.000000243   0.000000196
      1273.0   0.000000641   0.000000560
      1274.0   0.000000109   0.000000104
      1275.0   0.000000065   0.000000069
      1276.0   0.000000116   0.000000138
      1277.0   0.000000059   0.000000079
      1278.0   0.000000050   0.000000077
      1279.0   0.000000045   0.000000080
      1280.0   0.000000118   0.000000241
      1281.0   0.000000078   0.000000183
      1282.0   0.000000099   0.000000271
      1283.0   0.000000035   0.000000110
      1284.0   0.000000054   0.000000196
      1285.0   0.000000051   0.000000211
      1286.0   0.000000047   0.000000219
      1287.0   0.000000083   0.000000436
      1288.0   0.000000116   0.000000681
      1289.0   0.000000025   0.000000160
      1290.0   0.000000017   0.000000120
      1291.0   0.000000016   0.000000121
      1292.0   0.000000015   0.000000122
      1293.0   0.000000041   0.000000349
      1294.0   0.000000029   0.000000252
      1295.0   0.000000039   0.000000353
      1296.0   0.000000039   0.000000357
      1297.0   0.000000014   0.000000134
      1298.0   0.000000036   0.000000332
      1299.0   0.000000049   0.000000451
      1300.0   0.000000015   0.000000137
      1301.0   0.000000036   0.000000320
      1302.0   0.000000051   0.000000437
      1303.0   0.000000016   0.000000133
      1304.0   0.000000052   0.000000417
      1305.0   0.000000124   0.000000951
      1306.0   0.000000052   0.000000377
      1307.0   0.000000094   0.000000642
      1308.0   0.000000137   0.000000879
      1309.0   0.000000064   0.000000378
      1310.0   0.000000063   0.000000343
      1311.0   0.000000070   0.000000348
      1312.0   0.000000079   0.000000354
      1313.0   0.000000229   0.000000917
      1314.0   0.000000147   0.000000521
      1315.0   0.000000123   0.000000380
      1316.0   0.000000270   0.000000727
      1317.0   0.000000832   0.000001949
      1318.0   0.000000602   0.000001224
      1319.0   0.000000932   0.000001659
      1320.0   0.000000232   0.000000365
      1321.0   0.000000275   0.000000389
      1322.0   0.000000791   0.000001022
      1323.0   0.000001100   0.000001323
      1324.0   0.000000849   0.000000971
      1325.0   0.000000851   0.000000946
      1326.0   0.000001204   0.000001327
      1327.0   0.000001790   0.000001990
      1328.0   0.000001236   0.000001408
      1329.0   0.000001478   0.000001743
      1330.0   0.000001752   0.000002155
      1331.0   0.000001304   0.000001675
      1332.0   0.000001506   0.000002014
      1333.0   0.000001566   0.000002161
      1334.0   0.000000997   0.000001403
      1335.0   0.000001381   0.000001948
      1336.0   0.000002115   0.000002932
      1337.0   0.000002110   0.000002813
      1338.0   0.000001982   0.000002487
      1339.0   0.000001478   0.000001710
      1340.0   0.000002407   0.000002524
      1341.0   0.000002292   0.000002149
      1342.0   0.000002387   0.000001987
      1343.0   0.000002495   0.000001839
      1344.0   0.000002574   0.000001690
      1345.0   0.000002613   0.000001540
      1346.0   0.000002117   0.000001137
      1347.0   0.000002497   0.000001240
      1348.0   0.000002750   0.000001288
      1349.0   0.000002486   0.000001119
      1350.0   0.000002852   0.000001255
      1351.0   0.000002625   0.000001145
      1352.0   0.000002898   0.000001273
      1353.0   0.000001643   0.000000732
      1354.0   0.000001703   0.000000773
      1355.0   0.000001810   0.000000841
      1356.0   0.000001594   0.000000756
      1357.0   0.000001410   0.000000673
      1358.0   0.000001830   0.000000861
      1359.0   0.000001486   0.000000670
      1360.0   0.000001191   0.000000496
      1361.0   0.000001600   0.000000590
      1362.0   0.000001856   0.000000584
      1363.0   0.000002338   0.000000617
      1364.0   0.000003448   0.000000767
      1365.0   0.000002995   0.000000576
      1366.0   0.000004270   0.000000738
      1367.0   0.000004549   0.000000739
      1368.0   0.000004377   0.000000702
      1369.0   0.000004148   0.000000696
      1370.0   0.000004456   0.000000829
      1371.0   0.000003774   0.000000819
      1372.0   0.000002991   0.000000803
      1373.0   0.000003029   0.000001063
      1374.0   0.000002164   0.000001043
      1375.0   0.000001639   0.000001131
      1376.0   0.000001273   0.000001305
      1377.0   0.000000883   0.000001384
      1378.0   0.000000681   0.000001679
      1379.0   0.000000518   0.000002041
      1380.0   0.000000341   0.000002163
      1381.0   0.000000253   0.000002600
      1382.0   0.000000198   0.000003261
      1383.0   0.000000138   0.000003642
      1384.0   0.000000114   0.000004662
      1385.0   0.000000092   0.000005699
      1386.0   0.000000075   0.000007233
      1387.0   0.000000061   0.000008816
      1388.0   0.000000056   0.000011243
      1389.0   0.000000050   0.000014278
      1390.0   0.000000042   0.000017826
      1391.0   0.000000038   0.000022720
      1392.0   0.000000037   0.000027688
      1393.0   0.000000034   0.000034091
      1394.0   0.000000030   0.000041422
      1395.0   0.000000028   0.000047996
      1396.0   0.000000026   0.000054603
      1397.0   0.000000022   0.000062357
      1398.0   0.000000020   0.000066775
      1399.0   0.000000018   0.000070323
      1400.0   0.000000020   0.000073750
      1401.0   0.000000028   0.000074911
      1402.0   0.000000026   0.000075559
      1403.0   0.000000021   0.000076938
      1404.0   0.000000018   0.000077175
      1405.0   0.000000014   0.000079043
      1406.0   0.000000013   0.000081660
      1407.0   0.000000019   0.000084955
      1408.0   0.000000028   0.000089909
      1409.0   0.000000024   0.000096050
      1410.0   0.000000020   0.000105455
      1411.0   0.000000027   0.000117246
      1412.0   0.000000031   0.000131799
      1413.0   0.000000024   0.000149147
      1414.0   0.000000026   0.000169180
      1415.0   0.000000030   0.000192088
      1416.0   0.000000028   0.000215789
      1417.0   0.000000020   0.000239288
      1418.0   0.000000034   0.000261043
      1419.0   0.000000065   0.000276612
      1420.0   0.000000050   0.000285481
      1421.0   0.000000021   0.000287556
      1422.0   0.000000005   0.000281890
      1423.0   0.000000005   0.000268506
      1424.0   0.000000007   0.000249505
      1425.0   0.000000005   0.000229349
      1426.0   0.000000032   0.000208432
      1427.0   0.000000034   0.000190028
      1428.0   0.000000025   0.000172750
      1429.0   0.000000011   0.000158746
      1430.0   0.000000029   0.000148552
      1431.0   0.000000053   0.000141332
      1432.0   0.000000047   0.000137892
      1433.0   0.000000037   0.000137879
      1434.0   0.000000089   0.000141896
      1435.0   0.000000129   0.000151394
      1436.0   0.000000070   0.000168282
      1437.0   0.000000046   0.000196070
      1438.0   0.000000086   0.000241743
      1439.0   0.000000110   0.000311208
      1440.0   0.000000103   0.000408967
      1441.0   0.000000060   0.000533763
      1442.0   0.000000104   0.000676355
      1443.0   0.000000171   0.000822291
      1444.0   0.000000069   0.000943501
      1445.0   0.000000128   0.001012100
      1446.0   0.000000209   0.001012251
      1447.0   0.000000102   0.000943032
      1448.0   0.000000164   0.000816129
      1449.0   0.000000278   0.000655791
      1450.0   0.000000118   0.000493796
      1451.0   0.000000140   0.000352310
      1452.0   0.000000441   0.000244155
      1453.0   0.000000528   0.000170730
      1454.0   0.000000205   0.000123254
      1455.0   0.000000043   0.000091789
      1456.0   0.000000412   0.000073624
      1457.0   0.000000478   0.000060606
      1458.0   0.000000535   0.000050784
      1459.0   0.000001057   0.000045721
      1460.0   0.000001105   0.000040713
      1461.0   0.000000665   0.000033765
      1462.0   0.000000602   0.000032977
      1463.0   0.000000916   0.000029938
      1464.0   0.000001110   0.000029646
      1465.0   0.000001923   0.000029928
      1466.0   0.000003461   0.000028259
      1467.0   0.000003384   0.000027345
      1468.0   0.000002370   0.000023098
      1469.0   0.000001722   0.000026033
      1470.0   0.000002299   0.000021022
      1471.0   0.000005062   0.000026570
      1472.0   0.000008930   0.000029904
      1473.0   0.000006355   0.000012700
      1474.0   0.000005978   0.000032605
      1475.0   0.000005058   0.000023545
      1476.0   0.000006941   0.000025086
      1477.0   0.000004160   0.000012537
      1478.0   0.000001551   0.000017258
      1479.0   0.000004387   0.000002227
      1480.0   0.000002385   0.000028932
      1481.0   0.000017600   0.000019728
      1482.0   0.000027619   0.000049146
      1483.0   0.000024577   0.000034266
      1484.0   0.000024057   0.000039499
      1485.0   0.000020583   0.000013944
      1486.0   0.000024897   0.000011388
      1487.0   0.000026485   0.000011831
      1488.0   0.000024284   0.000024867
      1489.0   0.000034659   0.000007676
      1490.0   0.000023639   0.000035139
      1491.0   0.000031640   0.000031329
      1492.0   0.000025750   0.000064496
      1493.0   0.000031374   0.000027013
      1494.0   0.000031137   0.000058204
      1495.0   0.000037400   0.000028226
      1496.0   0.000023494   0.000008391
      1497.0   0.000013875   0.000023863
      1498.0   0.000015240   0.000016351
      1499.0   0.000025857   0.000003207
      1500.0   0.000039173   0.000018023
      1501.0   0.000019564   0.000037025
      1502.0   0.000043480   0.000033078
      1503.0   0.000055619   0.000025654
      1504.0   0.000028466   0.000081138
      1505.0   0.000040018   0.000035738
      1506.0   0.000050542   0.000068413
      1507.0   0.000044435   0.000008613
      1508.0   0.000047281   0.000007295
      1509.0   0.000054174   0.000013886
      1510.0   0.000035823   0.000059193
      1511.0   0.000059492   0.000056909
      1512.0   0.000072377   0.000015961
      1513.0   0.000061908   0.000011219
      1514.0   0.000066312   0.000032534
      1515.0   0.000059832   0.000012019
      1516.0   0.000077096   0.000031650
      1517.0   0.000082203   0.000008033
      1518.0   0.000076187   0.000018069
      1519.0   0.000078887   0.000003568
      1520.0   0.000096383   0.000023347
      1521.0   0.000102711   0.000020719
      1522.0   0.000100602   0.000021432
      1523.0   0.000128496   0.000004761
      1524.0   0.000125693   0.000079680
      1525.0   0.000122146   0.000062966
      1526.0   0.000162743   0.000014342
      1527.0   0.000169343   0.000026916
      1528.0   0.000164761   0.000021622
      1529.0   0.000221063   0.000019395
      1530.0   0.000235470   0.000011456
      1531.0   0.000230047   0.000045305
      1532.0   0.000291427   0.000008684
      1533.0   0.000315616   0.000011583
      1534.0   0.000382393   0.000008228
      1535.0   0.000460818   0.000012046
      1536.0   0.000518453   0.000015707
      1537.0   0.000570575   0.000025989
      1538.0   0.000720607   0.000030415
      1539.0   0.000866066   0.000032572
      1540.0   0.001003677   0.000041045
      1541.0   0.001237890   0.000042816
      1542.0   0.001536015   0.000012874
      1543.0   0.001891757   0.000079570
      1544.0   0.002369313   0.000011937
      1545.0   0.003006575   0.000002803
      1546.0   0.003853102   0.000052206
      1547.0   0.004939786   0.000031145
      1548.0   0.006418925   0.000038470
      1549.0   0.008452453   0.000034468
      1550.0   0.011251763   0.000058251
      1551.0   0.015008717   0.000016512
      1552.0   0.020230198   0.000029953
      1553.0   0.027293239   0.000005312
      1554.0   0.036693677   0.000023684
      1555.0   0.048926808   0.000049847
      1556.0   0.064409472   0.000070771
      1557.0   0.082706496   0.000024188
      1558.0   0.103662193   0.000054338
      1559.0   0.126341671   0.000065213
      1560.0   0.149759203   0.000025638
      1561.0   0.172154948   0.000036385
      1562.0   0.192757428   0.000018952
      1563.0   0.210502520   0.000008360
      1564.0   0.224473074   0.000038131
      1565.0   0.234737843   0.000037065
      1566.0   0.242074713   0.000038012
      1567.0   0.246866941   0.000043086
      1568.0   0.249800086   0.000047964
      1569.0   0.251680493   0.000043218
      1570.0   0.252894431   0.000054880
      1571.0   0.253876776   0.000030330
      1572.0   0.254737645   0.000017585
      1573.0   0.255697042   0.000044436
      1574.0   0.256661355   0.000050306
      1575.0   0.257603437   0.000013861
      1576.0   0.258475691   0.000014121
      1577.0   0.259212017   0.000044859
      1578.0   0.259777129   0.000003805
      1579.0   0.260216773   0.000006351
      1580.0   0.260423481   0.000021711
      1581.0   0.260529697   0.000043107
      1582.0   0.260625213   0.000054313
      1583.0   0.260751933   0.000032788
      1584.0   0.260864228   0.000011332
      1585.0   0.261080295   0.000015450
      1586.0   0.261478752   0.000016922
      1587.0   0.261951894   0.000010639
      1588.0   0.262548983   0.000029352
      1589.0   0.263227582   0.000101784
      1590.0   0.263962150   0.000020071
      1591.0   0.264617026   0.000021999
      1592.0   0.265065581   0.000091571
      1593.0   0.265444845   0.000018620
      1594.0   0.265700012   0.000040833
      1595.0   0.265794933   0.000089967
      1596.0   0.265916586   0.000070073
      1597.0   0.265932471   0.000010209
      1598.0   0.266030103   0.000038178
      1599.0   0.266279399   0.000072481
      1600.0   0.266705841   0.000060912
      1601.0   0.267152756   0.000126473
      1602.0   0.267369598   0.000092116
      1603.0   0.266910821   0.000102348
      1604.0   0.265117705   0.000193511
      1605.0   0.261179805   0.000103375
      1606.0   0.254520446   0.000118573
      1607.0   0.244286612   0.000150004
      1608.0   0.230634317   0.000174365
      1609.0   0.213344887   0.000233714
      1610.0   0.193473577   0.000310664
      1611.0   0.171280161   0.000266891
      1612.0   0.148422033   0.000294245
      1613.0   0.125750408   0.000372804
      1614.0   0.104644850   0.000426898
      1615.0   0.085664287   0.000496726
      1616.0   0.069242142   0.000530258
      1617.0   0.054922793   0.000570869
      1618.0   0.043165281   0.000765820
      1619.0   0.033654597   0.001656285
      1620.0   0.026143311   0.001842100
      1621.0   0.020135297   0.002284177
      1622.0   0.015518097   0.002916006
      1623.0   0.011964777   0.003452530
      1624.0   0.009263014   0.004243594
      1625.0   0.007194563   0.005387958
      1626.0   0.005637764   0.006624017
      1627.0   0.004466016   0.008528850
      1628.0   0.003561891   0.010583538
      1629.0   0.002845806   0.013771850
      1630.0   0.002292072   0.017603964
      1631.0   0.001914486   0.023080086
      1632.0   0.001579229   0.030244790
      1633.0   0.001313316   0.039677318
      1634.0   0.001112945   0.051246718
      1635.0   0.000922644   0.066579789
      1636.0   0.000769261   0.083687544
      1637.0   0.000658660   0.104701303
      1638.0   0.000570018   0.126009747
      1639.0   0.000493930   0.150504097
      1640.0   0.000450967   0.172988698
      1641.0   0.000359406   0.194490433
      1642.0   0.000277927   0.212476879
      1643.0   0.000307186   0.228771105
      1644.0   0.000270884   0.240250111
      1645.0   0.000235650   0.248741120
      1646.0   0.000231252   0.254202783
      1647.0   0.000217293   0.257559448
      1648.0   0.000209711   0.259489208
      1649.0   0.000173846   0.260556698
      1650.0   0.000125365   0.261188239
      1651.0   0.000101056   0.261541724
      1652.0   0.000097193   0.261875778
      1653.0   0.000083672   0.262473166
      1654.0   0.000058674   0.262962520
      1655.0   0.000090345   0.263468236
      1656.0   0.000085059   0.263989061
      1657.0   0.000094882   0.264332980
      1658.0   0.000093343   0.264502436
      1659.0   0.000067665   0.264637321
      1660.0   0.000058482   0.264615804
      1661.0   0.000082629   0.264508218
      1662.0   0.000064742   0.264370918
      1663.0   0.000052655   0.264177352
      1664.0   0.000044216   0.264292210
      1665.0   0.000051983   0.264358610
      1666.0   0.000063301   0.264355570
      1667.0   0.000065617   0.264773786
      1668.0   0.000059748   0.265155047
      1669.0   0.000050736   0.265707731
      1670.0   0.000058739   0.266034603
      1671.0   0.000063022   0.266227096
      1672.0   0.000063501   0.266225964
      1673.0   0.000053667   0.265862197
      1674.0   0.000048684   0.265361935
      1675.0   0.000025725   0.264739841
      1676.0   0.000020153   0.264022410
      1677.0   0.000031932   0.263005823
      1678.0   0.000082424   0.262171328
      1679.0   0.000051733   0.261346400
      1680.0   0.000039858   0.261122912
      1681.0   0.000061913   0.261044592
      1682.0   0.000035863   0.261390746
      1683.0   0.000010290   0.261614591
      1684.0   0.000036298   0.261473358
      1685.0   0.000046594   0.260592818
      1686.0   0.000033237   0.257857859
      1687.0   0.000029670   0.252678096
      1688.0   0.000027931   0.244120985
      1689.0   0.000029288   0.231826887
      1690.0   0.000036552   0.216210291
      1691.0   0.000020071   0.197194219
      1692.0   0.000007003   0.175025284
      1693.0   0.000004629   0.152178511
      1694.0   0.000009639   0.129206464
      1695.0   0.000019832   0.107182890
      1696.0   0.000056168   0.086877853
      1697.0   0.000041728   0.069382489
      1698.0   0.000025928   0.054836016
      1699.0   0.000034861   0.042607758
      1700.0   0.000040157   0.032706290
      1701.0   0.000033009   0.025219843
      1702.0   0.000029826   0.019397004
      1703.0   0.000010602   0.014817007
      1704.0   0.000041023   0.011351554
      1705.0   0.000094717   0.009064673
      1706.0   0.000060235   0.006948368
      1707.0   0.000045421   0.005422264
      1708.0   0.000050653   0.004465657
      1709.0   0.000018383   0.003489362
      1710.0   0.000030984   0.002790763
      1711.0   0.000063258   0.002305124
      1712.0   0.000050258   0.001821939
      1713.0   0.000041298   0.001566433
      1714.0   0.000045220   0.001313799
      1715.0   0.000040929   0.001227109
      1716.0   0.000044421   0.000979131
      1717.0   0.000038347   0.000708310
      1718.0   0.000043680   0.000566309
      1719.0   0.000047236   0.000669023
      1720.0   0.000022549   0.001246820
      1721.0   0.000021619   0.001052806
      1722.0   0.000036130   0.000904742
      1723.0   0.000085509   0.000818531
      1724.0   0.000056295   0.000656105
      1725.0   0.000033375   0.000603056
      1726.0   0.000064356   0.000522657
      1727.0   0.000034698   0.000389175
      1728.0   0.000013006   0.000435501
      1729.0   0.000029903   0.000351645
      1730.0   0.000028658   0.000230042
      1731.0   0.000059640   0.000246284
      1732.0   0.000091351   0.000233143
      1733.0   0.000033375   0.000241824
      1734.0   0.000033555   0.000269657
      1735.0   0.000057194   0.000175724
      1736.0   0.000023144   0.000106309
      1737.0   0.000012859   0.000182240
      1738.0   0.000032870   0.000111372
      1739.0   0.000060493   0.000015332
      1740.0   0.000034460   0.000151104
      1741.0   0.000018884   0.000130892
      1742.0   0.000050940   0.000095597
      1743.0   0.000043527   0.000159996
      1744.0   0.000039286   0.000034868
      1745.0   0.000020238   0.000048174
      1746.0   0.000054562   0.000066803
      1747.0   0.000065602   0.000079455
      1748.0   0.000030998   0.000039068
      1749.0   0.000060289   0.000079195
      1750.0   0.000058507   0.000030117
      1751.0   0.000041308   0.000069671
      1752.0   0.000040214   0.000090901
      1753.0   0.000036965   0.000080185
      1754.0   0.000049534   0.000018833
      1755.0   0.000051382   0.000066094
      1756.0   0.000043985   0.000015757
      1757.0   0.000044509   0.000028333
      1758.0   0.000053039   0.000073496
      1759.0   0.000044071   0.000038208
      1760.0   0.000012521   0.000032201
      1761.0   0.000030064   0.000041916
      1762.0   0.000056669   0.000033832
      1763.0   0.000041056   0.000023220
      1764.0   0.000045215   0.000014901
      1765.0   0.000050145   0.000012274
      1766.0   0.000021364   0.000037976
      1767.0   0.000054447   0.000021556
      1768.0   0.000057541   0.000027265
      1769.0   0.000022708   0.000010946
      1770.0   0.000031002   0.000031350
      1771.0   0.000030475   0.000033733
      1772.0   0.000024009   0.000040588
      1773.0   0.000019990   0.000052106
      1774.0   0.000022155   0.000034155
      1775.0   0.000007021   0.000004598
      1776.0   0.000015227   0.000005094
      1777.0   0.000020665   0.000021979
      1778.0   0.000009913   0.000004773
      1779.0   0.000026290   0.000018532
      1780.0   0.000026284   0.000022646
      1781.0   0.000016421   0.000009056
      1782.0   0.000012878   0.000001078
      1783.0   0.000011289   0.000010540
      1784.0   0.000012169   0.000009163
      1785.0   0.000008780   0.000001036
      1786.0   0.000008866   0.000000806
      1787.0   0.000006461   0.000003174
      1788.0   0.000009337   0.000012298
      1789.0   0.000006976   0.000006669
      1790.0   0.000002787   0.000001432
      1791.0   0.000004633   0.000004673
      1792.0   0.000004089   0.000001588
      1793.0   0.000002367   0.000004491
      1794.0   0.000002407   0.000008615
      1795.0   0.000004017   0.000002036
      1796.0   0.000002936   0.000004685
      1797.0   0.000003559   0.000004872
      1798.0   0.000003089   0.000003941
      1799.0   0.000002076   0.000000256
      1800.0   0.000001572   0.000001500
      1801.0   0.000001815   0.000000533
      1802.0   0.000000942   0.000000422
      1803.0   0.000001384   0.000001085
      1804.0   0.000001410   0.000000755
      1805.0   0.000001053   0.000001739
      1806.0   0.000002144   0.000001027
      1807.0   0.000002430   0.000000487
      1808.0   0.000000847   0.000001181
      1809.0   0.000001257   0.000000409
      1810.0   0.000001419   0.000000343
      1811.0   0.000001142   0.000000969
      1812.0   0.000001161   0.000000543
      1813.0   0.000001315   0.000000283
      1814.0   0.000001645   0.000001013
      1815.0   0.000001316   0.000001670
      1816.0   0.000001118   0.000000453
      1817.0   0.000001505   0.000001039
      1818.0   0.000001466   0.000001541
      1819.0   0.000001820   0.000000904
      1820.0   0.000001619   0.000001048
      1821.0   0.000001544   0.000001551
      1822.0   0.000002123   0.000000390
      1823.0   0.000002796   0.000001254
      1824.0   0.000002182   0.000000448
      1825.0   0.000002703   0.000000717
      1826.0   0.000002347   0.000000219
      1827.0   0.000003149   0.000001119
      1828.0   0.000003335   0.000000836
      1829.0   0.000003065   0.000001025
      1830.0   0.000003177   0.000000842
      1831.0   0.000003561   0.000000147
      1832.0   0.000004066   0.000000323
      1833.0   0.000004241   0.000000434
      1834.0   0.000004139   0.000000272
      1835.0   0.000003790   0.000000438
      1836.0   0.000004437   0.000000688
      1837.0   0.000004494   0.000000294
      1838.0   0.000004642   0.000000930
      1839.0   0.000004274   0.000001191
      1840.0   0.000004764   0.000000594
      1841.0   0.000004792   0.000000656
      1842.0   0.000005573   0.000000233
      1843.0   0.000005812   0.000000038
      1844.0   0.000006017   0.000000017
      1845.0   0.000006148   0.000000131
      1846.0   0.000006359   0.000000117
      1847.0   0.000007051   0.000000359
      1848.0   0.000007652   0.000000623
      1849.0   0.000008566   0.000000051
      1850.0   0.000009896   0.000000309
      1851.0   0.000011624   0.000000223
      1852.0   0.000013313   0.000000089
      1853.0   0.000017557   0.000000019
      1854.0   0.000021569   0.000000254
      1855.0   0.000026026   0.000000166
      1856.0   0.000035452   0.000000074
      1857.0   0.000042082   0.000000136
      1858.0   0.000050585   0.000000028
      1859.0   0.000066247   0.000000074
      1860.0   0.000067896   0.000000142
      1861.0   0.000087572   0.000000151
      1862.0   0.000094284   0.000000013
      1863.0   0.000098412   0.000000062
      1864.0   0.000122647   0.000000051
      1865.0   0.000107519   0.000000097
      1866.0   0.000104875   0.000000162
      1867.0   0.000089465   0.000000054
      1868.0   0.000080923   0.000000070
      1869.0   0.000073902   0.000000137
      1870.0   0.000059884   0.000000014
      1871.0   0.000056705   0.000000073
      1872.0   0.000043251   0.000000060
      1873.0   0.000043583   0.000000024
      1874.0   0.000041292   0.000000003
      1875.0   0.000039263   0.000000068
      1876.0   0.000036597   0.000000031
      1877.0   0.000028313   0.000000012
      1878.0   0.000033599   0.000000083
      1879.0   0.000031412   0.000000069
      1880.0   0.000029739   0.000000018
      1881.0   0.000026650   0.000000002
      1882.0   0.000030921   0.000000027
      1883.0   0.000029223   0.000000035
      1884.0   0.000033856   0.000000058
      1885.0   0.000032649   0.000000036
      1886.0   0.000035572   0.000000046
      1887.0   0.000038373   0.000000032
      1888.0   0.000043542   0.000000003
      1889.0   0.000049271   0.000000006
      1890.0   0.000055609   0.000000232
      1891.0   0.000059848   0.000000134
      1892.0   0.000072538   0.000000081
      1893.0   0.000085665   0.000000189
      1894.0   0.000096356   0.000000056
      1895.0   0.000110321   0.000000028
      1896.0   0.000126474   0.000000308
      1897.0   0.000145574   0.000000047
      1898.0   0.000166588   0.000000176
      1899.0   0.000189207   0.000000209
      1900.0   0.000199470   0.000000176
      1901.0   0.000208188   0.000000107
      1902.0   0.000215830   0.000000097
      1903.0   0.000212918   0.000000164
      1904.0   0.000205507   0.000000114
      1905.0   0.000216538   0.000000208
      1906.0   0.000192972   0.000000127
      1907.0   0.000188841   0.000000061
      1908.0   0.000162860   0.000000130
      1909.0   0.000158788   0.000000089
      1910.0   0.000157483   0.000000033
      1911.0   0.000123893   0.000000059
      1912.0   0.000102528   0.000000025
      1913.0   0.000105735   0.000000010
      1914.0   0.000093178   0.000000103
      1915.0   0.000077106   0.000000053
      1916.0   0.000068441   0.000000048
      1917.0   0.000068665   0.000000026
      1918.0   0.000052292   0.000000030
      1919.0   0.000049778   0.000000060
      1920.0   0.000043712   0.000000026
      1921.0   0.000027244   0.000000004
      1922.0   0.000027276   0.000000002
      1923.0   0.000028611   0.000000063
      1924.0   0.000028662   0.000000020
      1925.0   0.000024558   0.000000026
      1926.0   0.000016461   0.000000041
      1927.0   0.000014072   0.000000030
      1928.0   0.000009716   0.000000013
      1929.0   0.000018663   0.000000024
      1930.0   0.000021723   0.000000003
      1931.0   0.000011896   0.000000007
      1932.0   0.000008669   0.000000029
      1933.0   0.000011341   0.000000030
      1934.0   0.000007799   0.000000014
      1935.0   0.000015389   0.000000056
      1936.0   0.000013352   0.000000035
      1937.0   0.000011066   0.000000034
      1938.0   0.000001941   0.000000008
      1939.0   0.000006694   0.000000019
      1940.0   0.000013200   0.000000047
      1941.0   0.000010673   0.000000051
      1942.0   0.000004740   0.000000021
      1943.0   0.000002665   0.000000013
      1944.0   0.000004307   0.000000023
      1945.0   0.000006675   0.000000041
      1946.0   0.000013912   0.000000095
      1947.0   0.000009540   0.000000069
      1948.0   0.000014076   0.000000104
      1949.0   0.000009778   0.000000078
      1950.0   0.000002274   0.000000021
      1951.0   0.000013199   0.000000135
      1952.0   0.000022883   0.000000269
      1953.0   0.000017214   0.000000224
      1954.0   0.000010961   0.000000163
      1955.0   0.000011964   0.000000211
      1956.0   0.000022994   0.000000486
      1957.0   0.000024570   0.000000618
      1958.0   0.000012092   0.000000375
      1959.0   0.000012301   0.000000479
      1960.0   0.000009064   0.000000456
      1961.0   0.000001545   0.000000103
      1962.0   0.000000524   0.000000047
      1963.0   0.000014035   0.000001734
      1964.0   0.000020993   0.000003665
      1965.0   0.000017173   0.000004308
      1966.0   0.000008325   0.000002996
      1967.0   0.000008630   0.000004401
      1968.0   0.000013592   0.000009569
      1969.0   0.000015069   0.000014119
      1970.0   0.000016549   0.000019852
      1971.0   0.000012263   0.000018004
      1972.0   0.000003585   0.000006128
      1973.0   0.000000733   0.000001393
      1974.0   0.000002218   0.000004484
      1975.0   0.000006996   0.000014460
      1976.0   0.000006610   0.000013517
      1977.0   0.000007953   0.000015636
      1978.0   0.000004181   0.000007789
      1979.0   0.000005238   0.000009210
      1980.0   0.000002876   0.000004781
      1981.0   0.000003276   0.000005174
      1982.0   0.000004666   0.000007086
      1983.0   0.000001163   0.000001728
      1984.0   0.000001886   0.000002766
      1985.0   0.000003477   0.000005092
      1986.0   0.000003480   0.000005149
      1987.0   0.000002506   0.000003786
      1988.0   0.000001908   0.000002964
      1989.0   0.000000442   0.000000713
      1990.0   0.000000728   0.000001227
      1991.0   0.000000852   0.000001506
      1992.0   0.000000273   0.000000508
      1993.0   0.000000222   0.000000439
      1994.0   0.000000921   0.000001946
      1995.0   0.000001917   0.000004355
      1996.0   0.000000318   0.000000777
      1997.0   0.000000242   0.000000640
      1998.0   0.000000386   0.000001108
      1999.0   0.000000601   0.000001876
      2000.0   0.000001273   0.000004352
      2001.0   0.000000881   0.000003307
      2002.0   0.000000829   0.000003420
      2003.0   0.000001825   0.000008296
      2004.0   0.000000215   0.000001078
      2005.0   0.000000316   0.000001760
      2006.0   0.000000734   0.000004523
      2007.0   0.000001257   0.000008547
      2008.0   0.000000915   0.000006918
      2009.0   0.000001344   0.000011206
      2010.0   0.000001098   0.000010037
      2011.0   0.000000358   0.000003615
      2012.0   0.000000340   0.000003740
      2013.0   0.000000602   0.000007148
      2014.0   0.000001026   0.000013044
      2015.0   0.000001219   0.000016420
      2016.0   0.000000713   0.000010060
      2017.0   0.000000248   0.000003650
      2018.0   0.000001626   0.000024491
      2019.0   0.000001533   0.000023337
      2020.0   0.000000271   0.000004133
      2021.0   0.000000197   0.000002960
      2022.0   0.000000180   0.000002657
      2023.0   0.000001032   0.000014787
      2024.0   0.000000993   0.000013669
      2025.0   0.000000635   0.000008347
      2026.0   0.000000478   0.000006010
      2027.0   0.000000875   0.000010416
      2028.0   0.000000375   0.000004202
      2029.0   0.000001001   0.000010650
      2030.0   0.000000352   0.000003536
      2031.0   0.000001070   0.000010126
      2032.0   0.000000263   0.000002368
      2033.0   0.000000263   0.000002237
      2034.0   0.000000083   0.000000665
      2035.0   0.000000975   0.000007475
      2036.0   0.000000425   0.000003117
      2037.0   0.000000653   0.000004581
      2038.0   0.000001028   0.000006940
      2039.0   0.000000451   0.000002916
      2040.0   0.000000870   0.000005424
      2041.0   0.000002443   0.000014811
      2042.0   0.000000964   0.000005677
      2043.0   0.000000294   0.000001681
      2044.0   0.000002207   0.000012306
      2045.0   0.000000526   0.000002877
      2046.0   0.000000451   0.000002430
      2047.0   0.000001547   0.000008213
      2048.0   0.000002165   0.000011332
      2049.0   0.000000470   0.000002438
      2050.0   0.000001180   0.000006090
      2051.0   0.000000823   0.000004216
      2052.0   0.000000920   0.000004696
      2053.0   0.000000568   0.000002896
      2054.0   0.000004643   0.000023679
      2055.0   0.000002943   0.000015053
      2056.0   0.000000601   0.000003093
      2057.0   0.000002529   0.000013046
      2058.0   0.000006051   0.000031262
      2059.0   0.000003842   0.000019942
      2060.0   0.000002008   0.000010409
      2061.0   0.000001955   0.000010109
      2062.0   0.000001835   0.000009436
      2063.0   0.000006313   0.000032029
      2064.0   0.000000712   0.000003550
      2065.0   0.000002310   0.000011254
      2066.0   0.000000922   0.000004338
      2067.0   0.000003297   0.000014867
      2068.0   0.000000934   0.000004006
      2069.0   0.000002975   0.000012000
      2070.0   0.000000680   0.000002558
      2071.0   0.000002000   0.000006939
      2072.0   0.000005607   0.000017788
      2073.0   0.000001387   0.000003985
      2074.0   0.000003088   0.000007985
      2075.0   0.000005807   0.000013422
      2076.0   0.000008713   0.000017873
      2077.0   0.000011051   0.000020072
      2078.0   0.000003837   0.000006144
      2079.0   0.000001882   0.000002650
      2080.0   0.000014905   0.000018421
      2081.0   0.000009324   0.000010116
      2082.0   0.000004312   0.000004110
      2083.0   0.000004419   0.000003706
      2084.0   0.000004356   0.000003216
      2085.0   0.000007349   0.000004788
      2086.0   0.000006761   0.000003899
      2087.0   0.000003391   0.000001737
      2088.0   0.000001831   0.000000834
      2089.0   0.000008839   0.000003588
      2090.0   0.000008395   0.000003081
      2091.0   0.000010017   0.000003299
      2092.0   0.000008004   0.000002384
      2093.0   0.000001857   0.000000502
      2094.0   0.000002766   0.000000679
      2095.0   0.000017617   0.000003958
      2096.0   0.000002765   0.000000576
      2097.0   0.000002775   0.000000530
      2098.0   0.000005424   0.000000959
      2099.0   0.000005492   0.000000903
      2100.0   0.000005852   0.000000902
      2101.0   0.000004662   0.000000675
      2102.0   0.000000865   0.000000117
      2103.0   0.000000864   0.000000111
      2104.0   0.000005349   0.000000649
      2105.0   0.000017034   0.000001967
      2106.0   0.000011528   0.000001268
      2107.0   0.000012874   0.000001347
      2108.0   0.000013117   0.000001342
      2109.0   0.000011167   0.000001096
      2110.0   0.000001071   0.000000101
      2111.0   0.000005648   0.000000518
      2112.0   0.000016485   0.000001456
      2113.0   0.000004200   0.000000362
      2114.0   0.000018784   0.000001580
      2115.0   0.000005303   0.000000438
      2116.0   0.000023134   0.000001847
      2117.0   0.000014362   0.000001147
      2118.0   0.000024745   0.000001936
      2119.0   0.000014452   0.000001100
      2120.0   0.000016628   0.000001277
      2121.0   0.000013538   0.000001020
      2122.0   0.000017195   0.000001277
      2123.0   0.000006645   0.000000488
      2124.0   0.000007028   0.000000514
      2125.0   0.000015834   0.000001158
      2126.0   0.000026693   0.000001907
      2127.0   0.000009128   0.000000663
      2128.0   0.000016748   0.000001189
      2129.0   0.000003920   0.000000282
      2130.0   0.000013085   0.000000940
      2131.0   0.000012345   0.000000882
      2132.0   0.000019393   0.000001390
      2133.0   0.000008863   0.000000638
      2134.0   0.000023841   0.000001696
      2135.0   0.000002648   0.000000194
      2136.0   0.000000962   0.000000070
      2137.0   0.000020599   0.000001515
      2138.0   0.000016706   0.000001257
      2139.0   0.000016575   0.000001247
      2140.0   0.000018947   0.000001420
      2141.0   0.000005781   0.000000446
      2142.0   0.000021330   0.000001648
      2143.0   0.000034934   0.000002750
      2144.0   0.000026090   0.000002101
      2145.0   0.000015308   0.000001260
      2146.0   0.000003073   0.000000256
      2147.0   0.000031778   0.000002679
      2148.0   0.000054987   0.000004770
      2149.0   0.000032522   0.000002864
      2150.0   0.000041395   0.000003766
      2151.0   0.000058347   0.000005357
      2152.0   0.000053629   0.000005099
      2153.0   0.000056790   0.000005556
      2154.0   0.000066673   0.000006666
      2155.0   0.000054852   0.000005584
      2156.0   0.000040887   0.000004341
      2157.0   0.000025258   0.000002758
      2158.0   0.000007919   0.000000889
      2159.0   0.000020503   0.000002384
      2160.0   0.000036367   0.000004367
      2161.0   0.000027244   0.000003397
      2162.0   0.000027767   0.000003561
      2163.0   0.000027207   0.000003633
      2164.0   0.000007423   0.000001026
      2165.0   0.000011697   0.000001681
      2166.0   0.000004134   0.000000615
      2167.0   0.000005155   0.000000799
      2168.0   0.000013127   0.000002129
      2169.0   0.000013932   0.000002341
      2170.0   0.000005549   0.000000974
      2171.0   0.000007581   0.000001395
      2172.0   0.000006414   0.000001228
      2173.0   0.000002832   0.000000567
      2174.0   0.000003621   0.000000758
      2175.0   0.000007114   0.000001556
      2176.0   0.000011284   0.000002589
      2177.0   0.000004736   0.000001142
      2178.0   0.000009168   0.000002302
      2179.0   0.000002749   0.000000721
      2180.0   0.000003272   0.000000906
      2181.0   0.000012660   0.000003661
      2182.0   0.000005842   0.000001770
      2183.0   0.000010936   0.000003486
      2184.0   0.000001825   0.000000609
      2185.0   0.000002905   0.000001016
      2186.0   0.000003547   0.000001303
      2187.0   0.000004355   0.000001678
      2188.0   0.000004925   0.000001986
      2189.0   0.000012653   0.000005361
      2190.0   0.000002980   0.000001318
      2191.0   0.000007849   0.000003633
      2192.0   0.000014953   0.000007237
      2193.0   0.000004166   0.000002111
      2194.0   0.000005375   0.000002839
      2195.0   0.000007345   0.000004053
      2196.0   0.000003108   0.000001785
      2197.0   0.000007699   0.000004608
      2198.0   0.000009399   0.000005838
      2199.0   0.000010304   0.000006651
      2200.0   0.000021368   0.000014286
      2201.0   0.000024648   0.000017066
      2202.0   0.000012545   0.000008967
      2203.0   0.000005577   0.000004119
      2204.0   0.000001689   0.000001286
      2205.0   0.000005172   0.000004043
      2206.0   0.000007895   0.000006339
      2207.0   0.000003803   0.000003132
      2208.0   0.000004578   0.000003858
      2209.0   0.000010124   0.000008728
      2210.0   0.000018254   0.000016045
      2211.0   0.000014813   0.000013241
      2212.0   0.000008217   0.000007461
      2213.0   0.000014457   0.000013320
      2214.0   0.000016444   0.000015352
      2215.0   0.000009605   0.000009069
      2216.0   0.000010824   0.000010324
      2217.0   0.000012717   0.000012230
      2218.0   0.000021490   0.000020815
      2219.0   0.000005005   0.000004882
      2220.0   0.000007187   0.000007042
      2221.0   0.000013863   0.000013638
      2222.0   0.000004213   0.000004162
      2223.0   0.000002871   0.000002843
      2224.0   0.000010468   0.000010385
      2225.0   0.000017848   0.000017739
      2226.0   0.000009554   0.000009508
      2227.0   0.000009204   0.000009169
      2228.0   0.000009542   0.000009515
      2229.0   0.000005719   0.000005703
      2230.0   0.000014354   0.000014325
      2231.0   0.000003135   0.000003131
      2232.0   0.000008781   0.000008772
      2233.0   0.000018776   0.000018800
      2234.0   0.000015908   0.000015961
      2235.0   0.000002873   0.000002887
      2236.0   0.000009301   0.000009366
      2237.0   0.000025160   0.000025437
      2238.0   0.000011829   0.000011995
      2239.0   0.000011000   0.000011189
      2240.0   0.000001644   0.000001680
      2241.0   0.000010217   0.000010498
      2242.0   0.000003066   0.000003168
      2243.0   0.000018791   0.000017920
      2244.0   0.000008217   0.000007557
      2245.0   0.000007002   0.000007308
      2246.0   0.000009727   0.000010317
      2247.0   0.000007081   0.000007570
      2248.0   0.000005709   0.000006149
      2249.0   0.000001482   0.000001611
      2250.0   0.000001702   0.000001868
      2251.0   0.000015913   0.000017653
      2252.0   0.000025039   0.000028062
      2253.0   0.000019641   0.000022209
      2254.0   0.000005753   0.000006573
      2255.0   0.000027859   0.000032213
      2256.0   0.000008926   0.000010432
      2257.0   0.000010089   0.000011912
      2258.0   0.000015420   0.000018394
      2259.0   0.000011200   0.000013511
      2260.0   0.000002458   0.000002999
      2261.0   0.000023965   0.000029561
      2262.0   0.000006773   0.000008448
      2263.0   0.000005312   0.000006701
      2264.0   0.000021763   0.000027753
      2265.0   0.000007573   0.000009754
      2266.0   0.000002036   0.000002649
      2267.0   0.000005287   0.000006945
      2268.0   0.000022606   0.000029984
      2269.0   0.000015278   0.000020454
      2270.0   0.000014056   0.000018986
      2271.0   0.000014731   0.000020059
      2272.0   0.000008262   0.000011338
      2273.0   0.000008121   0.000011233
      2274.0   0.000002023   0.000002821
      2275.0   0.000000316   0.000000444
      2276.0   0.000004715   0.000006674
      2277.0   0.000001565   0.000002228
      2278.0   0.000010721   0.000015369
      2279.0   0.000008942   0.000012893
      2280.0   0.000001200   0.000001737
      2281.0   0.000004541   0.000006612
      2282.0   0.000008678   0.000012697
      2283.0   0.000007360   0.000010811
      2284.0   0.000005091   0.000007510
      2285.0   0.000011356   0.000016809
      2286.0   0.000008370   0.000012423
      2287.0   0.000013316   0.000019827
      2288.0   0.000005244   0.000007829
      2289.0   0.000005330   0.000007975
      2290.0   0.000000929   0.000001394
      2291.0   0.000001328   0.000001996
      2292.0   0.000006499   0.000009782
      2293.0   0.000002668   0.000004025
      2294.0   0.000006524   0.000009850
      2295.0   0.000006639   0.000010033
      2296.0   0.000013112   0.000019845
      2297.0   0.000005824   0.000008816
      2298.0   0.000008297   0.000012551
      2299.0   0.000002397   0.000003631
      2300.0   0.000006074   0.000009202
      2301.0   0.000013385   0.000020244
      2302.0   0.000009948   0.000015045
      2303.0   0.000003186   0.000004820
      2304.0   0.000003597   0.000005434
      2305.0   0.000010481   0.000015828
      2306.0   0.000007955   0.000012001
      2307.0   0.000011679   0.000017616
      2308.0   0.000013260   0.000019976
      2309.0   0.000009774   0.000014718
      2310.0   0.000011326   0.000017028
      2311.0   0.000008594   0.000012896
      2312.0   0.000008039   0.000012059
      2313.0   0.000009314   0.000013959
      2314.0   0.000008349   0.000012494
      2315.0   0.000004260   0.000006364
      2316.0   0.000004343   0.000006473
      2317.0   0.000014048   0.000020913
      2318.0   0.000015228   0.000022647
      2319.0   0.000009891   0.000014675
      2320.0   0.000011606   0.000017206
      2321.0   0.000032917   0.000048696
      2322.0   0.000038756   0.000057213
      2323.0   0.000041428   0.000061045
      2324.0   0.000060521   0.000088861
      2325.0   0.000070384   0.000103093
      2326.0   0.000079596   0.000116375
      2327.0   0.000099506   0.000145021
      2328.0   0.000115124   0.000167183
      2329.0   0.000146126   0.000211507
      2330.0   0.000156758   0.000226217
      2331.0   0.000173085   0.000248850
      2332.0   0.000164565   0.000235483
      2333.0   0.000173028   0.000246625
      2334.0   0.000161462   0.000228958
      2335.0   0.000145991   0.000206332
      2336.0   0.000127888   0.000179915
      2337.0   0.000128991   0.000180471
      2338.0   0.000109036   0.000152049
      2339.0   0.000095326   0.000131973
      2340.0   0.000081635   0.000112288
      2341.0   0.000065123   0.000089024
      2342.0   0.000054245   0.000073587
      2343.0   0.000051719   0.000069601
      2344.0   0.000036179   0.000048296
      2345.0   0.000029930   0.000039593
      2346.0   0.000030824   0.000040370
      2347.0   0.000015259   0.000019801
      2348.0   0.000016155   0.000020770
      2349.0   0.000019189   0.000024440
      2350.0   0.000004120   0.000005192
      2351.0   0.000010301   0.000012834
      2352.0   0.000011975   0.000014760
      2353.0   0.000010882   0.000013261
      2354.0   0.000016618   0.000019990
      2355.0   0.000022460   0.000026656
      2356.0   0.000024666   0.000028883
      2357.0   0.000013793   0.000015931
      2358.0   0.000008745   0.000009957
      2359.0   0.000007403   0.000008316
      2360.0   0.000008486   0.000009389
      2361.0   0.000007817   0.000008511
      2362.0   0.000015923   0.000017076
      2363.0   0.000015551   0.000016386
      2364.0   0.000010474   0.000010856
      2365.0   0.000016466   0.000016775
      2366.0   0.000002927   0.000002931
      2367.0   0.000000423   0.000000416
      2368.0   0.000004412   0.000004277
      2369.0   0.000004455   0.000004243
      2370.0   0.000017796   0.000016648
      2371.0   0.000007294   0.000006711
      2372.0   0.000017559   0.000015850
      2373.0   0.000007634   0.000006774
      2374.0   0.000002297   0.000002008
      2375.0   0.000005318   0.000004557
      2376.0   0.000007735   0.000006518
      2377.0   0.000002093   0.000001732
      2378.0   0.000012146   0.000009876
      2379.0   0.000004315   0.000003445
      2380.0   0.000006783   0.000005330
      2381.0   0.000012339   0.000009544
      2382.0   0.000004333   0.000003292
      2383.0   0.000001513   0.000001129
      2384.0   0.000001351   0.000000993
      2385.0   0.000005128   0.000003708
      2386.0   0.000003529   0.000002515
      2387.0   0.000000554   0.000000388
      2388.0   0.000005711   0.000003948
      2389.0   0.000005173   0.000003524
      2390.0   0.000012071   0.000008095
      2391.0   0.000034785   0.000023026
      2392.0   0.000013013   0.000008502
      2393.0   0.000002056   0.000001326
      2394.0   0.000019734   0.000012564
      2395.0   0.000008764   0.000005505
      2396.0   0.000010364   0.000006435
      2397.0   0.000020693   0.000012687
      2398.0   0.000004036   0.000002456
      2399.0   0.000007469   0.000004492
      2400.0   0.000003709   0.000002205
      2401.0   0.000000868   0.000000512
      2402.0   0.000013297   0.000007769
      2403.0   0.000023691   0.000013716
      2404.0   0.000017445   0.000010033
      2405.0   0.000012189   0.000006949
      2406.0   0.000007108   0.000004010
      2407.0   0.000013014   0.000007310
      2408.0   0.000015666   0.000008738
      2409.0   0.000008615   0.000004772
      2410.0   0.000008679   0.000004778
      2411.0   0.000008094   0.000004429
      2412.0   0.000003367   0.000001831
      2413.0   0.000007362   0.000003991
      2414.0   0.000019494   0.000010514
      2415.0   0.000011969   0.000006421
      2416.0   0.000019371   0.000010354
      2417.0   0.000010668   0.000005702
      2418.0   0.000026329   0.000014001
      2419.0   0.000010871   0.000005774
      2420.0   0.000005598   0.000002962
      2421.0   0.000008362   0.000004415
      2422.0   0.000009805   0.000005189
      2423.0   0.000019988   0.000010559
      2424.0   0.000013375   0.000007058
      2425.0   0.000016482   0.000008738
      2426.0   0.000021919   0.000011590
      2427.0   0.000018907   0.000009990
      2428.0   0.000021660   0.000011461
      2429.0   0.000022778   0.000012085
      2430.0   0.000036763   0.000019501
      2431.0   0.000038661   0.000020663
      2432.0   0.000043804   0.000023423
      2433.0   0.000042314   0.000022733
      2434.0   0.000036403   0.000019618
      2435.0   0.000040410   0.000021852
      2436.0   0.000040386   0.000021941
      2437.0   0.000044484   0.000024345
      2438.0   0.000033967   0.000018643
      2439.0   0.000030709   0.000016965
      2440.0   0.000064148   0.000035609
      2441.0   0.000060663   0.000033859
      2442.0   0.000065168   0.000036676
      2443.0   0.000055605   0.000031539
      2444.0   0.000045301   0.000025839
      2445.0   0.000041533   0.000023901
      2446.0   0.000040367   0.000023429
      2447.0   0.000046429   0.000027172
      2448.0   0.000040008   0.000023599
      2449.0   0.000059598   0.000035594
      2450.0   0.000049874   0.000030025
      2451.0   0.000032278   0.000019626
      2452.0   0.000055659   0.000034398
      2453.0   0.000024914   0.000015524
      2454.0   0.000064381   0.000040445
      2455.0   0.000043954   0.000028013
      2456.0   0.000021646   0.000013936
      2457.0   0.000020903   0.000013639
      2458.0   0.000036357   0.000024006
      2459.0   0.000046501   0.000031107
      2460.0   0.000031385   0.000021278
      2461.0   0.000018802   0.000012912
      2462.0   0.000028624   0.000019895
      2463.0   0.000017794   0.000012561
      2464.0   0.000033090   0.000023695
      2465.0   0.000028035   0.000020356
      2466.0   0.000039656   0.000029299
      2467.0   0.000009732   0.000007308
      2468.0   0.000024714   0.000018792
      2469.0   0.000006744   0.000005208
      2470.0   0.000022729   0.000017839
      2471.0   0.000009276   0.000007404
      2472.0   0.000024880   0.000020187
      2473.0   0.000004777   0.000003935
      2474.0   0.000010375   0.000008695
      2475.0   0.000026019   0.000022129
      2476.0   0.000016965   0.000014717
      2477.0   0.000002445   0.000002147
      2478.0   0.000018690   0.000016706
      2479.0   0.000009469   0.000008605
      2480.0   0.000009917   0.000009165
      2481.0   0.000032837   0.000030866
      2482.0   0.000013656   0.000013044
      2483.0   0.000019125   0.000018559
      2484.0   0.000012238   0.000012063
      2485.0   0.000018156   0.000018183
      2486.0   0.000010787   0.000011000
      2487.0   0.000004182   0.000004334
      2488.0   0.000015801   0.000016606
      2489.0   0.000007537   0.000008054
      2490.0   0.000016547   0.000017990
      2491.0   0.000017658   0.000019509
      2492.0   0.000022631   0.000025382
      2493.0   0.000005905   0.000006715
      2494.0   0.000006971   0.000008049
      2495.0   0.000013018   0.000015234
      2496.0   0.000002348   0.000002783
      2497.0   0.000003373   0.000004054
      2498.0   0.000011594   0.000014154
      2499.0   0.000004070   0.000005041
      2500.0   0.000016265   0.000020381
      2501.0   0.000017115   0.000021731
      2502.0   0.000001643   0.000002113
      2503.0   0.000006772   0.000008809
      2504.0   0.000004304   0.000005656
      2505.0   0.000010063   0.000013374
      2506.0   0.000006036   0.000008119
      2507.0   0.000015364   0.000020844
      2508.0   0.000010309   0.000014130
      2509.0   0.000004165   0.000005771
      2510.0   0.000000909   0.000001273
      2511.0   0.000001338   0.000001890
      2512.0   0.000011003   0.000015682
      2513.0   0.000015706   0.000022591
      2514.0   0.000009796   0.000014177
      2515.0   0.000009085   0.000013223
      2516.0   0.000006095   0.000008944
      2517.0   0.000007102   0.000010497
      2518.0   0.000009042   0.000013451
      2519.0   0.000014547   0.000021721
      2520.0   0.000009503   0.000014311
      2521.0   0.000004739   0.000007192
      2522.0   0.000016875   0.000025697
      2523.0   0.000003486   0.000005339
      2524.0   0.000013992   0.000021526
      2525.0   0.000002663   0.000004101
      2526.0   0.000005182   0.000007999
      2527.0   0.000000583   0.000000904
      2528.0   0.000014102   0.000021913
      2529.0   0.000012707   0.000019776
      2530.0   0.000003881   0.000006058
      2531.0   0.000005021   0.000007857
      2532.0   0.000002154   0.000003390
      2533.0   0.000015261   0.000024030
      2534.0   0.000023821   0.000037502
      2535.0   0.000006876   0.000010837
      2536.0   0.000002573   0.000004055
      2537.0   0.000004915   0.000007751
      2538.0   0.000001149   0.000001814
      2539.0   0.000013910   0.000021944
      2540.0   0.000014886   0.000023488
      2541.0   0.000001438   0.000002271
      2542.0   0.000003394   0.000005344
      2543.0   0.000015513   0.000024337
      2544.0   0.000013461   0.000021056
      2545.0   0.000004511   0.000007036
      2546.0   0.000001463   0.000002282
      2547.0   0.000012207   0.000019090
      2548.0   0.000002700   0.000004224
      2549.0   0.000013251   0.000020639
      2550.0   0.000006953   0.000010803
      2551.0   0.000003833   0.000005944
      2552.0   0.000022587   0.000034906
      2553.0   0.000016467   0.000025415
      2554.0   0.000018548   0.000028542
      2555.0   0.000013407   0.000020440
      2556.0   0.000012056   0.000018242
      2557.0   0.000024247   0.000036451
      2558.0   0.000027079   0.000040489
      2559.0   0.000029243   0.000043739
      2560.0   0.000025780   0.000038486
      2561.0   0.000029778   0.000044116
      2562.0   0.000026947   0.000039723
      2563.0   0.000026603   0.000039113
      2564.0   0.000026650   0.000039070
      2565.0   0.000034669   0.000050628
      2566.0   0.000027011   0.000039276
      2567.0   0.000034521   0.000049917
      2568.0   0.000040775   0.000058629
      2569.0   0.000043774   0.000062397
      2570.0   0.000051961   0.000073267
      2571.0   0.000050069   0.000070023
      2572.0   0.000050269   0.000069845
      2573.0   0.000046893   0.000064778
      2574.0   0.000057383   0.000078916
      2575.0   0.000058522   0.000079793
      2576.0   0.000066604   0.000089619
      2577.0   0.000068676   0.000091363
      2578.0   0.000063506   0.000083731
      2579.0   0.000071766   0.000093690
      2580.0   0.000066684   0.000086379
      2581.0   0.000074054   0.000094682
      2582.0   0.000086443   0.000109216
      2583.0   0.000084534   0.000106022
      2584.0   0.000081324   0.000101390
      2585.0   0.000082627   0.000102579
      2586.0   0.000080494   0.000099342
      2587.0   0.000085225   0.000103902
      2588.0   0.000102622   0.000123478
      2589.0   0.000120807   0.000143487
      2590.0   0.000126098   0.000147513
      2591.0   0.000117013   0.000135082
      2592.0   0.000102537   0.000117149
      2593.0   0.000114214   0.000129453
      2594.0   0.000125432   0.000141168
      2595.0   0.000118701   0.000132551
      2596.0   0.000123009   0.000135899
      2597.0   0.000133099   0.000145408
      2598.0   0.000143795   0.000156737
      2599.0   0.000143673   0.000153099
      2600.0   0.000131566   0.000136226
      2601.0   0.000147198   0.000149668
      2602.0   0.000148788   0.000150270
      2603.0   0.000151403   0.000151238
      2604.0   0.000161588   0.000161142
      2605.0   0.000138976   0.000137990
      2606.0   0.000145387   0.000142008
      2607.0   0.000153800   0.000150296
      2608.0   0.000147014   0.000142692
      2609.0   0.000147365   0.000141012
      2610.0   0.000156517   0.000148159
      2611.0   0.000150993   0.000140421
      2612.0   0.000145967   0.000132451
      2613.0   0.000150141   0.000133974
      2614.0   0.000150708   0.000133024
      2615.0   0.000164460   0.000143584
      2616.0   0.000162758   0.000141571
      2617.0   0.000152499   0.000130920
      2618.0   0.000163706   0.000139547
      2619.0   0.000160184   0.000136194
      2620.0   0.000159783   0.000133438
      2621.0   0.000149392   0.000123633
      2622.0   0.000147395   0.000122137
      2623.0   0.000138607   0.000112244
      2624.0   0.000156173   0.000123314
      2625.0   0.000161969   0.000126037
      2626.0   0.000158313   0.000122077
      2627.0   0.000169314   0.000128984
      2628.0   0.000183698   0.000138897
      2629.0   0.000157712   0.000118544
      2630.0   0.000163272   0.000122482
      2631.0   0.000178264   0.000132911
      2632.0   0.000182032   0.000135478
      2633.0   0.000158610   0.000116466
      2634.0   0.000167680   0.000122636
      2635.0   0.000176845   0.000129223
      2636.0   0.000178152   0.000129216
      2637.0   0.000161434   0.000114192
      2638.0   0.000176431   0.000124016
      2639.0   0.000193906   0.000135049
      2640.0   0.000177318   0.000123629
      2641.0   0.000176776   0.000122458
      2642.0   0.000158606   0.000108851
      2643.0   0.000182351   0.000125188
      2644.0   0.000184778   0.000125792
      2645.0   0.000200627   0.000135752
      2646.0   0.000210601   0.000141685
      2647.0   0.000195060   0.000130905
      2648.0   0.000181822   0.000121682
      2649.0   0.000182113   0.000120194
      2650.0   0.000179010   0.000118446
      2651.0   0.000179538   0.000118800
      2652.0   0.000185480   0.000121261
      2653.0   0.000191474   0.000125402
      2654.0   0.000194991   0.000127962
      2655.0   0.000191942   0.000128556
      2656.0   0.000206719   0.000134408
      2657.0   0.000197109   0.000126332
      2658.0   0.000200281   0.000130211
      2659.0   0.000213919   0.000138705
      2660.0   0.000198419   0.000128817
      2661.0   0.000211699   0.000137443
      2662.0   0.000218543   0.000141635
      2663.0   0.000254303   0.000166064
      2664.0   0.000216750   0.000143356
      2665.0   0.000250653   0.000165272
      2666.0   0.000235389   0.000155963
      2667.0   0.000226379   0.000151826
      2668.0   0.000280385   0.000186472
      2669.0   0.000260831   0.000170684
      2670.0   0.000274956   0.000179899
      2671.0   0.000278608   0.000185224
      2672.0   0.000205737   0.000139771
      2673.0   0.000258483   0.000175065
      2674.0   0.000272394   0.000186826
      2675.0   0.000296166   0.000203070
      2676.0   0.000297840   0.000202469
      2677.0   0.000295051   0.000203693
      2678.0   0.000294319   0.000207006
      2679.0   0.000290186   0.000200795
      2680.0   0.000259576   0.000181881
      2681.0   0.000306290   0.000219597
      2682.0   0.000311191   0.000224427
      2683.0   0.000303984   0.000219229
      2684.0   0.000310032   0.000223591
      2685.0   0.000339565   0.000244890
      2686.0   0.000409577   0.000295381
      2687.0   0.000285967   0.000206235
      2688.0   0.000310554   0.000223967
      2689.0   0.000446636   0.000322108
      2690.0   0.000223210   0.000160976
      2691.0   0.000354940   0.000255978
      2692.0   0.000248003   0.000178856
      2693.0   0.000297013   0.000214202
      2694.0   0.000241137   0.000173905
      2695.0   0.000528562   0.000381191
      2696.0   0.000066638   0.000048059
      2697.0   0.000414233   0.000298739
      2698.0   0.000695819   0.000501815
      2699.0   0.000240019   0.000173098
      2700.0   0.000000000   0.000000000
