#                                                          
# SPHERE/IRDIS NB N_FeII filter transmission               
#                                                          
# Updated with final values on 2015-04-16 by Arthur Vigan  
# For any information, please contact <arthur.vigan@lam.fr>
#                                                          
# wavelength   N_FeII                                      
#                                                          
       400.0   0.000000015
       401.0   0.000000030
       402.0   0.000000039
       403.0   0.000000013
       404.0   0.000000003
       405.0   0.000000002
       406.0   0.000000000
       407.0   0.000000086
       408.0   0.000000055
       409.0   0.000000000
       410.0   0.000000000
       411.0   0.000000000
       412.0   0.000000040
       413.0   0.000000108
       414.0   0.000000053
       415.0   0.000000039
       416.0   0.000000025
       417.0   0.000000000
       418.0   0.000000000
       419.0   0.000000000
       420.0   0.000000000
       421.0   0.000000000
       422.0   0.000000000
       423.0   0.000000028
       424.0   0.000000018
       425.0   0.000000000
       426.0   0.000000000
       427.0   0.000000000
       428.0   0.000000000
       429.0   0.000000007
       430.0   0.000000029
       431.0   0.000000045
       432.0   0.000000019
       433.0   0.000000006
       434.0   0.000000028
       435.0   0.000000016
       436.0   0.000000000
       437.0   0.000000000
       438.0   0.000000017
       439.0   0.000000011
       440.0   0.000000000
       441.0   0.000000000
       442.0   0.000000033
       443.0   0.000000021
       444.0   0.000000037
       445.0   0.000000024
       446.0   0.000000002
       447.0   0.000000048
       448.0   0.000000041
       449.0   0.000000007
       450.0   0.000000011
       451.0   0.000000007
       452.0   0.000000016
       453.0   0.000000010
       454.0   0.000000000
       455.0   0.000000000
       456.0   0.000000000
       457.0   0.000000000
       458.0   0.000000030
       459.0   0.000000021
       460.0   0.000000021
       461.0   0.000000084
       462.0   0.000000072
       463.0   0.000000017
       464.0   0.000000000
       465.0   0.000000013
       466.0   0.000000013
       467.0   0.000000003
       468.0   0.000000027
       469.0   0.000000044
       470.0   0.000000017
       471.0   0.000000000
       472.0   0.000000000
       473.0   0.000000000
       474.0   0.000000000
       475.0   0.000000046
       476.0   0.000000068
       477.0   0.000000121
       478.0   0.000000062
       479.0   0.000000000
       480.0   0.000000002
       481.0   0.000000002
       482.0   0.000000030
       483.0   0.000000090
       484.0   0.000000045
       485.0   0.000000000
       486.0   0.000000000
       487.0   0.000000047
       488.0   0.000000087
       489.0   0.000000078
       490.0   0.000000027
       491.0   0.000000080
       492.0   0.000000051
       493.0   0.000000000
       494.0   0.000000000
       495.0   0.000000047
       496.0   0.000000073
       497.0   0.000000027
       498.0   0.000000045
       499.0   0.000000075
       500.0   0.000000030
       501.0   0.000000019
       502.0   0.000000016
       503.0   0.000000002
       504.0   0.000000062
       505.0   0.000000048
       506.0   0.000000027
       507.0   0.000000018
       508.0   0.000000003
       509.0   0.000000034
       510.0   0.000000022
       511.0   0.000000020
       512.0   0.000000047
       513.0   0.000000022
       514.0   0.000000000
       515.0   0.000000000
       516.0   0.000000000
       517.0   0.000000000
       518.0   0.000000000
       519.0   0.000000000
       520.0   0.000000042
       521.0   0.000000027
       522.0   0.000000031
       523.0   0.000000020
       524.0   0.000000002
       525.0   0.000000081
       526.0   0.000000051
       527.0   0.000000000
       528.0   0.000000000
       529.0   0.000000069
       530.0   0.000000044
       531.0   0.000000036
       532.0   0.000000063
       533.0   0.000000025
       534.0   0.000000035
       535.0   0.000000022
       536.0   0.000000030
       537.0   0.000000124
       538.0   0.000000067
       539.0   0.000000000
       540.0   0.000000000
       541.0   0.000000000
       542.0   0.000000042
       543.0   0.000000027
       544.0   0.000000051
       545.0   0.000000032
       546.0   0.000000001
       547.0   0.000000074
       548.0   0.000000050
       549.0   0.000000002
       550.0   0.000000000
       551.0   0.000000018
       552.0   0.000000011
       553.0   0.000000046
       554.0   0.000000030
       555.0   0.000000000
       556.0   0.000000000
       557.0   0.000000000
       558.0   0.000000000
       559.0   0.000000000
       560.0   0.000000000
       561.0   0.000000068
       562.0   0.000000044
       563.0   0.000000000
       564.0   0.000000000
       565.0   0.000000000
       566.0   0.000000088
       567.0   0.000000056
       568.0   0.000000045
       569.0   0.000000067
       570.0   0.000000025
       571.0   0.000000009
       572.0   0.000000006
       573.0   0.000000023
       574.0   0.000000064
       575.0   0.000000032
       576.0   0.000000037
       577.0   0.000000154
       578.0   0.000000097
       579.0   0.000000009
       580.0   0.000000010
       581.0   0.000000007
       582.0   0.000000000
       583.0   0.000000000
       584.0   0.000000000
       585.0   0.000000063
       586.0   0.000000074
       587.0   0.000000021
       588.0   0.000000000
       589.0   0.000000000
       590.0   0.000000000
       591.0   0.000000006
       592.0   0.000000004
       593.0   0.000000032
       594.0   0.000000021
       595.0   0.000000011
       596.0   0.000000058
       597.0   0.000000033
       598.0   0.000000051
       599.0   0.000000061
       600.0   0.000000018
       601.0   0.000000048
       602.0   0.000000063
       603.0   0.000000021
       604.0   0.000000072
       605.0   0.000000089
       606.0   0.000000073
       607.0   0.000000029
       608.0   0.000000000
       609.0   0.000000056
       610.0   0.000000073
       611.0   0.000000104
       612.0   0.000000100
       613.0   0.000000036
       614.0   0.000000017
       615.0   0.000000009
       616.0   0.000000000
       617.0   0.000000068
       618.0   0.000000043
       619.0   0.000000051
       620.0   0.000000033
       621.0   0.000000056
       622.0   0.000000104
       623.0   0.000000251
       624.0   0.000000402
       625.0   0.000000403
       626.0   0.000000252
       627.0   0.000000066
       628.0   0.000000088
       629.0   0.000000056
       630.0   0.000000056
       631.0   0.000000055
       632.0   0.000000012
       633.0   0.000000114
       634.0   0.000000548
       635.0   0.000001792
       636.0   0.000003450
       637.0   0.000003709
       638.0   0.000002516
       639.0   0.000001304
       640.0   0.000000803
       641.0   0.000000744
       642.0   0.000000774
       643.0   0.000000768
       644.0   0.000000817
       645.0   0.000000813
       646.0   0.000000878
       647.0   0.000000891
       648.0   0.000000539
       649.0   0.000000261
       650.0   0.000000218
       651.0   0.000000143
       652.0   0.000000037
       653.0   0.000000040
       654.0   0.000000060
       655.0   0.000000062
       656.0   0.000000083
       657.0   0.000000084
       658.0   0.000000030
       659.0   0.000000020
       660.0   0.000000064
       661.0   0.000000032
       662.0   0.000000025
       663.0   0.000000026
       664.0   0.000000006
       665.0   0.000000000
       666.0   0.000000016
       667.0   0.000000105
       668.0   0.000000144
       669.0   0.000000061
       670.0   0.000000005
       671.0   0.000000100
       672.0   0.000000064
       673.0   0.000000000
       674.0   0.000000052
       675.0   0.000000097
       676.0   0.000000143
       677.0   0.000000090
       678.0   0.000000016
       679.0   0.000000000
       680.0   0.000000000
       681.0   0.000000011
       682.0   0.000000072
       683.0   0.000000068
       684.0   0.000000030
       685.0   0.000000009
       686.0   0.000000000
       687.0   0.000000021
       688.0   0.000000014
       689.0   0.000000012
       690.0   0.000000008
       691.0   0.000000014
       692.0   0.000000036
       693.0   0.000000017
       694.0   0.000000030
       695.0   0.000000020
       696.0   0.000000073
       697.0   0.000000046
       698.0   0.000000094
       699.0   0.000000060
       700.0   0.000000037
       701.0   0.000000089
       702.0   0.000000063
       703.0   0.000000132
       704.0   0.000000075
       705.0   0.000000000
       706.0   0.000000013
       707.0   0.000000009
       708.0   0.000000000
       709.0   0.000000000
       710.0   0.000000022
       711.0   0.000000014
       712.0   0.000000018
       713.0   0.000000012
       714.0   0.000000017
       715.0   0.000000011
       716.0   0.000000000
       717.0   0.000000040
       718.0   0.000000026
       719.0   0.000000000
       720.0   0.000000022
       721.0   0.000000073
       722.0   0.000000051
       723.0   0.000000009
       724.0   0.000000000
       725.0   0.000000031
       726.0   0.000000020
       727.0   0.000000014
       728.0   0.000000009
       729.0   0.000000005
       730.0   0.000000022
       731.0   0.000000012
       732.0   0.000000032
       733.0   0.000000028
       734.0   0.000000005
       735.0   0.000000027
       736.0   0.000000018
       737.0   0.000000000
       738.0   0.000000000
       739.0   0.000000001
       740.0   0.000000028
       741.0   0.000000131
       742.0   0.000000072
       743.0   0.000000004
       744.0   0.000000003
       745.0   0.000000038
       746.0   0.000000024
       747.0   0.000000029
       748.0   0.000000018
       749.0   0.000000008
       750.0   0.000000056
       751.0   0.000000032
       752.0   0.000000041
       753.0   0.000000026
       754.0   0.000000000
       755.0   0.000000034
       756.0   0.000000076
       757.0   0.000000035
       758.0   0.000000001
       759.0   0.000000001
       760.0   0.000000060
       761.0   0.000000038
       762.0   0.000000000
       763.0   0.000000034
       764.0   0.000000022
       765.0   0.000000000
       766.0   0.000000000
       767.0   0.000000008
       768.0   0.000000051
       769.0   0.000000030
       770.0   0.000000000
       771.0   0.000000013
       772.0   0.000000043
       773.0   0.000000047
       774.0   0.000000078
       775.0   0.000000040
       776.0   0.000000055
       777.0   0.000000035
       778.0   0.000000000
       779.0   0.000000122
       780.0   0.000000078
       781.0   0.000000027
       782.0   0.000000159
       783.0   0.000000097
       784.0   0.000000017
       785.0   0.000000008
       786.0   0.000000000
       787.0   0.000000011
       788.0   0.000000007
       789.0   0.000000000
       790.0   0.000000103
       791.0   0.000000066
       792.0   0.000000012
       793.0   0.000000086
       794.0   0.000000050
       795.0   0.000000065
       796.0   0.000000041
       797.0   0.000000025
       798.0   0.000000016
       799.0   0.000000000
       800.0   0.000000079
       801.0   0.000000051
       802.0   0.000000000
       803.0   0.000000000
       804.0   0.000000035
       805.0   0.000000022
       806.0   0.000000000
       807.0   0.000000095
       808.0   0.000000102
       809.0   0.000000118
       810.0   0.000000123
       811.0   0.000000043
       812.0   0.000000001
       813.0   0.000000187
       814.0   0.000000278
       815.0   0.000000133
       816.0   0.000000067
       817.0   0.000000215
       818.0   0.000000122
       819.0   0.000000002
       820.0   0.000000000
       821.0   0.000000000
       822.0   0.000000000
       823.0   0.000000000
       824.0   0.000000043
       825.0   0.000000048
       826.0   0.000000146
       827.0   0.000000163
       828.0   0.000000215
       829.0   0.000000122
       830.0   0.000000102
       831.0   0.000000182
       832.0   0.000000211
       833.0   0.000000310
       834.0   0.000000145
       835.0   0.000000056
       836.0   0.000000127
       837.0   0.000000058
       838.0   0.000000196
       839.0   0.000000125
       840.0   0.000000198
       841.0   0.000000127
       842.0   0.000000085
       843.0   0.000000215
       844.0   0.000000103
       845.0   0.000000000
       846.0   0.000000330
       847.0   0.000000342
       848.0   0.000000375
       849.0   0.000000347
       850.0   0.000000151
       851.0   0.000000031
       852.0   0.000000000
       853.0   0.000000000
       854.0   0.000000000
       855.0   0.000000000
       856.0   0.000000000
       857.0   0.000000000
       858.0   0.000000000
       859.0   0.000000000
       860.0   0.000000000
       861.0   0.000000285
       862.0   0.000000333
       863.0   0.000000096
       864.0   0.000000000
       865.0   0.000000000
       866.0   0.000000000
       867.0   0.000000000
       868.0   0.000000000
       869.0   0.000000000
       870.0   0.000000163
       871.0   0.000000104
       872.0   0.000000948
       873.0   0.000000606
       874.0   0.000000803
       875.0   0.000000513
       876.0   0.000000000
       877.0   0.000000000
       878.0   0.000000000
       879.0   0.000001584
       880.0   0.000001013
       881.0   0.000000000
       882.0   0.000000579
       883.0   0.000001546
       884.0   0.000000752
       885.0   0.000000000
       886.0   0.000000000
       887.0   0.000000000
       888.0   0.000000000
       889.0   0.000006007
       890.0   0.000004530
       891.0   0.000003138
       892.0   0.000001739
       893.0   0.000000009
       894.0   0.000000000
       895.0   0.000000445
       896.0   0.000005305
       897.0   0.000010633
       898.0   0.000006931
       899.0   0.000004924
       900.0   0.000004004
       901.0   0.000003088
       902.0   0.000001260
       903.0   0.000005447
       904.0   0.000003483
       905.0   0.000000000
       906.0   0.000004458
       907.0   0.000002851
       908.0   0.000002636
       909.0   0.000001686
       910.0   0.000000000
       911.0   0.000000766
       912.0   0.000001949
       913.0   0.000005701
       914.0   0.000003048
       915.0   0.000000000
       916.0   0.000002237
       917.0   0.000002422
       918.0   0.000003081
       919.0   0.000001564
       920.0   0.000000000
       921.0   0.000000000
       922.0   0.000000000
       923.0   0.000004468
       924.0   0.000008576
       925.0   0.000005006
       926.0   0.000003921
       927.0   0.000001956
       928.0   0.000002498
       929.0   0.000001920
       930.0   0.000000207
       931.0   0.000000000
       932.0   0.000003395
       933.0   0.000002171
       934.0   0.000001500
       935.0   0.000009294
       936.0   0.000007355
       937.0   0.000002325
       938.0   0.000001807
       939.0   0.000000735
       940.0   0.000002018
       941.0   0.000001290
       942.0   0.000000000
       943.0   0.000003508
       944.0   0.000002805
       945.0   0.000006491
       946.0   0.000003921
       947.0   0.000000000
       948.0   0.000000106
       949.0   0.000002813
       950.0   0.000002676
       951.0   0.000007144
       952.0   0.000004191
       953.0   0.000004020
       954.0   0.000002571
       955.0   0.000001688
       956.0   0.000001079
       957.0   0.000000000
       958.0   0.000000000
       959.0   0.000002599
       960.0   0.000001662
       961.0   0.000000246
       962.0   0.000000158
       963.0   0.000000000
       964.0   0.000006219
       965.0   0.000003976
       966.0   0.000004592
       967.0   0.000003006
       968.0   0.000000160
       969.0   0.000000074
       970.0   0.000000000
       971.0   0.000005596
       972.0   0.000003578
       973.0   0.000000837
       974.0   0.000002658
       975.0   0.000002940
       976.0   0.000006807
       977.0   0.000006023
       978.0   0.000004528
       979.0   0.000002307
       980.0   0.000003171
       981.0   0.000002899
       982.0   0.000008623
       983.0   0.000006288
       984.0   0.000000761
       985.0   0.000001054
       986.0   0.000007289
       987.0   0.000004229
       988.0   0.000000000
       989.0   0.000000000
       990.0   0.000000000
       991.0   0.000000000
       992.0   0.000000000
       993.0   0.000000000
       994.0   0.000000000
       995.0   0.000000196
       996.0   0.000000783
       997.0   0.000000421
       998.0   0.000004459
       999.0   0.000007809
      1000.0   0.000003170
      1001.0   0.000000000
      1002.0   0.000001561
      1003.0   0.000002919
      1004.0   0.000001229
      1005.0   0.000000249
      1006.0   0.000003147
      1007.0   0.000004146
      1008.0   0.000001430
      1009.0   0.000000000
      1010.0   0.000002773
      1011.0   0.000002258
      1012.0   0.000004779
      1013.0   0.000002857
      1014.0   0.000003910
      1015.0   0.000002500
      1016.0   0.000006784
      1017.0   0.000004337
      1018.0   0.000000000
      1019.0   0.000000000
      1020.0   0.000003077
      1021.0   0.000001967
      1022.0   0.000002203
      1023.0   0.000006673
      1024.0   0.000003366
      1025.0   0.000000000
      1026.0   0.000000000
      1027.0   0.000000000
      1028.0   0.000008010
      1029.0   0.000005121
      1030.0   0.000001443
      1031.0   0.000004114
      1032.0   0.000002041
      1033.0   0.000000000
      1034.0   0.000000000
      1035.0   0.000006469
      1036.0   0.000004136
      1037.0   0.000003761
      1038.0   0.000002405
      1039.0   0.000002688
      1040.0   0.000005576
      1041.0   0.000003711
      1042.0   0.000003597
      1043.0   0.000004240
      1044.0   0.000002679
      1045.0   0.000002307
      1046.0   0.000005837
      1047.0   0.000007468
      1048.0   0.000006136
      1049.0   0.000002130
      1050.0   0.000002668
      1051.0   0.000001706
      1052.0   0.000003028
      1053.0   0.000007341
      1054.0   0.000003456
      1055.0   0.000001351
      1056.0   0.000000864
      1057.0   0.000001619
      1058.0   0.000005289
      1059.0   0.000002720
      1060.0   0.000001254
      1061.0   0.000002577
      1062.0   0.000001135
      1063.0   0.000002881
      1064.0   0.000009251
      1065.0   0.000005399
      1066.0   0.000000423
      1067.0   0.000004990
      1068.0   0.000003191
      1069.0   0.000000701
      1070.0   0.000000448
      1071.0   0.000000768
      1072.0   0.000003040
      1073.0   0.000002435
      1074.0   0.000000515
      1075.0   0.000000770
      1076.0   0.000001110
      1077.0   0.000000395
      1078.0   0.000000575
      1079.0   0.000003039
      1080.0   0.000003573
      1081.0   0.000007667
      1082.0   0.000004140
      1083.0   0.000000000
      1084.0   0.000000000
      1085.0   0.000000000
      1086.0   0.000000000
      1087.0   0.000000000
      1088.0   0.000004909
      1089.0   0.000006383
      1090.0   0.000002074
      1091.0   0.000008278
      1092.0   0.000005293
      1093.0   0.000001126
      1094.0   0.000000720
      1095.0   0.000001104
      1096.0   0.000000706
      1097.0   0.000000299
      1098.0   0.000002585
      1099.0   0.000004758
      1100.0   0.000002064
      1101.0   0.000000000
      1102.0   0.000001455
      1103.0   0.000000931
      1104.0   0.000000000
      1105.0   0.000000000
      1106.0   0.000000000
      1107.0   0.000001389
      1108.0   0.000000888
      1109.0   0.000001141
      1110.0   0.000000730
      1111.0   0.000001381
      1112.0   0.000005679
      1113.0   0.000003066
      1114.0   0.000005144
      1115.0   0.000004556
      1116.0   0.000005163
      1117.0   0.000002783
      1118.0   0.000000786
      1119.0   0.000000503
      1120.0   0.000004674
      1121.0   0.000002988
      1122.0   0.000000000
      1123.0   0.000000178
      1124.0   0.000000114
      1125.0   0.000002639
      1126.0   0.000001687
      1127.0   0.000000000
      1128.0   0.000000000
      1129.0   0.000000000
      1130.0   0.000000515
      1131.0   0.000000330
      1132.0   0.000001271
      1133.0   0.000000813
      1134.0   0.000000382
      1135.0   0.000000244
      1136.0   0.000000000
      1137.0   0.000003515
      1138.0   0.000002248
      1139.0   0.000000000
      1140.0   0.000000000
      1141.0   0.000000000
      1142.0   0.000000000
      1143.0   0.000000000
      1144.0   0.000000000
      1145.0   0.000004656
      1146.0   0.000002977
      1147.0   0.000000000
      1148.0   0.000001111
      1149.0   0.000000710
      1150.0   0.000001060
      1151.0   0.000005452
      1152.0   0.000003053
      1153.0   0.000005698
      1154.0   0.000003643
      1155.0   0.000000000
      1156.0   0.000000000
      1157.0   0.000000000
      1158.0   0.000000000
      1159.0   0.000007054
      1160.0   0.000004510
      1161.0   0.000000000
      1162.0   0.000000000
      1163.0   0.000000000
      1164.0   0.000000765
      1165.0   0.000003121
      1166.0   0.000001683
      1167.0   0.000000000
      1168.0   0.000000914
      1169.0   0.000005091
      1170.0   0.000007697
      1171.0   0.000003079
      1172.0   0.000000278
      1173.0   0.000000178
      1174.0   0.000002551
      1175.0   0.000001989
      1176.0   0.000000229
      1177.0   0.000006291
      1178.0   0.000004022
      1179.0   0.000001740
      1180.0   0.000001112
      1181.0   0.000000000
      1182.0   0.000000000
      1183.0   0.000003776
      1184.0   0.000002415
      1185.0   0.000006898
      1186.0   0.000004411
      1187.0   0.000000000
      1188.0   0.000000562
      1189.0   0.000001536
      1190.0   0.000002067
      1191.0   0.000001797
      1192.0   0.000000612
      1193.0   0.000000000
      1194.0   0.000001380
      1195.0   0.000000882
      1196.0   0.000003634
      1197.0   0.000002323
      1198.0   0.000004289
      1199.0   0.000007780
      1200.0   0.000003221
      1201.0   0.000001698
      1202.0   0.000004059
      1203.0   0.000003386
      1204.0   0.000000950
      1205.0   0.000005469
      1206.0   0.000003497
      1207.0   0.000000000
      1208.0   0.000000000
      1209.0   0.000000000
      1210.0   0.000000000
      1211.0   0.000000669
      1212.0   0.000000428
      1213.0   0.000002566
      1214.0   0.000001641
      1215.0   0.000000000
      1216.0   0.000002250
      1217.0   0.000003184
      1218.0   0.000007117
      1219.0   0.000006383
      1220.0   0.000010898
      1221.0   0.000009446
      1222.0   0.000002850
      1223.0   0.000000646
      1224.0   0.000000168
      1225.0   0.000002987
      1226.0   0.000001910
      1227.0   0.000004041
      1228.0   0.000002583
      1229.0   0.000000000
      1230.0   0.000001159
      1231.0   0.000002486
      1232.0   0.000001642
      1233.0   0.000001048
      1234.0   0.000000455
      1235.0   0.000000000
      1236.0   0.000000286
      1237.0   0.000001819
      1238.0   0.000001046
      1239.0   0.000000000
      1240.0   0.000000000
      1241.0   0.000000000
      1242.0   0.000000252
      1243.0   0.000002005
      1244.0   0.000007123
      1245.0   0.000003801
      1246.0   0.000000000
      1247.0   0.000005702
      1248.0   0.000006171
      1249.0   0.000003299
      1250.0   0.000005154
      1251.0   0.000002607
      1252.0   0.000000000
      1253.0   0.000001376
      1254.0   0.000004611
      1255.0   0.000006145
      1256.0   0.000006257
      1257.0   0.000002463
      1258.0   0.000004236
      1259.0   0.000002708
      1260.0   0.000000295
      1261.0   0.000002465
      1262.0   0.000001456
      1263.0   0.000000634
      1264.0   0.000001991
      1265.0   0.000004510
      1266.0   0.000002235
      1267.0   0.000001480
      1268.0   0.000006986
      1269.0   0.000003862
      1270.0   0.000001910
      1271.0   0.000002401
      1272.0   0.000004864
      1273.0   0.000006865
      1274.0   0.000002709
      1275.0   0.000000000
      1276.0   0.000000000
      1277.0   0.000002660
      1278.0   0.000005273
      1279.0   0.000002284
      1280.0   0.000000000
      1281.0   0.000000000
      1282.0   0.000001964
      1283.0   0.000001256
      1284.0   0.000000000
      1285.0   0.000002799
      1286.0   0.000001790
      1287.0   0.000001241
      1288.0   0.000003297
      1289.0   0.000006324
      1290.0   0.000003020
      1291.0   0.000006148
      1292.0   0.000007399
      1293.0   0.000003611
      1294.0   0.000000946
      1295.0   0.000002857
      1296.0   0.000001804
      1297.0   0.000001378
      1298.0   0.000002188
      1299.0   0.000002541
      1300.0   0.000001091
      1301.0   0.000006390
      1302.0   0.000004085
      1303.0   0.000003122
      1304.0   0.000005233
      1305.0   0.000009774
      1306.0   0.000004926
      1307.0   0.000000535
      1308.0   0.000001707
      1309.0   0.000000872
      1310.0   0.000000000
      1311.0   0.000000000
      1312.0   0.000002216
      1313.0   0.000004183
      1314.0   0.000006989
      1315.0   0.000003338
      1316.0   0.000000000
      1317.0   0.000001702
      1318.0   0.000001088
      1319.0   0.000000000
      1320.0   0.000002616
      1321.0   0.000002627
      1322.0   0.000003572
      1323.0   0.000006976
      1324.0   0.000004513
      1325.0   0.000005595
      1326.0   0.000006729
      1327.0   0.000002345
      1328.0   0.000002472
      1329.0   0.000006865
      1330.0   0.000003616
      1331.0   0.000000152
      1332.0   0.000002738
      1333.0   0.000001751
      1334.0   0.000003953
      1335.0   0.000005367
      1336.0   0.000001816
      1337.0   0.000000000
      1338.0   0.000000000
      1339.0   0.000000000
      1340.0   0.000000251
      1341.0   0.000000160
      1342.0   0.000000000
      1343.0   0.000000000
      1344.0   0.000001288
      1345.0   0.000006133
      1346.0   0.000003649
      1347.0   0.000000163
      1348.0   0.000000866
      1349.0   0.000000554
      1350.0   0.000003484
      1351.0   0.000003037
      1352.0   0.000000517
      1353.0   0.000003088
      1354.0   0.000001974
      1355.0   0.000000000
      1356.0   0.000000000
      1357.0   0.000000192
      1358.0   0.000005425
      1359.0   0.000003390
      1360.0   0.000000000
      1361.0   0.000004826
      1362.0   0.000003086
      1363.0   0.000000000
      1364.0   0.000000021
      1365.0   0.000000455
      1366.0   0.000000282
      1367.0   0.000000000
      1368.0   0.000003844
      1369.0   0.000003969
      1370.0   0.000001583
      1371.0   0.000000394
      1372.0   0.000000000
      1373.0   0.000000000
      1374.0   0.000000000
      1375.0   0.000000000
      1376.0   0.000000000
      1377.0   0.000000000
      1378.0   0.000000559
      1379.0   0.000001710
      1380.0   0.000002206
      1381.0   0.000000858
      1382.0   0.000003639
      1383.0   0.000003848
      1384.0   0.000007244
      1385.0   0.000008999
      1386.0   0.000005712
      1387.0   0.000001612
      1388.0   0.000007019
      1389.0   0.000007263
      1390.0   0.000004966
      1391.0   0.000002041
      1392.0   0.000002520
      1393.0   0.000001611
      1394.0   0.000000000
      1395.0   0.000001409
      1396.0   0.000001326
      1397.0   0.000000494
      1398.0   0.000000142
      1399.0   0.000000000
      1400.0   0.000000000
      1401.0   0.000000000
      1402.0   0.000000000
      1403.0   0.000000000
      1404.0   0.000000000
      1405.0   0.000000000
      1406.0   0.000006568
      1407.0   0.000008830
      1408.0   0.000002961
      1409.0   0.000005519
      1410.0   0.000003529
      1411.0   0.000000599
      1412.0   0.000005365
      1413.0   0.000004074
      1414.0   0.000000568
      1415.0   0.000008271
      1416.0   0.000008772
      1417.0   0.000002227
      1418.0   0.000000000
      1419.0   0.000000000
      1420.0   0.000000000
      1421.0   0.000000000
      1422.0   0.000002909
      1423.0   0.000001996
      1424.0   0.000000087
      1425.0   0.000000000
      1426.0   0.000001342
      1427.0   0.000000858
      1428.0   0.000000000
      1429.0   0.000000787
      1430.0   0.000000503
      1431.0   0.000000000
      1432.0   0.000004892
      1433.0   0.000003128
      1434.0   0.000001656
      1435.0   0.000001059
      1436.0   0.000000265
      1437.0   0.000001534
      1438.0   0.000000872
      1439.0   0.000000000
      1440.0   0.000000000
      1441.0   0.000000000
      1442.0   0.000002939
      1443.0   0.000001879
      1444.0   0.000000000
      1445.0   0.000007110
      1446.0   0.000009280
      1447.0   0.000003026
      1448.0   0.000000078
      1449.0   0.000001074
      1450.0   0.000005764
      1451.0   0.000004926
      1452.0   0.000009200
      1453.0   0.000008531
      1454.0   0.000003750
      1455.0   0.000001038
      1456.0   0.000000000
      1457.0   0.000000701
      1458.0   0.000007885
      1459.0   0.000010715
      1460.0   0.000003811
      1461.0   0.000000000
      1462.0   0.000001698
      1463.0   0.000001086
      1464.0   0.000001262
      1465.0   0.000000807
      1466.0   0.000001203
      1467.0   0.000000769
      1468.0   0.000000000
      1469.0   0.000000232
      1470.0   0.000003914
      1471.0   0.000002771
      1472.0   0.000000232
      1473.0   0.000002928
      1474.0   0.000001872
      1475.0   0.000002023
      1476.0   0.000005789
      1477.0   0.000003681
      1478.0   0.000000516
      1479.0   0.000006621
      1480.0   0.000005311
      1481.0   0.000000689
      1482.0   0.000000000
      1483.0   0.000000803
      1484.0   0.000000513
      1485.0   0.000000000
      1486.0   0.000004559
      1487.0   0.000005533
      1488.0   0.000007997
      1489.0   0.000008533
      1490.0   0.000004985
      1491.0   0.000001352
      1492.0   0.000000034
      1493.0   0.000005672
      1494.0   0.000007982
      1495.0   0.000008287
      1496.0   0.000006441
      1497.0   0.000001873
      1498.0   0.000000000
      1499.0   0.000004167
      1500.0   0.000005161
      1501.0   0.000001597
      1502.0   0.000001115
      1503.0   0.000005043
      1504.0   0.000002768
      1505.0   0.000003454
      1506.0   0.000007618
      1507.0   0.000003459
      1508.0   0.000000000
      1509.0   0.000005009
      1510.0   0.000003202
      1511.0   0.000000000
      1512.0   0.000003319
      1513.0   0.000004973
      1514.0   0.000004832
      1515.0   0.000003189
      1516.0   0.000003211
      1517.0   0.000005688
      1518.0   0.000006586
      1519.0   0.000008297
      1520.0   0.000003698
      1521.0   0.000001821
      1522.0   0.000001165
      1523.0   0.000000000
      1524.0   0.000001184
      1525.0   0.000007088
      1526.0   0.000004048
      1527.0   0.000002079
      1528.0   0.000002284
      1529.0   0.000000611
      1530.0   0.000005874
      1531.0   0.000007636
      1532.0   0.000005833
      1533.0   0.000002143
      1534.0   0.000000000
      1535.0   0.000002644
      1536.0   0.000004830
      1537.0   0.000004837
      1538.0   0.000006222
      1539.0   0.000004982
      1540.0   0.000006910
      1541.0   0.000003535
      1542.0   0.000001802
      1543.0   0.000001873
      1544.0   0.000009219
      1545.0   0.000013308
      1546.0   0.000014439
      1547.0   0.000014316
      1548.0   0.000017273
      1549.0   0.000008300
      1550.0   0.000004330
      1551.0   0.000009518
      1552.0   0.000007636
      1553.0   0.000005194
      1554.0   0.000012253
      1555.0   0.000009893
      1556.0   0.000002964
      1557.0   0.000007432
      1558.0   0.000011203
      1559.0   0.000009594
      1560.0   0.000005053
      1561.0   0.000010519
      1562.0   0.000016396
      1563.0   0.000014571
      1564.0   0.000015032
      1565.0   0.000017795
      1566.0   0.000018233
      1567.0   0.000016876
      1568.0   0.000018846
      1569.0   0.000019896
      1570.0   0.000020965
      1571.0   0.000024672
      1572.0   0.000025045
      1573.0   0.000026499
      1574.0   0.000028554
      1575.0   0.000029714
      1576.0   0.000027069
      1577.0   0.000036671
      1578.0   0.000041498
      1579.0   0.000037781
      1580.0   0.000040383
      1581.0   0.000049612
      1582.0   0.000058103
      1583.0   0.000063905
      1584.0   0.000065030
      1585.0   0.000073478
      1586.0   0.000083983
      1587.0   0.000086387
      1588.0   0.000096096
      1589.0   0.000110156
      1590.0   0.000116851
      1591.0   0.000125372
      1592.0   0.000148260
      1593.0   0.000166445
      1594.0   0.000193455
      1595.0   0.000220343
      1596.0   0.000244171
      1597.0   0.000284101
      1598.0   0.000326696
      1599.0   0.000366333
      1600.0   0.000425134
      1601.0   0.000494616
      1602.0   0.000577953
      1603.0   0.000678537
      1604.0   0.000794647
      1605.0   0.000934310
      1606.0   0.001111820
      1607.0   0.001335600
      1608.0   0.001604120
      1609.0   0.001926660
      1610.0   0.002332560
      1611.0   0.002851990
      1612.0   0.003541260
      1613.0   0.004455270
      1614.0   0.005564030
      1615.0   0.007045330
      1616.0   0.009063470
      1617.0   0.011732000
      1618.0   0.015459700
      1619.0   0.020701500
      1620.0   0.027719000
      1621.0   0.037498198
      1622.0   0.048786100
      1623.0   0.061317299
      1624.0   0.078905903
      1625.0   0.104275003
      1626.0   0.139045998
      1627.0   0.185849994
      1628.0   0.248468995
      1629.0   0.325645000
      1630.0   0.415235013
      1631.0   0.504815996
      1632.0   0.580541015
      1633.0   0.633693993
      1634.0   0.662752986
      1635.0   0.674538016
      1636.0   0.678160012
      1637.0   0.678951979
      1638.0   0.678653002
      1639.0   0.678174973
      1640.0   0.677765012
      1641.0   0.676862001
      1642.0   0.674574971
      1643.0   0.670282006
      1644.0   0.663621008
      1645.0   0.655273020
      1646.0   0.645739019
      1647.0   0.635227025
      1648.0   0.623504996
      1649.0   0.609145999
      1650.0   0.589101017
      1651.0   0.559360027
      1652.0   0.512603998
      1653.0   0.449016988
      1654.0   0.378077000
      1655.0   0.308028996
      1656.0   0.241254002
      1657.0   0.184458002
      1658.0   0.141305998
      1659.0   0.109079003
      1660.0   0.084625497
      1661.0   0.067207702
      1662.0   0.053997200
      1663.0   0.041331101
      1664.0   0.030831801
      1665.0   0.023301000
      1666.0   0.017716501
      1667.0   0.013637600
      1668.0   0.010682300
      1669.0   0.008384660
      1670.0   0.006623000
      1671.0   0.005340150
      1672.0   0.004324660
      1673.0   0.003513390
      1674.0   0.002893110
      1675.0   0.002379870
      1676.0   0.001959890
      1677.0   0.001638740
      1678.0   0.001379100
      1679.0   0.001157770
      1680.0   0.000977356
      1681.0   0.000834003
      1682.0   0.000713972
      1683.0   0.000610367
      1684.0   0.000521894
      1685.0   0.000450782
      1686.0   0.000393373
      1687.0   0.000339409
      1688.0   0.000292998
      1689.0   0.000260614
      1690.0   0.000232751
      1691.0   0.000203484
      1692.0   0.000175340
      1693.0   0.000155566
      1694.0   0.000138852
      1695.0   0.000126489
      1696.0   0.000112567
      1697.0   0.000098732
      1698.0   0.000088984
      1699.0   0.000085190
      1700.0   0.000080965
      1701.0   0.000067998
      1702.0   0.000062380
      1703.0   0.000061291
      1704.0   0.000054477
      1705.0   0.000046170
      1706.0   0.000048549
      1707.0   0.000039631
      1708.0   0.000037686
      1709.0   0.000035164
      1710.0   0.000034502
      1711.0   0.000035834
      1712.0   0.000031405
      1713.0   0.000027876
      1714.0   0.000026567
      1715.0   0.000024907
      1716.0   0.000020305
      1717.0   0.000015304
      1718.0   0.000015417
      1719.0   0.000017811
      1720.0   0.000015572
      1721.0   0.000012906
      1722.0   0.000013272
      1723.0   0.000006549
      1724.0   0.000010842
      1725.0   0.000017573
      1726.0   0.000009764
      1727.0   0.000008161
      1728.0   0.000011326
      1729.0   0.000007838
      1730.0   0.000006374
      1731.0   0.000004488
      1732.0   0.000004447
      1733.0   0.000002133
      1734.0   0.000000000
      1735.0   0.000005315
      1736.0   0.000006649
      1737.0   0.000002078
      1738.0   0.000002286
      1739.0   0.000007158
      1740.0   0.000005745
      1741.0   0.000001345
      1742.0   0.000004434
      1743.0   0.000005450
      1744.0   0.000001672
      1745.0   0.000000000
      1746.0   0.000000000
      1747.0   0.000000000
      1748.0   0.000003380
      1749.0   0.000002845
      1750.0   0.000000437
      1751.0   0.000000000
      1752.0   0.000005917
      1753.0   0.000008136
      1754.0   0.000002783
      1755.0   0.000000000
      1756.0   0.000001659
      1757.0   0.000004405
      1758.0   0.000005648
      1759.0   0.000002244
      1760.0   0.000000000
      1761.0   0.000002438
      1762.0   0.000001559
      1763.0   0.000000000
      1764.0   0.000000539
      1765.0   0.000000344
      1766.0   0.000002339
      1767.0   0.000002503
      1768.0   0.000004972
      1769.0   0.000005100
      1770.0   0.000001492
      1771.0   0.000000000
      1772.0   0.000001519
      1773.0   0.000000971
      1774.0   0.000003131
      1775.0   0.000002002
      1776.0   0.000001808
      1777.0   0.000005574
      1778.0   0.000004310
      1779.0   0.000000950
      1780.0   0.000008597
      1781.0   0.000008822
      1782.0   0.000002126
      1783.0   0.000000000
      1784.0   0.000000000
      1785.0   0.000002064
      1786.0   0.000003238
      1787.0   0.000003089
      1788.0   0.000001191
      1789.0   0.000000000
      1790.0   0.000003171
      1791.0   0.000002028
      1792.0   0.000003433
      1793.0   0.000003854
      1794.0   0.000001061
      1795.0   0.000000000
      1796.0   0.000000351
      1797.0   0.000000225
      1798.0   0.000000000
      1799.0   0.000000000
      1800.0   0.000000000
      1801.0   0.000000000
      1802.0   0.000000000
      1803.0   0.000000000
      1804.0   0.000003402
      1805.0   0.000002718
      1806.0   0.000001139
      1807.0   0.000001422
      1808.0   0.000000586
      1809.0   0.000000000
      1810.0   0.000005845
      1811.0   0.000006364
      1812.0   0.000004821
      1813.0   0.000002009
      1814.0   0.000000000
      1815.0   0.000003184
      1816.0   0.000002036
      1817.0   0.000004942
      1818.0   0.000003353
      1819.0   0.000000123
      1820.0   0.000000000
      1821.0   0.000005528
      1822.0   0.000006117
      1823.0   0.000005074
      1824.0   0.000002188
      1825.0   0.000000000
      1826.0   0.000004798
      1827.0   0.000003068
      1828.0   0.000000000
      1829.0   0.000000000
      1830.0   0.000000000
      1831.0   0.000000952
      1832.0   0.000000609
      1833.0   0.000003563
      1834.0   0.000004161
      1835.0   0.000001204
      1836.0   0.000001463
      1837.0   0.000002237
      1838.0   0.000002660
      1839.0   0.000001357
      1840.0   0.000000890
      1841.0   0.000000679
      1842.0   0.000003491
      1843.0   0.000002156
      1844.0   0.000000000
      1845.0   0.000000000
      1846.0   0.000000904
      1847.0   0.000000578
      1848.0   0.000001811
      1849.0   0.000003911
      1850.0   0.000004688
      1851.0   0.000002468
      1852.0   0.000003741
      1853.0   0.000002149
      1854.0   0.000000000
      1855.0   0.000000000
      1856.0   0.000000000
      1857.0   0.000000000
      1858.0   0.000002253
      1859.0   0.000002330
      1860.0   0.000000569
      1861.0   0.000000000
      1862.0   0.000000000
      1863.0   0.000000000
      1864.0   0.000004196
      1865.0   0.000002683
      1866.0   0.000000000
      1867.0   0.000000984
      1868.0   0.000000713
      1869.0   0.000006178
      1870.0   0.000003916
      1871.0   0.000000000
      1872.0   0.000000735
      1873.0   0.000006185
      1874.0   0.000003654
      1875.0   0.000000000
      1876.0   0.000000000
      1877.0   0.000000000
      1878.0   0.000000000
      1879.0   0.000000000
      1880.0   0.000004211
      1881.0   0.000002693
      1882.0   0.000000000
      1883.0   0.000000000
      1884.0   0.000000000
      1885.0   0.000000000
      1886.0   0.000000000
      1887.0   0.000003183
      1888.0   0.000002117
      1889.0   0.000000053
      1890.0   0.000000000
      1891.0   0.000001723
      1892.0   0.000001102
      1893.0   0.000000593
      1894.0   0.000000379
      1895.0   0.000000228
      1896.0   0.000002383
      1897.0   0.000001431
      1898.0   0.000000000
      1899.0   0.000000613
      1900.0   0.000000397
      1901.0   0.000000003
      1902.0   0.000004986
      1903.0   0.000005467
      1904.0   0.000001457
      1905.0   0.000001911
      1906.0   0.000004612
      1907.0   0.000003028
      1908.0   0.000000550
      1909.0   0.000002089
      1910.0   0.000002705
      1911.0   0.000000985
      1912.0   0.000000070
      1913.0   0.000000000
      1914.0   0.000000000
      1915.0   0.000000000
      1916.0   0.000002491
      1917.0   0.000002229
      1918.0   0.000000407
      1919.0   0.000001213
      1920.0   0.000000776
      1921.0   0.000000112
      1922.0   0.000002696
      1923.0   0.000001678
      1924.0   0.000003204
      1925.0   0.000006917
      1926.0   0.000003113
      1927.0   0.000000000
      1928.0   0.000003580
      1929.0   0.000007302
      1930.0   0.000005539
      1931.0   0.000006484
      1932.0   0.000003192
      1933.0   0.000000000
      1934.0   0.000000000
      1935.0   0.000002017
      1936.0   0.000005411
      1937.0   0.000011559
      1938.0   0.000005706
      1939.0   0.000001964
      1940.0   0.000001256
      1941.0   0.000000000
      1942.0   0.000000000
      1943.0   0.000001497
      1944.0   0.000000957
      1945.0   0.000000000
      1946.0   0.000000000
      1947.0   0.000002485
      1948.0   0.000004407
      1949.0   0.000006745
      1950.0   0.000003335
      1951.0   0.000001063
      1952.0   0.000000608
      1953.0   0.000000000
      1954.0   0.000000000
      1955.0   0.000000000
      1956.0   0.000000000
      1957.0   0.000000311
      1958.0   0.000005112
      1959.0   0.000003141
      1960.0   0.000001042
      1961.0   0.000000666
      1962.0   0.000000815
      1963.0   0.000000521
      1964.0   0.000002468
      1965.0   0.000001578
      1966.0   0.000005311
      1967.0   0.000006044
      1968.0   0.000001693
      1969.0   0.000001904
      1970.0   0.000001217
      1971.0   0.000001109
      1972.0   0.000001266
      1973.0   0.000002301
      1974.0   0.000001244
      1975.0   0.000000455
      1976.0   0.000000955
      1977.0   0.000000425
      1978.0   0.000000637
      1979.0   0.000000408
      1980.0   0.000001101
      1981.0   0.000002664
      1982.0   0.000001253
      1983.0   0.000000000
      1984.0   0.000000000
      1985.0   0.000000000
      1986.0   0.000005466
      1987.0   0.000004176
      1988.0   0.000005315
      1989.0   0.000003120
      1990.0   0.000006155
      1991.0   0.000003936
      1992.0   0.000004123
      1993.0   0.000005704
      1994.0   0.000001961
      1995.0   0.000003457
      1996.0   0.000003606
      1997.0   0.000000892
      1998.0   0.000000000
      1999.0   0.000002490
      2000.0   0.000002269
      2001.0   0.000000433
      2002.0   0.000002416
      2003.0   0.000001545
      2004.0   0.000000000
      2005.0   0.000000000
      2006.0   0.000002781
      2007.0   0.000002021
      2008.0   0.000000155
      2009.0   0.000000000
      2010.0   0.000000000
      2011.0   0.000001571
      2012.0   0.000001005
      2013.0   0.000001080
      2014.0   0.000000691
      2015.0   0.000000000
      2016.0   0.000000000
      2017.0   0.000005311
      2018.0   0.000003396
      2019.0   0.000000000
      2020.0   0.000000928
      2021.0   0.000000593
      2022.0   0.000000000
      2023.0   0.000003611
      2024.0   0.000002691
      2025.0   0.000000244
      2026.0   0.000002671
      2027.0   0.000002280
      2028.0   0.000000366
      2029.0   0.000000000
      2030.0   0.000000000
      2031.0   0.000001207
      2032.0   0.000005935
      2033.0   0.000005805
      2034.0   0.000001601
      2035.0   0.000001226
      2036.0   0.000000784
      2037.0   0.000000000
      2038.0   0.000002865
      2039.0   0.000002257
      2040.0   0.000000822
      2041.0   0.000000351
      2042.0   0.000000000
      2043.0   0.000000000
      2044.0   0.000001637
      2045.0   0.000001171
      2046.0   0.000006366
      2047.0   0.000004019
      2048.0   0.000000284
      2049.0   0.000000181
      2050.0   0.000002468
      2051.0   0.000003264
      2052.0   0.000003433
      2053.0   0.000001505
      2054.0   0.000000000
      2055.0   0.000001545
      2056.0   0.000008177
      2057.0   0.000004595
      2058.0   0.000001679
      2059.0   0.000001073
      2060.0   0.000000000
      2061.0   0.000001415
      2062.0   0.000000904
      2063.0   0.000000000
      2064.0   0.000002415
      2065.0   0.000005552
      2066.0   0.000003747
      2067.0   0.000000758
      2068.0   0.000002686
      2069.0   0.000001716
      2070.0   0.000005381
      2071.0   0.000005359
      2072.0   0.000003234
      2073.0   0.000001282
      2074.0   0.000000000
      2075.0   0.000000000
      2076.0   0.000000000
      2077.0   0.000000000
      2078.0   0.000000000
      2079.0   0.000000865
      2080.0   0.000000553
      2081.0   0.000000000
      2082.0   0.000000000
      2083.0   0.000000745
      2084.0   0.000000948
      2085.0   0.000005513
      2086.0   0.000003331
      2087.0   0.000000000
      2088.0   0.000000000
      2089.0   0.000000000
      2090.0   0.000000000
      2091.0   0.000003546
      2092.0   0.000002266
      2093.0   0.000004112
      2094.0   0.000008729
      2095.0   0.000003899
      2096.0   0.000002739
      2097.0   0.000001750
      2098.0   0.000000000
      2099.0   0.000000000
      2100.0   0.000006093
      2101.0   0.000003894
      2102.0   0.000000000
      2103.0   0.000000497
      2104.0   0.000000317
      2105.0   0.000005747
      2106.0   0.000003673
      2107.0   0.000000338
      2108.0   0.000000216
      2109.0   0.000000000
      2110.0   0.000000000
      2111.0   0.000001954
      2112.0   0.000005763
      2113.0   0.000002885
      2114.0   0.000007296
      2115.0   0.000005887
      2116.0   0.000001159
      2117.0   0.000000240
      2118.0   0.000000734
      2119.0   0.000001077
      2120.0   0.000000389
      2121.0   0.000000000
      2122.0   0.000000000
      2123.0   0.000004200
      2124.0   0.000003795
      2125.0   0.000000710
      2126.0   0.000003192
      2127.0   0.000002990
      2128.0   0.000000607
      2129.0   0.000000127
      2130.0   0.000000081
      2131.0   0.000000000
      2132.0   0.000000000
      2133.0   0.000000000
      2134.0   0.000000000
      2135.0   0.000005388
      2136.0   0.000003443
      2137.0   0.000000000
      2138.0   0.000000564
      2139.0   0.000000360
      2140.0   0.000000694
      2141.0   0.000003028
      2142.0   0.000001939
      2143.0   0.000000476
      2144.0   0.000004130
      2145.0   0.000005528
      2146.0   0.000001922
      2147.0   0.000001961
      2148.0   0.000001253
      2149.0   0.000000000
      2150.0   0.000002079
      2151.0   0.000001328
      2152.0   0.000004340
      2153.0   0.000002773
      2154.0   0.000003982
      2155.0   0.000002544
      2156.0   0.000000000
      2157.0   0.000000095
      2158.0   0.000003243
      2159.0   0.000002034
      2160.0   0.000000000
      2161.0   0.000000000
      2162.0   0.000003272
      2163.0   0.000004454
      2164.0   0.000001510
      2165.0   0.000000000
      2166.0   0.000000967
      2167.0   0.000004971
      2168.0   0.000002782
      2169.0   0.000000000
      2170.0   0.000003756
      2171.0   0.000002887
      2172.0   0.000000311
      2173.0   0.000001086
      2174.0   0.000000694
      2175.0   0.000000000
      2176.0   0.000005758
      2177.0   0.000003946
      2178.0   0.000003023
      2179.0   0.000001823
      2180.0   0.000000000
      2181.0   0.000000000
      2182.0   0.000000000
      2183.0   0.000000628
      2184.0   0.000000563
      2185.0   0.000006236
      2186.0   0.000003919
      2187.0   0.000002392
      2188.0   0.000003098
      2189.0   0.000001003
      2190.0   0.000000000
      2191.0   0.000003888
      2192.0   0.000004509
      2193.0   0.000008206
      2194.0   0.000004417
      2195.0   0.000004481
      2196.0   0.000003100
      2197.0   0.000000151
      2198.0   0.000001643
      2199.0   0.000001416
      2200.0   0.000004482
      2201.0   0.000006732
      2202.0   0.000006894
      2203.0   0.000002765
      2204.0   0.000000000
      2205.0   0.000000000
      2206.0   0.000000000
      2207.0   0.000000000
      2208.0   0.000000492
      2209.0   0.000000315
      2210.0   0.000000000
      2211.0   0.000000000
      2212.0   0.000000000
      2213.0   0.000000000
      2214.0   0.000000000
      2215.0   0.000000000
      2216.0   0.000001904
      2217.0   0.000001217
      2218.0   0.000000000
      2219.0   0.000000000
      2220.0   0.000001003
      2221.0   0.000005351
      2222.0   0.000006573
      2223.0   0.000002848
      2224.0   0.000000365
      2225.0   0.000003586
      2226.0   0.000002292
      2227.0   0.000001782
      2228.0   0.000001139
      2229.0   0.000003412
      2230.0   0.000002181
      2231.0   0.000000000
      2232.0   0.000001663
      2233.0   0.000001175
      2234.0   0.000002488
      2235.0   0.000001544
      2236.0   0.000000000
      2237.0   0.000002013
      2238.0   0.000001286
      2239.0   0.000000000
      2240.0   0.000000000
      2241.0   0.000000000
      2242.0   0.000002280
      2243.0   0.000008054
      2244.0   0.000004216
      2245.0   0.000000000
      2246.0   0.000000000
      2247.0   0.000006507
      2248.0   0.000004158
      2249.0   0.000000000
      2250.0   0.000000000
      2251.0   0.000003428
      2252.0   0.000007326
      2253.0   0.000003282
      2254.0   0.000004873
      2255.0   0.000005877
      2256.0   0.000001766
      2257.0   0.000000000
      2258.0   0.000000000
      2259.0   0.000002151
      2260.0   0.000004142
      2261.0   0.000001769
      2262.0   0.000000000
      2263.0   0.000000000
      2264.0   0.000000000
      2265.0   0.000002531
      2266.0   0.000003045
      2267.0   0.000001644
      2268.0   0.000003705
      2269.0   0.000004820
      2270.0   0.000004894
      2271.0   0.000002004
      2272.0   0.000000000
      2273.0   0.000000000
      2274.0   0.000000000
      2275.0   0.000001515
      2276.0   0.000002455
      2277.0   0.000000951
      2278.0   0.000005104
      2279.0   0.000003262
      2280.0   0.000003335
      2281.0   0.000002131
      2282.0   0.000005865
      2283.0   0.000003748
      2284.0   0.000000000
      2285.0   0.000000000
      2286.0   0.000004509
      2287.0   0.000004301
      2288.0   0.000000907
      2289.0   0.000000000
      2290.0   0.000004920
      2291.0   0.000003144
      2292.0   0.000001657
      2293.0   0.000001059
      2294.0   0.000000000
      2295.0   0.000003328
      2296.0   0.000003975
      2297.0   0.000001181
      2298.0   0.000001156
      2299.0   0.000000739
      2300.0   0.000000000
      2301.0   0.000000000
      2302.0   0.000003386
      2303.0   0.000002754
      2304.0   0.000002196
      2305.0   0.000004782
      2306.0   0.000004137
      2307.0   0.000002135
      2308.0   0.000000620
      2309.0   0.000005588
      2310.0   0.000003571
      2311.0   0.000000746
      2312.0   0.000000477
      2313.0   0.000001841
      2314.0   0.000005987
      2315.0   0.000003074
      2316.0   0.000002083
      2317.0   0.000001331
      2318.0   0.000000000
      2319.0   0.000004096
      2320.0   0.000002618
      2321.0   0.000000000
      2322.0   0.000000000
      2323.0   0.000000511
      2324.0   0.000000326
      2325.0   0.000000000
      2326.0   0.000005185
      2327.0   0.000003314
      2328.0   0.000003384
      2329.0   0.000004665
      2330.0   0.000003875
      2331.0   0.000001454
      2332.0   0.000004646
      2333.0   0.000004709
      2334.0   0.000001112
      2335.0   0.000000000
      2336.0   0.000006127
      2337.0   0.000005209
      2338.0   0.000001278
      2339.0   0.000000289
      2340.0   0.000000000
      2341.0   0.000000321
      2342.0   0.000000741
      2343.0   0.000000343
      2344.0   0.000000000
      2345.0   0.000000000
      2346.0   0.000001536
      2347.0   0.000010698
      2348.0   0.000007160
      2349.0   0.000000607
      2350.0   0.000000000
      2351.0   0.000000291
      2352.0   0.000000186
      2353.0   0.000000000
      2354.0   0.000003090
      2355.0   0.000001975
      2356.0   0.000000000
      2357.0   0.000000000
      2358.0   0.000001161
      2359.0   0.000000742
      2360.0   0.000000000
      2361.0   0.000000000
      2362.0   0.000000000
      2363.0   0.000000000
      2364.0   0.000000000
      2365.0   0.000000000
      2366.0   0.000000000
      2367.0   0.000003784
      2368.0   0.000004328
      2369.0   0.000001484
      2370.0   0.000000168
      2371.0   0.000000918
      2372.0   0.000000587
      2373.0   0.000002627
      2374.0   0.000001679
      2375.0   0.000000000
      2376.0   0.000002301
      2377.0   0.000001471
      2378.0   0.000000000
      2379.0   0.000001119
      2380.0   0.000002831
      2381.0   0.000001353
      2382.0   0.000000000
      2383.0   0.000005454
      2384.0   0.000003486
      2385.0   0.000000000
      2386.0   0.000000000
      2387.0   0.000003359
      2388.0   0.000002147
      2389.0   0.000000000
      2390.0   0.000002095
      2391.0   0.000004025
      2392.0   0.000001716
      2393.0   0.000002199
      2394.0   0.000001405
      2395.0   0.000005032
      2396.0   0.000003216
      2397.0   0.000002549
      2398.0   0.000004120
      2399.0   0.000001592
      2400.0   0.000000000
      2401.0   0.000002913
      2402.0   0.000006616
      2403.0   0.000003038
      2404.0   0.000002958
      2405.0   0.000004912
      2406.0   0.000004906
      2407.0   0.000001901
      2408.0   0.000000000
      2409.0   0.000007028
      2410.0   0.000005330
      2411.0   0.000000536
      2412.0   0.000000000
      2413.0   0.000000536
      2414.0   0.000001809
      2415.0   0.000003895
      2416.0   0.000001890
      2417.0   0.000001507
      2418.0   0.000000963
      2419.0   0.000000000
      2420.0   0.000000000
      2421.0   0.000001972
      2422.0   0.000001260
      2423.0   0.000000000
      2424.0   0.000000000
      2425.0   0.000001788
      2426.0   0.000002321
      2427.0   0.000001391
      2428.0   0.000001815
      2429.0   0.000000899
      2430.0   0.000000000
      2431.0   0.000000000
      2432.0   0.000000000
      2433.0   0.000001769
      2434.0   0.000001131
      2435.0   0.000000000
      2436.0   0.000002570
      2437.0   0.000003463
      2438.0   0.000003072
      2439.0   0.000008543
      2440.0   0.000009697
      2441.0   0.000003206
      2442.0   0.000000000
      2443.0   0.000000000
      2444.0   0.000000000
      2445.0   0.000000000
      2446.0   0.000000000
      2447.0   0.000001719
      2448.0   0.000002742
      2449.0   0.000003451
      2450.0   0.000004634
      2451.0   0.000001981
      2452.0   0.000000139
      2453.0   0.000000089
      2454.0   0.000000000
      2455.0   0.000000000
      2456.0   0.000000000
      2457.0   0.000000000
      2458.0   0.000000000
      2459.0   0.000000000
      2460.0   0.000000000
      2461.0   0.000000000
      2462.0   0.000002057
      2463.0   0.000001521
      2464.0   0.000000132
      2465.0   0.000000000
      2466.0   0.000000000
      2467.0   0.000005223
      2468.0   0.000005091
      2469.0   0.000005121
      2470.0   0.000005898
      2471.0   0.000002135
      2472.0   0.000000000
      2473.0   0.000006102
      2474.0   0.000003899
      2475.0   0.000002623
      2476.0   0.000002280
      2477.0   0.000000386
      2478.0   0.000004386
      2479.0   0.000005087
      2480.0   0.000004423
      2481.0   0.000001894
      2482.0   0.000000000
      2483.0   0.000003631
      2484.0   0.000005204
      2485.0   0.000002807
      2486.0   0.000000616
      2487.0   0.000000000
      2488.0   0.000000000
      2489.0   0.000001108
      2490.0   0.000006292
      2491.0   0.000003569
      2492.0   0.000000116
      2493.0   0.000004455
      2494.0   0.000004960
      2495.0   0.000001381
      2496.0   0.000000000
      2497.0   0.000005623
      2498.0   0.000004024
      2499.0   0.000008112
      2500.0   0.000005008
      2501.0   0.000000000
      2502.0   0.000003832
      2503.0   0.000005064
      2504.0   0.000001671
      2505.0   0.000002524
      2506.0   0.000002531
      2507.0   0.000000587
      2508.0   0.000000000
      2509.0   0.000000000
      2510.0   0.000001331
      2511.0   0.000003080
      2512.0   0.000001425
      2513.0   0.000003349
      2514.0   0.000008492
      2515.0   0.000004059
      2516.0   0.000001602
      2517.0   0.000004612
      2518.0   0.000005901
      2519.0   0.000003811
      2520.0   0.000002690
      2521.0   0.000004566
      2522.0   0.000002212
      2523.0   0.000000000
      2524.0   0.000000000
      2525.0   0.000002833
      2526.0   0.000001810
      2527.0   0.000005001
      2528.0   0.000003976
      2529.0   0.000000866
      2530.0   0.000001658
      2531.0   0.000000910
      2532.0   0.000000000
      2533.0   0.000006229
      2534.0   0.000003981
      2535.0   0.000007770
      2536.0   0.000004966
      2537.0   0.000000000
      2538.0   0.000000000
      2539.0   0.000001590
      2540.0   0.000001016
      2541.0   0.000000000
      2542.0   0.000000678
      2543.0   0.000000433
      2544.0   0.000000000
      2545.0   0.000000000
      2546.0   0.000000000
      2547.0   0.000001850
      2548.0   0.000001182
      2549.0   0.000000000
      2550.0   0.000003131
      2551.0   0.000007578
      2552.0   0.000004368
      2553.0   0.000006251
      2554.0   0.000003667
      2555.0   0.000000000
      2556.0   0.000005322
      2557.0   0.000005429
      2558.0   0.000001296
      2559.0   0.000000000
      2560.0   0.000000000
      2561.0   0.000002511
      2562.0   0.000001605
      2563.0   0.000004799
      2564.0   0.000004048
      2565.0   0.000004920
      2566.0   0.000002743
      2567.0   0.000000000
      2568.0   0.000000000
      2569.0   0.000000000
      2570.0   0.000016206
      2571.0   0.000018736
      2572.0   0.000005355
      2573.0   0.000000000
      2574.0   0.000013701
      2575.0   0.000008756
      2576.0   0.000006191
      2577.0   0.000003957
      2578.0   0.000006368
      2579.0   0.000004070
      2580.0   0.000004138
      2581.0   0.000002644
      2582.0   0.000022021
      2583.0   0.000014073
      2584.0   0.000000514
      2585.0   0.000007088
      2586.0   0.000004319
      2587.0   0.000004068
      2588.0   0.000002600
      2589.0   0.000000000
      2590.0   0.000000000
      2591.0   0.000000756
      2592.0   0.000007867
      2593.0   0.000015957
      2594.0   0.000007182
      2595.0   0.000000000
      2596.0   0.000000231
      2597.0   0.000003687
      2598.0   0.000011832
      2599.0   0.000017677
      2600.0   0.000007388
      2601.0   0.000000000
      2602.0   0.000000506
      2603.0   0.000000324
      2604.0   0.000000000
      2605.0   0.000000917
      2606.0   0.000002527
      2607.0   0.000009963
      2608.0   0.000005575
      2609.0   0.000002537
      2610.0   0.000006931
      2611.0   0.000014250
      2612.0   0.000006938
      2613.0   0.000000276
      2614.0   0.000007921
      2615.0   0.000006356
      2616.0   0.000007481
      2617.0   0.000005601
      2618.0   0.000000891
      2619.0   0.000005925
      2620.0   0.000012111
      2621.0   0.000005319
      2622.0   0.000000000
      2623.0   0.000000000
      2624.0   0.000000000
      2625.0   0.000003530
      2626.0   0.000004688
      2627.0   0.000004091
      2628.0   0.000001621
      2629.0   0.000003814
      2630.0   0.000009311
      2631.0   0.000010827
      2632.0   0.000010005
      2633.0   0.000007336
      2634.0   0.000002282
      2635.0   0.000013682
      2636.0   0.000012940
      2637.0   0.000007705
      2638.0   0.000008296
      2639.0   0.000023516
      2640.0   0.000027662
      2641.0   0.000018028
      2642.0   0.000023881
      2643.0   0.000018803
      2644.0   0.000006018
      2645.0   0.000002052
      2646.0   0.000004046
      2647.0   0.000002140
      2648.0   0.000005592
      2649.0   0.000003574
      2650.0   0.000014061
      2651.0   0.000008986
      2652.0   0.000000000
      2653.0   0.000000000
      2654.0   0.000000000
      2655.0   0.000000000
      2656.0   0.000000000
      2657.0   0.000000000
      2658.0   0.000000000
      2659.0   0.000000000
      2660.0   0.000000000
      2661.0   0.000000000
      2662.0   0.000000000
      2663.0   0.000000000
      2664.0   0.000000000
      2665.0   0.000000000
      2666.0   0.000000000
      2667.0   0.000000000
      2668.0   0.000000000
      2669.0   0.000000000
      2670.0   0.000000000
      2671.0   0.000000000
      2672.0   0.000000000
      2673.0   0.000000000
      2674.0   0.000000000
      2675.0   0.000000000
      2676.0   0.000000000
      2677.0   0.000000000
      2678.0   0.000000000
      2679.0   0.000000000
      2680.0   0.000000000
      2681.0   0.000000000
      2682.0   0.000000000
      2683.0   0.000000000
      2684.0   0.000000000
      2685.0   0.000000000
      2686.0   0.000000000
      2687.0   0.000000000
      2688.0   0.000000000
      2689.0   0.000000000
      2690.0   0.000000000
      2691.0   0.000000000
      2692.0   0.000000000
      2693.0   0.000000000
      2694.0   0.000000000
      2695.0   0.000000000
      2696.0   0.000000000
      2697.0   0.000000000
      2698.0   0.000000000
      2699.0   0.000000000
      2700.0   0.000000000
