#                                                          
# SPHERE/IRDIS DB D_Y23 filters transmission               
#                                                          
# Updated with final values on 2015-04-16 by Arthur Vigan  
# For any information, please contact <arthur.vigan@lam.fr>
#                                                          
# wavelength   D_Y2          D_Y3                          
#                                                          
       400.0   0.000000616   0.000000160
       401.0   0.000000347   0.000000098
       402.0   0.000000235   0.000000074
       403.0   0.000000247   0.000000100
       404.0   0.000000253   0.000000127
       405.0   0.000000254   0.000000115
       406.0   0.000000257   0.000000096
       407.0   0.000000261   0.000000120
       408.0   0.000000264   0.000000146
       409.0   0.000000263   0.000000118
       410.0   0.000000260   0.000000066
       411.0   0.000000256   0.000000038
       412.0   0.000000255   0.000000037
       413.0   0.000000258   0.000000059
       414.0   0.000000263   0.000000111
       415.0   0.000000262   0.000000181
       416.0   0.000000252   0.000000227
       417.0   0.000000238   0.000000233
       418.0   0.000000231   0.000000230
       419.0   0.000000238   0.000000243
       420.0   0.000000252   0.000000263
       421.0   0.000000259   0.000000273
       422.0   0.000000245   0.000000272
       423.0   0.000000218   0.000000271
       424.0   0.000000198   0.000000276
       425.0   0.000000199   0.000000284
       426.0   0.000000222   0.000000289
       427.0   0.000000249   0.000000288
       428.0   0.000000250   0.000000283
       429.0   0.000000217   0.000000277
       430.0   0.000000172   0.000000274
       431.0   0.000000140   0.000000276
       432.0   0.000000131   0.000000282
       433.0   0.000000144   0.000000287
       434.0   0.000000179   0.000000283
       435.0   0.000000226   0.000000269
       436.0   0.000000266   0.000000254
       437.0   0.000000283   0.000000250
       438.0   0.000000281   0.000000260
       439.0   0.000000277   0.000000275
       440.0   0.000000281   0.000000277
       441.0   0.000000287   0.000000256
       442.0   0.000000282   0.000000223
       443.0   0.000000262   0.000000198
       444.0   0.000000237   0.000000195
       445.0   0.000000220   0.000000215
       446.0   0.000000220   0.000000247
       447.0   0.000000238   0.000000261
       448.0   0.000000266   0.000000237
       449.0   0.000000287   0.000000188
       450.0   0.000000287   0.000000146
       451.0   0.000000265   0.000000124
       452.0   0.000000238   0.000000123
       453.0   0.000000220   0.000000141
       454.0   0.000000216   0.000000178
       455.0   0.000000226   0.000000228
       456.0   0.000000246   0.000000271
       457.0   0.000000270   0.000000290
       458.0   0.000000292   0.000000286
       459.0   0.000000304   0.000000279
       460.0   0.000000306   0.000000282
       461.0   0.000000301   0.000000291
       462.0   0.000000291   0.000000293
       463.0   0.000000279   0.000000278
       464.0   0.000000265   0.000000251
       465.0   0.000000255   0.000000228
       466.0   0.000000248   0.000000218
       467.0   0.000000250   0.000000224
       468.0   0.000000258   0.000000247
       469.0   0.000000272   0.000000276
       470.0   0.000000287   0.000000295
       471.0   0.000000297   0.000000292
       472.0   0.000000300   0.000000270
       473.0   0.000000296   0.000000244
       474.0   0.000000290   0.000000227
       475.0   0.000000287   0.000000222
       476.0   0.000000289   0.000000231
       477.0   0.000000294   0.000000249
       478.0   0.000000300   0.000000272
       479.0   0.000000302   0.000000291
       480.0   0.000000301   0.000000302
       481.0   0.000000298   0.000000304
       482.0   0.000000296   0.000000299
       483.0   0.000000298   0.000000290
       484.0   0.000000302   0.000000278
       485.0   0.000000303   0.000000265
       486.0   0.000000295   0.000000251
       487.0   0.000000277   0.000000240
       488.0   0.000000252   0.000000233
       489.0   0.000000226   0.000000233
       490.0   0.000000206   0.000000240
       491.0   0.000000195   0.000000253
       492.0   0.000000194   0.000000268
       493.0   0.000000204   0.000000282
       494.0   0.000000222   0.000000289
       495.0   0.000000247   0.000000290
       496.0   0.000000270   0.000000286
       497.0   0.000000286   0.000000281
       498.0   0.000000289   0.000000279
       499.0   0.000000282   0.000000281
       500.0   0.000000272   0.000000284
       501.0   0.000000266   0.000000286
       502.0   0.000000266   0.000000287
       503.0   0.000000271   0.000000285
       504.0   0.000000279   0.000000282
       505.0   0.000000285   0.000000282
       506.0   0.000000285   0.000000284
       507.0   0.000000279   0.000000288
       508.0   0.000000269   0.000000289
       509.0   0.000000259   0.000000284
       510.0   0.000000254   0.000000270
       511.0   0.000000254   0.000000250
       512.0   0.000000260   0.000000228
       513.0   0.000000269   0.000000210
       514.0   0.000000278   0.000000199
       515.0   0.000000281   0.000000196
       516.0   0.000000277   0.000000201
       517.0   0.000000266   0.000000214
       518.0   0.000000251   0.000000232
       519.0   0.000000238   0.000000253
       520.0   0.000000229   0.000000270
       521.0   0.000000226   0.000000278
       522.0   0.000000229   0.000000277
       523.0   0.000000238   0.000000270
       524.0   0.000000250   0.000000261
       525.0   0.000000261   0.000000256
       526.0   0.000000269   0.000000255
       527.0   0.000000273   0.000000259
       528.0   0.000000272   0.000000265
       529.0   0.000000268   0.000000270
       530.0   0.000000263   0.000000272
       531.0   0.000000261   0.000000268
       532.0   0.000000261   0.000000261
       533.0   0.000000263   0.000000253
       534.0   0.000000267   0.000000247
       535.0   0.000000270   0.000000245
       536.0   0.000000271   0.000000247
       537.0   0.000000269   0.000000252
       538.0   0.000000265   0.000000259
       539.0   0.000000260   0.000000263
       540.0   0.000000256   0.000000263
       541.0   0.000000254   0.000000257
       542.0   0.000000254   0.000000247
       543.0   0.000000256   0.000000235
       544.0   0.000000260   0.000000225
       545.0   0.000000263   0.000000219
       546.0   0.000000265   0.000000218
       547.0   0.000000265   0.000000221
       548.0   0.000000263   0.000000228
       549.0   0.000000259   0.000000238
       550.0   0.000000255   0.000000248
       551.0   0.000000252   0.000000256
       552.0   0.000000251   0.000000260
       553.0   0.000000254   0.000000261
       554.0   0.000000257   0.000000258
       555.0   0.000000261   0.000000254
       556.0   0.000000264   0.000000251
       557.0   0.000000263   0.000000251
       558.0   0.000000257   0.000000252
       559.0   0.000000248   0.000000255
       560.0   0.000000236   0.000000259
       561.0   0.000000223   0.000000261
       562.0   0.000000212   0.000000260
       563.0   0.000000204   0.000000258
       564.0   0.000000199   0.000000253
       565.0   0.000000198   0.000000247
       566.0   0.000000201   0.000000243
       567.0   0.000000207   0.000000240
       568.0   0.000000216   0.000000240
       569.0   0.000000226   0.000000242
       570.0   0.000000236   0.000000246
       571.0   0.000000245   0.000000250
       572.0   0.000000252   0.000000254
       573.0   0.000000257   0.000000256
       574.0   0.000000259   0.000000255
       575.0   0.000000259   0.000000253
       576.0   0.000000259   0.000000249
       577.0   0.000000258   0.000000245
       578.0   0.000000258   0.000000243
       579.0   0.000000258   0.000000243
       580.0   0.000000258   0.000000244
       581.0   0.000000257   0.000000247
       582.0   0.000000256   0.000000251
       583.0   0.000000254   0.000000253
       584.0   0.000000252   0.000000252
       585.0   0.000000249   0.000000248
       586.0   0.000000247   0.000000239
       587.0   0.000000245   0.000000229
       588.0   0.000000245   0.000000217
       589.0   0.000000246   0.000000206
       590.0   0.000000248   0.000000197
       591.0   0.000000251   0.000000191
       592.0   0.000000254   0.000000188
       593.0   0.000000255   0.000000189
       594.0   0.000000255   0.000000193
       595.0   0.000000252   0.000000199
       596.0   0.000000247   0.000000208
       597.0   0.000000240   0.000000218
       598.0   0.000000232   0.000000229
       599.0   0.000000225   0.000000238
       600.0   0.000000218   0.000000246
       601.0   0.000000212   0.000000251
       602.0   0.000000209   0.000000254
       603.0   0.000000207   0.000000255
       604.0   0.000000208   0.000000255
       605.0   0.000000210   0.000000254
       606.0   0.000000213   0.000000254
       607.0   0.000000218   0.000000254
       608.0   0.000000223   0.000000254
       609.0   0.000000229   0.000000254
       610.0   0.000000234   0.000000254
       611.0   0.000000240   0.000000253
       612.0   0.000000244   0.000000251
       613.0   0.000000248   0.000000249
       614.0   0.000000250   0.000000246
       615.0   0.000000252   0.000000244
       616.0   0.000000252   0.000000242
       617.0   0.000000250   0.000000241
       618.0   0.000000247   0.000000242
       619.0   0.000000241   0.000000244
       620.0   0.000000235   0.000000246
       621.0   0.000000226   0.000000249
       622.0   0.000000218   0.000000252
       623.0   0.000000209   0.000000254
       624.0   0.000000202   0.000000253
       625.0   0.000000196   0.000000251
       626.0   0.000000192   0.000000247
       627.0   0.000000190   0.000000242
       628.0   0.000000190   0.000000235
       629.0   0.000000194   0.000000229
       630.0   0.000000199   0.000000223
       631.0   0.000000207   0.000000218
       632.0   0.000000217   0.000000215
       633.0   0.000000228   0.000000213
       634.0   0.000000238   0.000000213
       635.0   0.000000246   0.000000215
       636.0   0.000000251   0.000000217
       637.0   0.000000252   0.000000221
       638.0   0.000000248   0.000000226
       639.0   0.000000240   0.000000231
       640.0   0.000000230   0.000000235
       641.0   0.000000220   0.000000240
       642.0   0.000000210   0.000000244
       643.0   0.000000203   0.000000248
       644.0   0.000000198   0.000000251
       645.0   0.000000196   0.000000252
       646.0   0.000000196   0.000000253
       647.0   0.000000199   0.000000252
       648.0   0.000000205   0.000000250
       649.0   0.000000213   0.000000246
       650.0   0.000000222   0.000000240
       651.0   0.000000231   0.000000233
       652.0   0.000000240   0.000000225
       653.0   0.000000247   0.000000217
       654.0   0.000000251   0.000000210
       655.0   0.000000252   0.000000202
       656.0   0.000000251   0.000000196
       657.0   0.000000248   0.000000192
       658.0   0.000000245   0.000000190
       659.0   0.000000242   0.000000190
       660.0   0.000000241   0.000000192
       661.0   0.000000241   0.000000197
       662.0   0.000000243   0.000000203
       663.0   0.000000247   0.000000212
       664.0   0.000000252   0.000000222
       665.0   0.000000257   0.000000233
       666.0   0.000000260   0.000000242
       667.0   0.000000259   0.000000250
       668.0   0.000000253   0.000000255
       669.0   0.000000241   0.000000255
       670.0   0.000000226   0.000000252
       671.0   0.000000207   0.000000245
       672.0   0.000000188   0.000000236
       673.0   0.000000170   0.000000227
       674.0   0.000000154   0.000000218
       675.0   0.000000140   0.000000210
       676.0   0.000000129   0.000000205
       677.0   0.000000121   0.000000202
       678.0   0.000000115   0.000000202
       679.0   0.000000112   0.000000204
       680.0   0.000000111   0.000000208
       681.0   0.000000112   0.000000215
       682.0   0.000000115   0.000000223
       683.0   0.000000121   0.000000232
       684.0   0.000000129   0.000000241
       685.0   0.000000140   0.000000249
       686.0   0.000000154   0.000000255
       687.0   0.000000171   0.000000259
       688.0   0.000000190   0.000000260
       689.0   0.000000210   0.000000259
       690.0   0.000000228   0.000000257
       691.0   0.000000244   0.000000253
       692.0   0.000000253   0.000000251
       693.0   0.000000256   0.000000249
       694.0   0.000000252   0.000000249
       695.0   0.000000244   0.000000251
       696.0   0.000000233   0.000000255
       697.0   0.000000221   0.000000259
       698.0   0.000000211   0.000000264
       699.0   0.000000202   0.000000267
       700.0   0.000000196   0.000000268
       701.0   0.000000193   0.000000265
       702.0   0.000000192   0.000000257
       703.0   0.000000193   0.000000245
       704.0   0.000000197   0.000000229
       705.0   0.000000202   0.000000211
       706.0   0.000000210   0.000000193
       707.0   0.000000219   0.000000175
       708.0   0.000000229   0.000000160
       709.0   0.000000239   0.000000147
       710.0   0.000000248   0.000000137
       711.0   0.000000256   0.000000129
       712.0   0.000000262   0.000000123
       713.0   0.000000265   0.000000119
       714.0   0.000000266   0.000000118
       715.0   0.000000265   0.000000119
       716.0   0.000000263   0.000000121
       717.0   0.000000259   0.000000126
       718.0   0.000000256   0.000000134
       719.0   0.000000253   0.000000143
       720.0   0.000000251   0.000000156
       721.0   0.000000250   0.000000171
       722.0   0.000000250   0.000000188
       723.0   0.000000251   0.000000207
       724.0   0.000000253   0.000000226
       725.0   0.000000256   0.000000244
       726.0   0.000000259   0.000000259
       727.0   0.000000262   0.000000267
       728.0   0.000000265   0.000000269
       729.0   0.000000268   0.000000266
       730.0   0.000000269   0.000000257
       731.0   0.000000270   0.000000247
       732.0   0.000000269   0.000000235
       733.0   0.000000267   0.000000225
       734.0   0.000000264   0.000000216
       735.0   0.000000261   0.000000209
       736.0   0.000000257   0.000000205
       737.0   0.000000253   0.000000203
       738.0   0.000000249   0.000000203
       739.0   0.000000246   0.000000206
       740.0   0.000000244   0.000000210
       741.0   0.000000242   0.000000217
       742.0   0.000000240   0.000000225
       743.0   0.000000240   0.000000233
       744.0   0.000000240   0.000000243
       745.0   0.000000241   0.000000252
       746.0   0.000000242   0.000000261
       747.0   0.000000244   0.000000268
       748.0   0.000000246   0.000000273
       749.0   0.000000249   0.000000275
       750.0   0.000000252   0.000000275
       751.0   0.000000255   0.000000274
       752.0   0.000000258   0.000000271
       753.0   0.000000262   0.000000268
       754.0   0.000000265   0.000000264
       755.0   0.000000268   0.000000261
       756.0   0.000000271   0.000000258
       757.0   0.000000274   0.000000256
       758.0   0.000000277   0.000000256
       759.0   0.000000279   0.000000256
       760.0   0.000000280   0.000000258
       761.0   0.000000281   0.000000260
       762.0   0.000000282   0.000000263
       763.0   0.000000282   0.000000266
       764.0   0.000000281   0.000000270
       765.0   0.000000280   0.000000273
       766.0   0.000000279   0.000000275
       767.0   0.000000278   0.000000277
       768.0   0.000000277   0.000000278
       769.0   0.000000275   0.000000277
       770.0   0.000000275   0.000000276
       771.0   0.000000274   0.000000273
       772.0   0.000000275   0.000000270
       773.0   0.000000275   0.000000267
       774.0   0.000000277   0.000000263
       775.0   0.000000279   0.000000259
       776.0   0.000000282   0.000000256
       777.0   0.000000284   0.000000253
       778.0   0.000000286   0.000000251
       779.0   0.000000288   0.000000249
       780.0   0.000000288   0.000000248
       781.0   0.000000286   0.000000248
       782.0   0.000000283   0.000000248
       783.0   0.000000278   0.000000249
       784.0   0.000000271   0.000000251
       785.0   0.000000263   0.000000253
       786.0   0.000000254   0.000000255
       787.0   0.000000245   0.000000258
       788.0   0.000000236   0.000000261
       789.0   0.000000227   0.000000264
       790.0   0.000000220   0.000000267
       791.0   0.000000214   0.000000270
       792.0   0.000000210   0.000000273
       793.0   0.000000208   0.000000276
       794.0   0.000000208   0.000000279
       795.0   0.000000210   0.000000282
       796.0   0.000000215   0.000000284
       797.0   0.000000170   0.000000219
       798.0   0.000000060   0.000000074
       799.0   0.000000070   0.000000082
       800.0   0.000000195   0.000000218
       801.0   0.000000114   0.000000120
       802.0   0.000000000   0.000000000
       803.0   0.000000163   0.000000162
       804.0   0.000000397   0.000000394
       805.0   0.000000560   0.000000576
       806.0   0.000000919   0.000001017
       807.0   0.000001188   0.000001461
       808.0   0.000000942   0.000001323
       809.0   0.000000520   0.000000850
       810.0   0.000000361   0.000000694
       811.0   0.000000235   0.000000533
       812.0   0.000000213   0.000000568
       813.0   0.000000221   0.000000686
       814.0   0.000000095   0.000000341
       815.0   0.000000080   0.000000325
       816.0   0.000000112   0.000000512
       817.0   0.000000167   0.000000844
       818.0   0.000000412   0.000002264
       819.0   0.000000991   0.000005793
       820.0   0.000002390   0.000014595
       821.0   0.000005411   0.000033783
       822.0   0.000009440   0.000058933
       823.0   0.000012150   0.000074139
       824.0   0.000012284   0.000071549
       825.0   0.000010813   0.000058779
       826.0   0.000009500   0.000047180
       827.0   0.000009852   0.000043696
       828.0   0.000013838   0.000053669
       829.0   0.000029190   0.000097086
       830.0   0.000088193   0.000246832
       831.0   0.000244588   0.000565076
       832.0   0.000452834   0.000849646
       833.0   0.000532947   0.000806557
       834.0   0.000416545   0.000509969
       835.0   0.000239122   0.000240862
       836.0   0.000116776   0.000100754
       837.0   0.000056567   0.000044921
       838.0   0.000030127   0.000024127
       839.0   0.000017877   0.000015891
       840.0   0.000012242   0.000013074
       841.0   0.000009316   0.000012502
       842.0   0.000007956   0.000013618
       843.0   0.000008377   0.000017989
       844.0   0.000010767   0.000027921
       845.0   0.000015075   0.000044936
       846.0   0.000018979   0.000061434
       847.0   0.000019135   0.000063250
       848.0   0.000015596   0.000049638
       849.0   0.000011182   0.000032529
       850.0   0.000006866   0.000017436
       851.0   0.000004257   0.000009047
       852.0   0.000002410   0.000004145
       853.0   0.000001878   0.000002545
       854.0   0.000001944   0.000002024
       855.0   0.000001749   0.000001363
       856.0   0.000008178   0.000004663
       857.0   0.000003002   0.000001238
       858.0   0.000011035   0.000003322
       859.0   0.000018156   0.000004176
       860.0   0.000058714   0.000011532
       861.0   0.000037332   0.000007845
       862.0   0.000006400   0.000001815
       863.0   0.000000917   0.000000363
       864.0   0.000000000   0.000000000
       865.0   0.000016288   0.000008656
       866.0   0.000011538   0.000006949
       867.0   0.000009978   0.000006976
       868.0   0.000009403   0.000007775
       869.0   0.000004205   0.000004176
       870.0   0.000004651   0.000005521
       871.0   0.000006871   0.000009667
       872.0   0.000006961   0.000011371
       873.0   0.000007156   0.000013195
       874.0   0.000000000   0.000000000
       875.0   0.000000000   0.000000000
       876.0   0.000010173   0.000022510
       877.0   0.000010955   0.000024714
       878.0   0.000005791   0.000013183
       879.0   0.000009946   0.000022724
       880.0   0.000010856   0.000024839
       881.0   0.000007415   0.000017241
       882.0   0.000005147   0.000012386
       883.0   0.000006322   0.000015956
       884.0   0.000000000   0.000000000
       885.0   0.000000000   0.000000000
       886.0   0.000002334   0.000007406
       887.0   0.000000079   0.000000281
       888.0   0.000000000   0.000000000
       889.0   0.000002062   0.000010812
       890.0   0.000000142   0.000001005
       891.0   0.000000277   0.000002862
       892.0   0.000000477   0.000008202
       893.0   0.000000601   0.000018495
       894.0   0.000000153   0.000008105
       895.0   0.000000207   0.000017698
       896.0   0.000000100   0.000019687
       897.0   0.000000004   0.000002419
       898.0   0.000000014   0.000005707
       899.0   0.000000054   0.000022369
       900.0   0.000000056   0.000029923
       901.0   0.000000026   0.000015956
       902.0   0.000000008   0.000015676
       903.0   0.000000000   0.000037023
       904.0   0.000000029   0.000044564
       905.0   0.000000038   0.000031446
       906.0   0.000000046   0.000039259
       907.0   0.000000050   0.000043497
       908.0   0.000000028   0.000023981
       909.0   0.000000027   0.000025730
       910.0   0.000000037   0.000027215
       911.0   0.000000033   0.000026137
       912.0   0.000000014   0.000021309
       913.0   0.000000021   0.000018202
       914.0   0.000000024   0.000015766
       915.0   0.000000018   0.000014446
       916.0   0.000000024   0.000016237
       917.0   0.000000034   0.000016689
       918.0   0.000000016   0.000021037
       919.0   0.000000024   0.000025203
       920.0   0.000000025   0.000031869
       921.0   0.000000018   0.000045009
       922.0   0.000000030   0.000066867
       923.0   0.000000048   0.000087726
       924.0   0.000000038   0.000111834
       925.0   0.000000039   0.000152638
       926.0   0.000000040   0.000204229
       927.0   0.000000064   0.000225148
       928.0   0.000000053   0.000253654
       929.0   0.000000067   0.000276790
       930.0   0.000000087   0.000260795
       931.0   0.000000055   0.000242693
       932.0   0.000000178   0.000203210
       933.0   0.000000115   0.000165855
       934.0   0.000000071   0.000115306
       935.0   0.000000302   0.000071250
       936.0   0.000000213   0.000044907
       937.0   0.000000013   0.000031176
       938.0   0.000000133   0.000024551
       939.0   0.000000356   0.000020254
       940.0   0.000000122   0.000012365
       941.0   0.000000699   0.000009623
       942.0   0.000000838   0.000015301
       943.0   0.000000186   0.000021214
       944.0   0.000000500   0.000019099
       945.0   0.000000708   0.000005781
       946.0   0.000000703   0.000006149
       947.0   0.000000758   0.000010412
       948.0   0.000001013   0.000008293
       949.0   0.000000976   0.000017907
       950.0   0.000000933   0.000017767
       951.0   0.000001819   0.000015485
       952.0   0.000002176   0.000016299
       953.0   0.000002628   0.000013848
       954.0   0.000002828   0.000015146
       955.0   0.000005083   0.000014000
       956.0   0.000006242   0.000015269
       957.0   0.000005930   0.000013906
       958.0   0.000007546   0.000016463
       959.0   0.000012092   0.000016540
       960.0   0.000012063   0.000020397
       961.0   0.000021806   0.000020140
       962.0   0.000029512   0.000022671
       963.0   0.000033507   0.000019507
       964.0   0.000044640   0.000022109
       965.0   0.000059173   0.000029647
       966.0   0.000078440   0.000025177
       967.0   0.000121288   0.000018434
       968.0   0.000158592   0.000025396
       969.0   0.000219778   0.000041372
       970.0   0.000301567   0.000045246
       971.0   0.000427234   0.000057150
       972.0   0.000552734   0.000056198
       973.0   0.000717815   0.000051842
       974.0   0.000881290   0.000069705
       975.0   0.001010935   0.000044231
       976.0   0.001318120   0.000022573
       977.0   0.001499850   0.000096380
       978.0   0.001579071   0.000053352
       979.0   0.001959586   0.000082150
       980.0   0.002450594   0.000046179
       981.0   0.002518989   0.000057513
       982.0   0.003477518   0.000064089
       983.0   0.005492208   0.000054860
       984.0   0.006805691   0.000079434
       985.0   0.007914202   0.000112809
       986.0   0.009883835   0.000014159
       987.0   0.012123111   0.000054870
       988.0   0.015777227   0.000055189
       989.0   0.020612270   0.000061743
       990.0   0.026057644   0.000085219
       991.0   0.034104776   0.000058733
       992.0   0.045070071   0.000039848
       993.0   0.060902085   0.000092922
       994.0   0.083867826   0.000052455
       995.0   0.117534429   0.000092683
       996.0   0.163566455   0.000090017
       997.0   0.226504520   0.000114319
       998.0   0.307652652   0.000077475
       999.0   0.406164199   0.000075411
      1000.0   0.514562964   0.000066379
      1001.0   0.622736573   0.000118182
      1002.0   0.721335888   0.000116258
      1003.0   0.799066961   0.000112917
      1004.0   0.848866463   0.000095552
      1005.0   0.871932268   0.000108455
      1006.0   0.874032795   0.000173048
      1007.0   0.863161087   0.000148515
      1008.0   0.847993314   0.000146830
      1009.0   0.833115697   0.000161772
      1010.0   0.821960926   0.000162620
      1011.0   0.815867364   0.000184643
      1012.0   0.814531684   0.000202941
      1013.0   0.815911293   0.000228291
      1014.0   0.819004178   0.000283188
      1015.0   0.822660387   0.000301530
      1016.0   0.826234519   0.000315162
      1017.0   0.827977240   0.000358949
      1018.0   0.828256786   0.000425529
      1019.0   0.826821983   0.000476049
      1020.0   0.824270785   0.000546963
      1021.0   0.820708275   0.000560804
      1022.0   0.816978574   0.000703886
      1023.0   0.814056635   0.000861261
      1024.0   0.812440217   0.000961610
      1025.0   0.811757982   0.001093283
      1026.0   0.811638594   0.001353476
      1027.0   0.813053012   0.001666539
      1028.0   0.816055238   0.001996906
      1029.0   0.819247842   0.002459811
      1030.0   0.822501540   0.002940231
      1031.0   0.825503647   0.003397678
      1032.0   0.827782035   0.003926093
      1033.0   0.829086900   0.004543480
      1034.0   0.829699814   0.005314282
      1035.0   0.830249667   0.006347212
      1036.0   0.831018090   0.007494360
      1037.0   0.833626807   0.009781931
      1038.0   0.838797688   0.012601384
      1039.0   0.846948862   0.016074726
      1040.0   0.857855678   0.019796975
      1041.0   0.870046318   0.025187396
      1042.0   0.879395366   0.031996857
      1043.0   0.880090475   0.041529838
      1044.0   0.865546584   0.054850809
      1045.0   0.827994347   0.074371509
      1046.0   0.766874969   0.101458170
      1047.0   0.684376538   0.138382137
      1048.0   0.586459279   0.190913454
      1049.0   0.477575094   0.258657396
      1050.0   0.374539524   0.347110599
      1051.0   0.285717010   0.451711804
      1052.0   0.213751808   0.567751467
      1053.0   0.155420378   0.681207597
      1054.0   0.113402553   0.779786348
      1055.0   0.083283573   0.853212714
      1056.0   0.062280592   0.899003804
      1057.0   0.046688233   0.918243945
      1058.0   0.035820503   0.918611705
      1059.0   0.027757289   0.908925831
      1060.0   0.021181077   0.897027493
      1061.0   0.016426330   0.888347507
      1062.0   0.013765236   0.882431269
      1063.0   0.011168661   0.882067382
      1064.0   0.008815059   0.885847867
      1065.0   0.006628818   0.891855121
      1066.0   0.005124252   0.899630725
      1067.0   0.003817800   0.907238066
      1068.0   0.003043666   0.914224565
      1069.0   0.002965428   0.918631852
      1070.0   0.003204932   0.921301305
      1071.0   0.003186501   0.921952665
      1072.0   0.002961758   0.921137512
      1073.0   0.002343745   0.919364989
      1074.0   0.001875431   0.917336702
      1075.0   0.001298450   0.915103018
      1076.0   0.000338954   0.913720548
      1077.0   0.001104692   0.913568258
      1078.0   0.001510084   0.913859665
      1079.0   0.001278365   0.914961934
      1080.0   0.001078122   0.915876627
      1081.0   0.000914751   0.915992618
      1082.0   0.000767270   0.915184557
      1083.0   0.000667693   0.912452698
      1084.0   0.000617271   0.908148885
      1085.0   0.000547267   0.902225912
      1086.0   0.000478748   0.894879580
      1087.0   0.000437423   0.886369944
      1088.0   0.000389948   0.878947914
      1089.0   0.000338821   0.872855783
      1090.0   0.000312593   0.869108677
      1091.0   0.000289513   0.869051278
      1092.0   0.000258373   0.872702241
      1093.0   0.000230534   0.880138159
      1094.0   0.000221471   0.891342163
      1095.0   0.000206701   0.903614521
      1096.0   0.000192020   0.911952138
      1097.0   0.000170370   0.911177576
      1098.0   0.000144260   0.893111885
      1099.0   0.000134802   0.850007534
      1100.0   0.000132333   0.778532803
      1101.0   0.000123402   0.684497118
      1102.0   0.000116550   0.569274366
      1103.0   0.000099763   0.452140033
      1104.0   0.000091376   0.341603637
      1105.0   0.000077576   0.250874341
      1106.0   0.000066937   0.176301181
      1107.0   0.000069543   0.122822978
      1108.0   0.000061915   0.083607815
      1109.0   0.000047166   0.057210665
      1110.0   0.000041471   0.038952593
      1111.0   0.000034807   0.026250288
      1112.0   0.000033661   0.017269926
      1113.0   0.000031480   0.012194675
      1114.0   0.000022289   0.008531409
      1115.0   0.000016127   0.005768475
      1116.0   0.000014912   0.003748006
      1117.0   0.000013483   0.002644542
      1118.0   0.000012416   0.001884700
      1119.0   0.000010945   0.001191397
      1120.0   0.000007057   0.000705401
      1121.0   0.000004904   0.000513101
      1122.0   0.000004818   0.000436740
      1123.0   0.000003770   0.000362932
      1124.0   0.000003250   0.000220351
      1125.0   0.000003690   0.000196416
      1126.0   0.000003827   0.000110339
      1127.0   0.000003225   0.000084287
      1128.0   0.000002297   0.000068301
      1129.0   0.000001656   0.000058609
      1130.0   0.000001595   0.000051934
      1131.0   0.000001713   0.000040181
      1132.0   0.000001462   0.000032947
      1133.0   0.000001200   0.000031308
      1134.0   0.000001062   0.000008634
      1135.0   0.000000913   0.000022598
      1136.0   0.000000805   0.000017204
      1137.0   0.000000758   0.000013804
      1138.0   0.000000661   0.000010440
      1139.0   0.000000624   0.000008144
      1140.0   0.000000470   0.000006357
      1141.0   0.000000376   0.000004970
      1142.0   0.000000332   0.000004265
      1143.0   0.000000375   0.000003504
      1144.0   0.000000331   0.000002544
      1145.0   0.000000313   0.000001978
      1146.0   0.000000315   0.000001714
      1147.0   0.000000354   0.000001620
      1148.0   0.000000339   0.000001392
      1149.0   0.000000296   0.000001224
      1150.0   0.000000256   0.000001025
      1151.0   0.000000247   0.000000878
      1152.0   0.000000232   0.000000787
      1153.0   0.000000245   0.000000686
      1154.0   0.000000229   0.000000585
      1155.0   0.000000232   0.000000504
      1156.0   0.000000228   0.000000435
      1157.0   0.000000204   0.000000368
      1158.0   0.000000202   0.000000295
      1159.0   0.000000194   0.000000277
      1160.0   0.000000188   0.000000267
      1161.0   0.000000191   0.000000260
      1162.0   0.000000192   0.000000192
      1163.0   0.000000173   0.000000179
      1164.0   0.000000167   0.000000165
      1165.0   0.000000163   0.000000130
      1166.0   0.000000141   0.000000118
      1167.0   0.000000137   0.000000092
      1168.0   0.000000142   0.000000086
      1169.0   0.000000131   0.000000082
      1170.0   0.000000124   0.000000072
      1171.0   0.000000135   0.000000061
      1172.0   0.000000137   0.000000054
      1173.0   0.000000132   0.000000046
      1174.0   0.000000128   0.000000046
      1175.0   0.000000129   0.000000046
      1176.0   0.000000134   0.000000045
      1177.0   0.000000140   0.000000034
      1178.0   0.000000145   0.000000035
      1179.0   0.000000150   0.000000033
      1180.0   0.000000160   0.000000030
      1181.0   0.000000160   0.000000030
      1182.0   0.000000177   0.000000026
      1183.0   0.000000197   0.000000031
      1184.0   0.000000215   0.000000029
      1185.0   0.000000240   0.000000021
      1186.0   0.000000238   0.000000026
      1187.0   0.000000239   0.000000023
      1188.0   0.000000274   0.000000023
      1189.0   0.000000294   0.000000021
      1190.0   0.000000342   0.000000021
      1191.0   0.000000358   0.000000024
      1192.0   0.000000424   0.000000019
      1193.0   0.000000427   0.000000022
      1194.0   0.000000458   0.000000018
      1195.0   0.000000520   0.000000017
      1196.0   0.000000612   0.000000016
      1197.0   0.000000686   0.000000019
      1198.0   0.000000792   0.000000019
      1199.0   0.000000897   0.000000017
      1200.0   0.000001019   0.000000017
      1201.0   0.000001174   0.000000019
      1202.0   0.000001259   0.000000017
      1203.0   0.000001213   0.000000017
      1204.0   0.000001462   0.000000015
      1205.0   0.000001781   0.000000016
      1206.0   0.000002157   0.000000017
      1207.0   0.000002289   0.000000015
      1208.0   0.000002595   0.000000013
      1209.0   0.000003004   0.000000013
      1210.0   0.000003664   0.000000015
      1211.0   0.000004264   0.000000014
      1212.0   0.000005434   0.000000016
      1213.0   0.000006631   0.000000011
      1214.0   0.000008632   0.000000013
      1215.0   0.000011328   0.000000019
      1216.0   0.000015474   0.000000014
      1217.0   0.000019636   0.000000013
      1218.0   0.000028280   0.000000013
      1219.0   0.000040860   0.000000015
      1220.0   0.000056392   0.000000014
      1221.0   0.000072308   0.000000012
      1222.0   0.000087533   0.000000014
      1223.0   0.000089654   0.000000015
      1224.0   0.000090272   0.000000017
      1225.0   0.000075958   0.000000015
      1226.0   0.000063495   0.000000016
      1227.0   0.000048324   0.000000017
      1228.0   0.000038747   0.000000019
      1229.0   0.000030423   0.000000020
      1230.0   0.000027192   0.000000025
      1231.0   0.000022901   0.000000025
      1232.0   0.000021508   0.000000027
      1233.0   0.000019327   0.000000030
      1234.0   0.000018993   0.000000033
      1235.0   0.000017853   0.000000030
      1236.0   0.000017418   0.000000039
      1237.0   0.000016794   0.000000046
      1238.0   0.000017034   0.000000048
      1239.0   0.000017115   0.000000052
      1240.0   0.000017359   0.000000059
      1241.0   0.000016800   0.000000058
      1242.0   0.000016782   0.000000062
      1243.0   0.000016985   0.000000065
      1244.0   0.000016965   0.000000068
      1245.0   0.000017229   0.000000077
      1246.0   0.000018209   0.000000077
      1247.0   0.000018425   0.000000076
      1248.0   0.000019049   0.000000089
      1249.0   0.000020121   0.000000099
      1250.0   0.000019631   0.000000094
      1251.0   0.000019388   0.000000098
      1252.0   0.000020177   0.000000103
      1253.0   0.000020363   0.000000094
      1254.0   0.000021505   0.000000107
      1255.0   0.000022731   0.000000120
      1256.0   0.000024788   0.000000135
      1257.0   0.000027988   0.000000153
      1258.0   0.000032129   0.000000155
      1259.0   0.000034245   0.000000162
      1260.0   0.000039670   0.000000208
      1261.0   0.000046023   0.000000239
      1262.0   0.000056365   0.000000301
      1263.0   0.000070526   0.000000385
      1264.0   0.000081959   0.000000400
      1265.0   0.000090483   0.000000574
      1266.0   0.000100319   0.000000653
      1267.0   0.000109825   0.000000756
      1268.0   0.000118067   0.000001103
      1269.0   0.000120348   0.000001386
      1270.0   0.000119492   0.000001494
      1271.0   0.000113146   0.000001776
      1272.0   0.000109184   0.000002284
      1273.0   0.000098932   0.000002849
      1274.0   0.000091357   0.000003798
      1275.0   0.000081682   0.000004698
      1276.0   0.000074659   0.000005892
      1277.0   0.000064571   0.000007083
      1278.0   0.000056331   0.000008762
      1279.0   0.000048498   0.000011074
      1280.0   0.000043929   0.000015097
      1281.0   0.000038394   0.000020245
      1282.0   0.000032739   0.000026758
      1283.0   0.000028273   0.000035100
      1284.0   0.000024887   0.000044042
      1285.0   0.000021242   0.000048998
      1286.0   0.000018025   0.000048657
      1287.0   0.000014417   0.000040563
      1288.0   0.000012458   0.000032953
      1289.0   0.000011053   0.000025286
      1290.0   0.000009357   0.000017379
      1291.0   0.000007718   0.000011266
      1292.0   0.000005208   0.000006011
      1293.0   0.000004382   0.000004091
      1294.0   0.000003760   0.000002917
      1295.0   0.000002868   0.000001888
      1296.0   0.000002595   0.000001480
      1297.0   0.000002543   0.000001280
      1298.0   0.000001509   0.000000683
      1299.0   0.000001217   0.000000506
      1300.0   0.000001392   0.000000534
      1301.0   0.000001154   0.000000408
      1302.0   0.000001286   0.000000421
      1303.0   0.000001258   0.000000388
      1304.0   0.000000208   0.000000061
      1305.0   0.000000120   0.000000033
      1306.0   0.000000724   0.000000188
      1307.0   0.000000974   0.000000242
      1308.0   0.000000000   0.000000000
      1309.0   0.000000927   0.000000213
      1310.0   0.000000149   0.000000033
      1311.0   0.000000648   0.000000142
      1312.0   0.000000389   0.000000084
      1313.0   0.000000107   0.000000023
      1314.0   0.000001727   0.000000362
      1315.0   0.000002646   0.000000556
      1316.0   0.000000210   0.000000045
      1317.0   0.000001041   0.000000232
      1318.0   0.000000000   0.000000000
      1319.0   0.000001502   0.000000377
      1320.0   0.000002904   0.000000798
      1321.0   0.000000000   0.000000000
      1322.0   0.000000000   0.000000000
      1323.0   0.000002061   0.000000832
      1324.0   0.000000983   0.000000468
      1325.0   0.000000621   0.000000354
      1326.0   0.000000089   0.000000061
      1327.0   0.000001857   0.000001539
      1328.0   0.000000744   0.000000743
      1329.0   0.000000000   0.000000000
      1330.0   0.000000544   0.000000763
      1331.0   0.000001393   0.000002248
      1332.0   0.000000568   0.000001029
      1333.0   0.000000000   0.000000000
      1334.0   0.000000209   0.000000438
      1335.0   0.000001796   0.000003901
      1336.0   0.000001593   0.000003515
      1337.0   0.000000315   0.000000695
      1338.0   0.000000000   0.000000000
      1339.0   0.000000000   0.000000000
      1340.0   0.000000721   0.000001465
      1341.0   0.000000924   0.000001809
      1342.0   0.000001273   0.000002399
      1343.0   0.000000981   0.000001781
      1344.0   0.000000464   0.000000817
      1345.0   0.000000543   0.000000924
      1346.0   0.000000803   0.000001326
      1347.0   0.000000344   0.000000550
      1348.0   0.000000566   0.000000884
      1349.0   0.000000680   0.000001046
      1350.0   0.000000457   0.000000694
      1351.0   0.000000552   0.000000826
      1352.0   0.000001770   0.000002604
      1353.0   0.000001799   0.000002619
      1354.0   0.000001567   0.000002281
      1355.0   0.000001776   0.000002576
      1356.0   0.000001493   0.000002170
      1357.0   0.000001464   0.000002138
      1358.0   0.000001756   0.000002568
      1359.0   0.000002156   0.000003142
      1360.0   0.000002402   0.000003515
      1361.0   0.000002338   0.000003501
      1362.0   0.000003435   0.000005219
      1363.0   0.000004011   0.000006217
      1364.0   0.000003681   0.000005841
      1365.0   0.000003588   0.000005773
      1366.0   0.000004132   0.000006763
      1367.0   0.000005217   0.000008760
      1368.0   0.000005483   0.000009426
      1369.0   0.000005313   0.000009388
      1370.0   0.000005121   0.000009370
      1371.0   0.000005231   0.000009850
      1372.0   0.000006160   0.000012020
      1373.0   0.000005791   0.000011719
      1374.0   0.000004654   0.000009715
      1375.0   0.000004589   0.000009916
      1376.0   0.000004769   0.000010718
      1377.0   0.000004430   0.000010373
      1378.0   0.000003720   0.000009013
      1379.0   0.000003845   0.000009732
      1380.0   0.000004577   0.000012110
      1381.0   0.000003418   0.000009411
      1382.0   0.000002546   0.000007247
      1383.0   0.000002774   0.000008181
      1384.0   0.000002141   0.000006488
      1385.0   0.000001482   0.000004566
      1386.0   0.000002174   0.000006720
      1387.0   0.000002690   0.000008293
      1388.0   0.000001642   0.000004966
      1389.0   0.000000816   0.000002390
      1390.0   0.000001189   0.000003324
      1391.0   0.000001185   0.000003129
      1392.0   0.000000622   0.000001533
      1393.0   0.000000384   0.000000868
      1394.0   0.000001492   0.000003055
      1395.0   0.000001981   0.000003638
      1396.0   0.000001363   0.000002220
      1397.0   0.000001248   0.000001793
      1398.0   0.000001479   0.000001872
      1399.0   0.000002610   0.000002912
      1400.0   0.000002559   0.000002526
      1401.0   0.000000237   0.000000205
      1402.0   0.000001468   0.000001116
      1403.0   0.000003098   0.000002077
      1404.0   0.000003483   0.000002070
      1405.0   0.000003701   0.000001965
      1406.0   0.000004226   0.000002013
      1407.0   0.000006954   0.000002984
      1408.0   0.000005303   0.000002057
      1409.0   0.000005114   0.000001810
      1410.0   0.000009515   0.000003070
      1411.0   0.000011296   0.000003368
      1412.0   0.000012734   0.000003532
      1413.0   0.000013384   0.000003467
      1414.0   0.000013480   0.000003297
      1415.0   0.000017953   0.000004178
      1416.0   0.000021519   0.000004764
      1417.0   0.000024590   0.000005239
      1418.0   0.000029218   0.000006052
      1419.0   0.000030854   0.000006213
      1420.0   0.000032616   0.000006405
      1421.0   0.000037676   0.000007285
      1422.0   0.000041836   0.000007959
      1423.0   0.000039752   0.000007471
      1424.0   0.000039169   0.000007308
      1425.0   0.000038401   0.000007138
      1426.0   0.000040261   0.000007584
      1427.0   0.000041694   0.000007914
      1428.0   0.000044231   0.000008362
      1429.0   0.000046212   0.000008914
      1430.0   0.000046195   0.000009043
      1431.0   0.000041256   0.000008150
      1432.0   0.000039046   0.000007810
      1433.0   0.000039351   0.000008031
      1434.0   0.000039526   0.000008174
      1435.0   0.000031540   0.000006659
      1436.0   0.000030997   0.000006743
      1437.0   0.000031734   0.000007049
      1438.0   0.000026387   0.000005974
      1439.0   0.000022641   0.000005213
      1440.0   0.000021777   0.000005160
      1441.0   0.000021568   0.000005227
      1442.0   0.000020033   0.000005006
      1443.0   0.000014620   0.000003753
      1444.0   0.000013775   0.000003629
      1445.0   0.000013893   0.000003756
      1446.0   0.000010398   0.000002888
      1447.0   0.000005469   0.000001561
      1448.0   0.000006181   0.000001822
      1449.0   0.000007047   0.000002141
      1450.0   0.000004491   0.000001406
      1451.0   0.000004730   0.000001522
      1452.0   0.000004200   0.000001396
      1453.0   0.000003072   0.000001057
      1454.0   0.000002156   0.000000767
      1455.0   0.000002802   0.000001030
      1456.0   0.000003957   0.000001507
      1457.0   0.000002300   0.000000905
      1458.0   0.000004124   0.000001676
      1459.0   0.000002315   0.000000973
      1460.0   0.000004060   0.000001764
      1461.0   0.000003454   0.000001553
      1462.0   0.000000612   0.000000287
      1463.0   0.000003716   0.000001810
      1464.0   0.000005283   0.000002675
      1465.0   0.000003300   0.000001736
      1466.0   0.000002281   0.000001244
      1467.0   0.000001160   0.000000658
      1468.0   0.000004410   0.000002603
      1469.0   0.000003226   0.000001983
      1470.0   0.000003297   0.000002106
      1471.0   0.000003645   0.000002422
      1472.0   0.000003874   0.000002678
      1473.0   0.000002681   0.000001924
      1474.0   0.000004823   0.000003590
      1475.0   0.000007718   0.000005944
      1476.0   0.000008767   0.000006991
      1477.0   0.000009846   0.000008128
      1478.0   0.000012101   0.000010313
      1479.0   0.000015615   0.000013714
      1480.0   0.000011786   0.000010644
      1481.0   0.000016389   0.000015179
      1482.0   0.000020117   0.000019063
      1483.0   0.000024663   0.000023862
      1484.0   0.000022429   0.000022088
      1485.0   0.000028888   0.000028852
      1486.0   0.000032583   0.000032907
      1487.0   0.000034622   0.000035305
      1488.0   0.000035200   0.000036084
      1489.0   0.000043182   0.000044374
      1490.0   0.000043186   0.000044366
      1491.0   0.000043750   0.000044832
      1492.0   0.000050434   0.000051420
      1493.0   0.000058291   0.000058992
      1494.0   0.000053371   0.000053523
      1495.0   0.000056012   0.000055547
      1496.0   0.000058177   0.000056966
      1497.0   0.000054175   0.000052311
      1498.0   0.000049374   0.000047006
      1499.0   0.000047101   0.000044163
      1500.0   0.000050195   0.000046322
      1501.0   0.000048444   0.000044007
      1502.0   0.000047771   0.000042685
      1503.0   0.000042936   0.000037726
      1504.0   0.000042164   0.000036458
      1505.0   0.000034975   0.000029761
      1506.0   0.000031163   0.000026120
      1507.0   0.000024857   0.000020527
      1508.0   0.000021173   0.000017234
      1509.0   0.000017490   0.000014052
      1510.0   0.000020292   0.000016105
      1511.0   0.000016337   0.000012817
      1512.0   0.000015347   0.000011909
      1513.0   0.000008895   0.000006836
      1514.0   0.000007779   0.000005926
      1515.0   0.000008679   0.000006551
      1516.0   0.000007763   0.000005819
      1517.0   0.000010485   0.000007812
      1518.0   0.000003197   0.000002372
      1519.0   0.000003423   0.000002527
      1520.0   0.000003593   0.000002643
      1521.0   0.000006872   0.000005040
      1522.0   0.000002255   0.000001651
      1523.0   0.000000995   0.000000728
      1524.0   0.000000000   0.000000000
      1525.0   0.000002038   0.000001490
      1526.0   0.000000000   0.000000000
      1527.0   0.000001333   0.000000979
      1528.0   0.000003747   0.000002758
      1529.0   0.000004805   0.000003547
      1530.0   0.000003872   0.000002870
      1531.0   0.000000000   0.000000000
      1532.0   0.000000000   0.000000000
      1533.0   0.000005212   0.000003920
      1534.0   0.000002396   0.000001812
      1535.0   0.000000000   0.000000000
      1536.0   0.000002608   0.000001999
      1537.0   0.000000000   0.000000000
      1538.0   0.000000000   0.000000000
      1539.0   0.000000000   0.000000000
      1540.0   0.000000000   0.000000000
      1541.0   0.000004714   0.000003763
      1542.0   0.000000000   0.000000000
      1543.0   0.000000000   0.000000000
      1544.0   0.000002153   0.000001766
      1545.0   0.000000000   0.000000000
      1546.0   0.000002103   0.000001758
      1547.0   0.000000000   0.000000000
      1548.0   0.000000000   0.000000000
      1549.0   0.000003621   0.000003113
      1550.0   0.000001210   0.000001050
      1551.0   0.000000000   0.000000000
      1552.0   0.000000000   0.000000000
      1553.0   0.000000000   0.000000000
      1554.0   0.000002198   0.000001978
      1555.0   0.000000000   0.000000000
      1556.0   0.000000000   0.000000000
      1557.0   0.000000000   0.000000000
      1558.0   0.000000000   0.000000000
      1559.0   0.000001566   0.000001469
      1560.0   0.000001749   0.000001652
      1561.0   0.000000000   0.000000000
      1562.0   0.000000000   0.000000000
      1563.0   0.000000497   0.000000478
      1564.0   0.000001813   0.000001755
      1565.0   0.000002022   0.000001968
      1566.0   0.000000000   0.000000000
      1567.0   0.000000049   0.000000048
      1568.0   0.000000818   0.000000807
      1569.0   0.000000000   0.000000000
      1570.0   0.000006331   0.000006292
      1571.0   0.000005378   0.000005361
      1572.0   0.000000000   0.000000000
      1573.0   0.000000641   0.000000642
      1574.0   0.000000000   0.000000000
      1575.0   0.000000000   0.000000000
      1576.0   0.000000000   0.000000000
      1577.0   0.000000000   0.000000000
      1578.0   0.000001578   0.000001589
      1579.0   0.000001637   0.000001650
      1580.0   0.000000000   0.000000000
      1581.0   0.000000000   0.000000000
      1582.0   0.000000000   0.000000000
      1583.0   0.000000266   0.000000268
      1584.0   0.000002678   0.000002694
      1585.0   0.000002921   0.000002937
      1586.0   0.000000000   0.000000000
      1587.0   0.000000000   0.000000000
      1588.0   0.000002415   0.000002421
      1589.0   0.000000000   0.000000000
      1590.0   0.000002598   0.000002600
      1591.0   0.000000800   0.000000799
      1592.0   0.000000000   0.000000000
      1593.0   0.000001122   0.000001119
      1594.0   0.000003512   0.000003500
      1595.0   0.000003878   0.000003862
      1596.0   0.000002860   0.000002847
      1597.0   0.000000000   0.000000000
      1598.0   0.000000000   0.000000000
      1599.0   0.000000000   0.000000000
      1600.0   0.000000000   0.000000000
      1601.0   0.000001660   0.000001651
      1602.0   0.000003255   0.000003238
      1603.0   0.000000000   0.000000000
      1604.0   0.000000000   0.000000000
      1605.0   0.000000000   0.000000000
      1606.0   0.000001070   0.000001067
      1607.0   0.000000000   0.000000000
      1608.0   0.000000000   0.000000000
      1609.0   0.000003063   0.000003066
      1610.0   0.000004199   0.000004210
      1611.0   0.000000313   0.000000314
      1612.0   0.000002677   0.000002694
      1613.0   0.000003045   0.000003070
      1614.0   0.000000000   0.000000000
      1615.0   0.000000000   0.000000000
      1616.0   0.000000000   0.000000000
      1617.0   0.000000000   0.000000000
      1618.0   0.000001603   0.000001638
      1619.0   0.000006350   0.000006507
      1620.0   0.000000000   0.000000000
      1621.0   0.000000000   0.000000000
      1622.0   0.000001523   0.000001576
      1623.0   0.000000010   0.000000011
      1624.0   0.000002726   0.000002841
      1625.0   0.000000000   0.000000000
      1626.0   0.000000000   0.000000000
      1627.0   0.000000906   0.000000955
      1628.0   0.000001934   0.000002046
      1629.0   0.000000445   0.000000472
      1630.0   0.000000566   0.000000604
      1631.0   0.000000354   0.000000378
      1632.0   0.000000047   0.000000051
      1633.0   0.000004174   0.000004501
      1634.0   0.000000402   0.000000435
      1635.0   0.000000000   0.000000000
      1636.0   0.000002541   0.000002771
      1637.0   0.000000263   0.000000288
      1638.0   0.000000000   0.000000000
      1639.0   0.000005105   0.000005627
      1640.0   0.000006687   0.000007398
      1641.0   0.000002752   0.000003054
      1642.0   0.000000000   0.000000000
      1643.0   0.000000000   0.000000000
      1644.0   0.000001547   0.000001733
      1645.0   0.000002371   0.000002664
      1646.0   0.000001680   0.000001893
      1647.0   0.000000000   0.000000000
      1648.0   0.000000000   0.000000000
      1649.0   0.000000000   0.000000000
      1650.0   0.000000000   0.000000000
      1651.0   0.000000346   0.000000394
      1652.0   0.000000000   0.000000000
      1653.0   0.000000185   0.000000211
      1654.0   0.000006439   0.000007368
      1655.0   0.000007517   0.000008609
      1656.0   0.000001901   0.000002179
      1657.0   0.000000000   0.000000000
      1658.0   0.000003197   0.000003670
      1659.0   0.000003873   0.000004446
      1660.0   0.000001377   0.000001583
      1661.0   0.000004616   0.000005303
      1662.0   0.000008780   0.000010074
      1663.0   0.000006719   0.000007706
      1664.0   0.000007564   0.000008674
      1665.0   0.000007918   0.000009075
      1666.0   0.000011118   0.000012722
      1667.0   0.000017320   0.000019788
      1668.0   0.000019862   0.000022658
      1669.0   0.000023247   0.000026467
      1670.0   0.000028335   0.000032198
      1671.0   0.000035144   0.000039852
      1672.0   0.000041671   0.000047125
      1673.0   0.000055858   0.000063020
      1674.0   0.000073842   0.000083087
      1675.0   0.000084510   0.000094837
      1676.0   0.000092461   0.000103421
      1677.0   0.000107959   0.000120344
      1678.0   0.000124442   0.000138234
      1679.0   0.000139651   0.000154572
      1680.0   0.000159174   0.000175528
      1681.0   0.000179987   0.000197736
      1682.0   0.000200214   0.000219094
      1683.0   0.000224449   0.000244605
      1684.0   0.000247941   0.000268934
      1685.0   0.000259439   0.000280141
      1686.0   0.000267265   0.000287348
      1687.0   0.000278174   0.000297672
      1688.0   0.000288510   0.000307230
      1689.0   0.000294397   0.000312113
      1690.0   0.000300339   0.000316822
      1691.0   0.000306170   0.000321330
      1692.0   0.000315307   0.000329219
      1693.0   0.000323572   0.000336195
      1694.0   0.000310660   0.000320927
      1695.0   0.000286374   0.000294182
      1696.0   0.000274083   0.000280234
      1697.0   0.000266141   0.000270753
      1698.0   0.000252213   0.000255186
      1699.0   0.000237997   0.000239500
      1700.0   0.000227970   0.000228145
      1701.0   0.000207390   0.000206468
      1702.0   0.000193284   0.000191383
      1703.0   0.000180724   0.000178070
      1704.0   0.000168399   0.000165049
      1705.0   0.000153664   0.000149726
      1706.0   0.000137034   0.000132864
      1707.0   0.000123247   0.000118856
      1708.0   0.000115831   0.000111147
      1709.0   0.000108406   0.000103525
      1710.0   0.000098690   0.000093732
      1711.0   0.000094532   0.000089372
      1712.0   0.000095654   0.000090033
      1713.0   0.000095081   0.000089114
      1714.0   0.000084841   0.000079200
      1715.0   0.000080472   0.000074798
      1716.0   0.000086392   0.000079978
      1717.0   0.000090740   0.000083725
      1718.0   0.000091733   0.000084279
      1719.0   0.000087429   0.000080036
      1720.0   0.000084608   0.000077183
      1721.0   0.000086947   0.000079045
      1722.0   0.000092547   0.000083888
      1723.0   0.000086523   0.000078230
      1724.0   0.000085383   0.000076996
      1725.0   0.000097029   0.000087284
      1726.0   0.000105900   0.000095016
      1727.0   0.000110705   0.000099112
      1728.0   0.000112088   0.000100186
      1729.0   0.000118470   0.000105712
      1730.0   0.000138453   0.000123314
      1731.0   0.000144508   0.000128674
      1732.0   0.000148849   0.000132377
      1733.0   0.000162166   0.000144056
      1734.0   0.000180862   0.000160560
      1735.0   0.000195836   0.000173791
      1736.0   0.000210025   0.000186440
      1737.0   0.000229322   0.000203666
      1738.0   0.000252576   0.000224270
      1739.0   0.000277507   0.000246451
      1740.0   0.000308894   0.000274627
      1741.0   0.000338200   0.000301054
      1742.0   0.000369062   0.000328894
      1743.0   0.000378360   0.000337643
      1744.0   0.000399205   0.000356919
      1745.0   0.000431288   0.000386225
      1746.0   0.000460422   0.000412714
      1747.0   0.000476534   0.000427906
      1748.0   0.000495366   0.000445859
      1749.0   0.000508532   0.000458948
      1750.0   0.000532019   0.000481321
      1751.0   0.000541248   0.000491181
      1752.0   0.000559287   0.000509010
      1753.0   0.000579777   0.000529563
      1754.0   0.000591804   0.000541983
      1755.0   0.000573303   0.000526883
      1756.0   0.000568128   0.000523860
      1757.0   0.000554167   0.000512577
      1758.0   0.000553410   0.000513683
      1759.0   0.000545745   0.000508559
      1760.0   0.000531395   0.000496939
      1761.0   0.000514534   0.000483106
      1762.0   0.000515218   0.000485302
      1763.0   0.000501466   0.000473998
      1764.0   0.000504924   0.000479560
      1765.0   0.000494061   0.000471310
      1766.0   0.000499738   0.000478426
      1767.0   0.000470714   0.000452461
      1768.0   0.000458653   0.000442741
      1769.0   0.000452589   0.000438788
      1770.0   0.000450366   0.000438203
      1771.0   0.000454886   0.000444259
      1772.0   0.000461669   0.000452710
      1773.0   0.000483661   0.000475972
      1774.0   0.000512686   0.000506581
      1775.0   0.000529150   0.000524973
      1776.0   0.000556775   0.000554602
      1777.0   0.000546347   0.000546135
      1778.0   0.000584373   0.000586196
      1779.0   0.000631674   0.000636210
      1780.0   0.000670934   0.000678471
      1781.0   0.000679323   0.000688859
      1782.0   0.000715718   0.000728034
      1783.0   0.000735505   0.000750899
      1784.0   0.000767158   0.000785540
      1785.0   0.000769452   0.000790921
      1786.0   0.000798485   0.000822958
      1787.0   0.000791129   0.000817020
      1788.0   0.000800628   0.000829071
      1789.0   0.000775868   0.000805915
      1790.0   0.000789794   0.000822204
      1791.0   0.000777140   0.000810390
      1792.0   0.000765811   0.000800327
      1793.0   0.000731569   0.000766271
      1794.0   0.000737363   0.000773482
      1795.0   0.000673037   0.000707054
      1796.0   0.000646490   0.000679861
      1797.0   0.000609998   0.000642179
      1798.0   0.000585692   0.000617148
      1799.0   0.000523362   0.000551829
      1800.0   0.000476169   0.000502351
      1801.0   0.000431191   0.000455134
      1802.0   0.000398289   0.000420435
      1803.0   0.000355680   0.000375433
      1804.0   0.000308130   0.000325218
      1805.0   0.000262329   0.000276700
      1806.0   0.000243485   0.000256610
      1807.0   0.000208523   0.000219652
      1808.0   0.000179122   0.000188611
      1809.0   0.000151930   0.000159774
      1810.0   0.000132349   0.000138915
      1811.0   0.000105490   0.000110580
      1812.0   0.000100733   0.000105480
      1813.0   0.000087028   0.000090963
      1814.0   0.000076882   0.000080179
      1815.0   0.000065542   0.000068193
      1816.0   0.000047483   0.000049314
      1817.0   0.000051083   0.000052928
      1818.0   0.000050256   0.000051952
      1819.0   0.000030833   0.000031801
      1820.0   0.000025968   0.000026729
      1821.0   0.000027532   0.000028250
      1822.0   0.000028999   0.000029669
      1823.0   0.000033895   0.000034577
      1824.0   0.000027468   0.000027938
      1825.0   0.000016531   0.000016757
      1826.0   0.000028952   0.000029265
      1827.0   0.000016026   0.000016151
      1828.0   0.000010836   0.000010888
      1829.0   0.000000675   0.000000676
      1830.0   0.000008473   0.000008459
      1831.0   0.000005425   0.000005400
      1832.0   0.000002712   0.000002691
      1833.0   0.000009372   0.000009272
      1834.0   0.000007180   0.000007086
      1835.0   0.000000000   0.000000000
      1836.0   0.000018727   0.000018383
      1837.0   0.000014076   0.000013777
      1838.0   0.000009449   0.000009226
      1839.0   0.000000000   0.000000000
      1840.0   0.000000000   0.000000000
      1841.0   0.000009182   0.000008901
      1842.0   0.000004967   0.000004807
      1843.0   0.000000000   0.000000000
      1844.0   0.000003015   0.000002908
      1845.0   0.000004412   0.000004249
      1846.0   0.000001314   0.000001264
      1847.0   0.000016192   0.000015560
      1848.0   0.000013834   0.000013287
      1849.0   0.000010001   0.000009598
      1850.0   0.000006907   0.000006626
      1851.0   0.000000000   0.000000000
      1852.0   0.000003309   0.000003175
      1853.0   0.000007101   0.000006817
      1854.0   0.000013000   0.000012489
      1855.0   0.000005106   0.000004909
      1856.0   0.000010463   0.000010070
      1857.0   0.000020695   0.000019952
      1858.0   0.000032914   0.000031775
      1859.0   0.000006220   0.000006013
      1860.0   0.000007228   0.000007001
      1861.0   0.000033875   0.000032897
      1862.0   0.000031456   0.000030649
      1863.0   0.000029770   0.000029095
      1864.0   0.000023815   0.000023348
      1865.0   0.000016748   0.000016475
      1866.0   0.000013396   0.000013218
      1867.0   0.000016443   0.000016291
      1868.0   0.000027939   0.000027791
      1869.0   0.000029617   0.000029575
      1870.0   0.000018874   0.000018912
      1871.0   0.000010392   0.000010465
      1872.0   0.000017958   0.000018182
      1873.0   0.000029872   0.000030412
      1874.0   0.000007938   0.000008131
      1875.0   0.000003276   0.000003377
      1876.0   0.000022364   0.000023197
      1877.0   0.000022143   0.000023125
      1878.0   0.000003549   0.000003729
      1879.0   0.000004474   0.000004728
      1880.0   0.000014271   0.000015181
      1881.0   0.000013093   0.000014019
      1882.0   0.000003972   0.000004277
      1883.0   0.000000671   0.000000727
      1884.0   0.000003507   0.000003830
      1885.0   0.000006758   0.000007430
      1886.0   0.000011438   0.000012657
      1887.0   0.000009533   0.000010622
      1888.0   0.000001560   0.000001751
      1889.0   0.000000000   0.000000000
      1890.0   0.000003918   0.000004457
      1891.0   0.000000000   0.000000000
      1892.0   0.000000000   0.000000000
      1893.0   0.000002388   0.000002779
      1894.0   0.000017323   0.000020303
      1895.0   0.000002588   0.000003053
      1896.0   0.000000000   0.000000000
      1897.0   0.000000000   0.000000000
      1898.0   0.000001790   0.000002158
      1899.0   0.000004670   0.000005666
      1900.0   0.000000000   0.000000000
      1901.0   0.000000000   0.000000000
      1902.0   0.000000000   0.000000000
      1903.0   0.000001050   0.000001310
      1904.0   0.000007696   0.000009664
      1905.0   0.000003262   0.000004123
      1906.0   0.000001114   0.000001418
      1907.0   0.000011133   0.000014279
      1908.0   0.000001067   0.000001377
      1909.0   0.000000000   0.000000000
      1910.0   0.000000000   0.000000000
      1911.0   0.000000000   0.000000000
      1912.0   0.000000000   0.000000000
      1913.0   0.000000000   0.000000000
      1914.0   0.000000000   0.000000000
      1915.0   0.000000642   0.000000860
      1916.0   0.000006361   0.000008550
      1917.0   0.000005298   0.000007150
      1918.0   0.000001758   0.000002382
      1919.0   0.000000000   0.000000000
      1920.0   0.000000052   0.000000072
      1921.0   0.000002742   0.000003753
      1922.0   0.000003104   0.000004258
      1923.0   0.000000000   0.000000000
      1924.0   0.000004988   0.000006881
      1925.0   0.000002384   0.000003295
      1926.0   0.000000000   0.000000000
      1927.0   0.000002425   0.000003357
      1928.0   0.000007421   0.000010279
      1929.0   0.000000000   0.000000000
      1930.0   0.000000000   0.000000000
      1931.0   0.000007086   0.000009817
      1932.0   0.000003406   0.000004713
      1933.0   0.000003756   0.000005189
      1934.0   0.000006707   0.000009257
      1935.0   0.000000000   0.000000000
      1936.0   0.000000000   0.000000000
      1937.0   0.000000000   0.000000000
      1938.0   0.000000000   0.000000000
      1939.0   0.000000000   0.000000000
      1940.0   0.000002788   0.000003780
      1941.0   0.000000000   0.000000000
      1942.0   0.000000000   0.000000000
      1943.0   0.000003193   0.000004268
      1944.0   0.000003707   0.000004927
      1945.0   0.000005055   0.000006683
      1946.0   0.000003197   0.000004200
      1947.0   0.000000000   0.000000000
      1948.0   0.000000000   0.000000000
      1949.0   0.000000513   0.000000659
      1950.0   0.000000000   0.000000000
      1951.0   0.000000000   0.000000000
      1952.0   0.000006772   0.000008491
      1953.0   0.000007800   0.000009695
      1954.0   0.000000000   0.000000000
      1955.0   0.000000000   0.000000000
      1956.0   0.000005204   0.000006285
      1957.0   0.000002378   0.000002841
      1958.0   0.000006179   0.000007305
      1959.0   0.000012043   0.000014084
      1960.0   0.000007105   0.000008224
      1961.0   0.000000000   0.000000000
      1962.0   0.000004241   0.000004801
      1963.0   0.000011037   0.000012347
      1964.0   0.000007037   0.000007778
      1965.0   0.000001852   0.000002022
      1966.0   0.000000591   0.000000638
      1967.0   0.000008283   0.000008836
      1968.0   0.000007213   0.000007591
      1969.0   0.000006792   0.000007061
      1970.0   0.000015245   0.000015664
      1971.0   0.000014855   0.000015072
      1972.0   0.000010585   0.000010602
      1973.0   0.000006815   0.000006737
      1974.0   0.000001946   0.000001900
      1975.0   0.000006049   0.000005833
      1976.0   0.000012384   0.000011791
      1977.0   0.000016468   0.000015486
      1978.0   0.000009122   0.000008478
      1979.0   0.000000000   0.000000000
      1980.0   0.000000000   0.000000000
      1981.0   0.000005825   0.000005219
      1982.0   0.000002628   0.000002328
      1983.0   0.000000000   0.000000000
      1984.0   0.000001130   0.000000978
      1985.0   0.000005764   0.000004934
      1986.0   0.000005921   0.000005013
      1987.0   0.000000000   0.000000000
      1988.0   0.000000000   0.000000000
      1989.0   0.000000000   0.000000000
      1990.0   0.000000000   0.000000000
      1991.0   0.000002750   0.000002217
      1992.0   0.000000000   0.000000000
      1993.0   0.000000000   0.000000000
      1994.0   0.000001073   0.000000843
      1995.0   0.000008202   0.000006401
      1996.0   0.000006765   0.000005246
      1997.0   0.000000485   0.000000374
      1998.0   0.000000000   0.000000000
      1999.0   0.000000000   0.000000000
      2000.0   0.000000000   0.000000000
      2001.0   0.000006580   0.000004967
      2002.0   0.000017642   0.000013267
      2003.0   0.000013282   0.000009959
      2004.0   0.000004910   0.000003671
      2005.0   0.000000820   0.000000612
      2006.0   0.000000000   0.000000000
      2007.0   0.000001158   0.000000862
      2008.0   0.000002517   0.000001873
      2009.0   0.000000000   0.000000000
      2010.0   0.000000000   0.000000000
      2011.0   0.000006907   0.000005152
      2012.0   0.000000000   0.000000000
      2013.0   0.000000000   0.000000000
      2014.0   0.000001976   0.000001485
      2015.0   0.000000845   0.000000637
      2016.0   0.000006112   0.000004631
      2017.0   0.000001047   0.000000797
      2018.0   0.000000011   0.000000009
      2019.0   0.000004062   0.000003124
      2020.0   0.000004186   0.000003242
      2021.0   0.000000982   0.000000767
      2022.0   0.000000000   0.000000000
      2023.0   0.000001071   0.000000849
      2024.0   0.000002307   0.000001844
      2025.0   0.000000000   0.000000000
      2026.0   0.000005941   0.000004836
      2027.0   0.000002886   0.000002373
      2028.0   0.000000000   0.000000000
      2029.0   0.000000000   0.000000000
      2030.0   0.000002163   0.000001837
      2031.0   0.000000000   0.000000000
      2032.0   0.000005645   0.000004910
      2033.0   0.000010526   0.000009274
      2034.0   0.000000000   0.000000000
      2035.0   0.000000000   0.000000000
      2036.0   0.000000221   0.000000203
      2037.0   0.000006415   0.000005953
      2038.0   0.000000000   0.000000000
      2039.0   0.000000000   0.000000000
      2040.0   0.000001144   0.000001108
      2041.0   0.000000000   0.000000000
      2042.0   0.000000000   0.000000000
      2043.0   0.000000000   0.000000000
      2044.0   0.000000000   0.000000000
      2045.0   0.000000000   0.000000000
      2046.0   0.000002498   0.000002655
      2047.0   0.000000069   0.000000074
      2048.0   0.000000000   0.000000000
      2049.0   0.000000000   0.000000000
      2050.0   0.000000000   0.000000000
      2051.0   0.000000000   0.000000000
      2052.0   0.000004284   0.000005024
      2053.0   0.000011161   0.000013315
      2054.0   0.000003055   0.000003707
      2055.0   0.000001240   0.000001530
      2056.0   0.000000000   0.000000000
      2057.0   0.000000000   0.000000000
      2058.0   0.000003944   0.000005125
      2059.0   0.000000676   0.000000894
      2060.0   0.000002008   0.000002699
      2061.0   0.000000635   0.000000869
      2062.0   0.000000000   0.000000000
      2063.0   0.000000000   0.000000000
      2064.0   0.000002680   0.000003856
      2065.0   0.000009598   0.000014048
      2066.0   0.000008455   0.000012593
      2067.0   0.000000000   0.000000000
      2068.0   0.000003701   0.000005688
      2069.0   0.000000000   0.000000000
      2070.0   0.000000000   0.000000000
      2071.0   0.000000000   0.000000000
      2072.0   0.000007201   0.000011829
      2073.0   0.000002319   0.000003875
      2074.0   0.000001166   0.000001977
      2075.0   0.000003490   0.000006013
      2076.0   0.000000000   0.000000000
      2077.0   0.000000421   0.000000749
      2078.0   0.000001706   0.000003072
      2079.0   0.000000000   0.000000000
      2080.0   0.000000880   0.000001631
      2081.0   0.000002518   0.000004731
      2082.0   0.000000000   0.000000000
      2083.0   0.000000000   0.000000000
      2084.0   0.000001266   0.000002478
      2085.0   0.000002680   0.000005314
      2086.0   0.000000000   0.000000000
      2087.0   0.000000000   0.000000000
      2088.0   0.000000949   0.000001945
      2089.0   0.000000965   0.000002001
      2090.0   0.000004213   0.000008842
      2091.0   0.000000000   0.000000000
      2092.0   0.000000000   0.000000000
      2093.0   0.000000000   0.000000000
      2094.0   0.000000396   0.000000863
      2095.0   0.000006055   0.000013312
      2096.0   0.000001623   0.000003595
      2097.0   0.000003737   0.000008339
      2098.0   0.000005228   0.000011749
      2099.0   0.000000000   0.000000000
      2100.0   0.000000000   0.000000000
      2101.0   0.000000000   0.000000000
      2102.0   0.000001064   0.000002448
      2103.0   0.000000194   0.000000448
      2104.0   0.000000000   0.000000000
      2105.0   0.000000000   0.000000000
      2106.0   0.000004427   0.000010299
      2107.0   0.000003915   0.000009122
      2108.0   0.000000000   0.000000000
      2109.0   0.000000000   0.000000000
      2110.0   0.000000000   0.000000000
      2111.0   0.000000000   0.000000000
      2112.0   0.000000216   0.000000507
      2113.0   0.000003060   0.000007151
      2114.0   0.000000000   0.000000000
      2115.0   0.000000000   0.000000000
      2116.0   0.000000000   0.000000000
      2117.0   0.000000000   0.000000000
      2118.0   0.000009805   0.000022604
      2119.0   0.000000174   0.000000400
      2120.0   0.000001386   0.000003159
      2121.0   0.000004083   0.000009230
      2122.0   0.000001462   0.000003287
      2123.0   0.000000797   0.000001778
      2124.0   0.000000000   0.000000000
      2125.0   0.000003281   0.000007211
      2126.0   0.000000000   0.000000000
      2127.0   0.000000000   0.000000000
      2128.0   0.000005862   0.000012537
      2129.0   0.000011278   0.000023878
      2130.0   0.000001482   0.000003105
      2131.0   0.000000000   0.000000000
      2132.0   0.000000000   0.000000000
      2133.0   0.000000000   0.000000000
      2134.0   0.000000000   0.000000000
      2135.0   0.000000000   0.000000000
      2136.0   0.000002060   0.000004023
      2137.0   0.000002240   0.000004322
      2138.0   0.000000082   0.000000157
      2139.0   0.000000000   0.000000000
      2140.0   0.000000000   0.000000000
      2141.0   0.000007371   0.000013416
      2142.0   0.000000000   0.000000000
      2143.0   0.000005796   0.000010254
      2144.0   0.000002876   0.000005015
      2145.0   0.000000000   0.000000000
      2146.0   0.000000000   0.000000000
      2147.0   0.000004228   0.000007026
      2148.0   0.000000000   0.000000000
      2149.0   0.000000000   0.000000000
      2150.0   0.000000000   0.000000000
      2151.0   0.000005161   0.000008019
      2152.0   0.000000000   0.000000000
      2153.0   0.000000000   0.000000000
      2154.0   0.000000435   0.000000640
      2155.0   0.000002147   0.000003110
      2156.0   0.000003085   0.000004393
      2157.0   0.000000000   0.000000000
      2158.0   0.000000000   0.000000000
      2159.0   0.000000000   0.000000000
      2160.0   0.000000000   0.000000000
      2161.0   0.000000000   0.000000000
      2162.0   0.000000000   0.000000000
      2163.0   0.000000000   0.000000000
      2164.0   0.000000000   0.000000000
      2165.0   0.000000000   0.000000000
      2166.0   0.000000000   0.000000000
      2167.0   0.000000556   0.000000648
      2168.0   0.000011152   0.000012791
      2169.0   0.000000000   0.000000000
      2170.0   0.000004200   0.000004637
      2171.0   0.000000000   0.000000000
      2172.0   0.000000000   0.000000000
      2173.0   0.000007819   0.000008173
      2174.0   0.000001823   0.000001870
      2175.0   0.000000000   0.000000000
      2176.0   0.000003689   0.000003647
      2177.0   0.000007133   0.000006921
      2178.0   0.000002085   0.000001988
      2179.0   0.000000000   0.000000000
      2180.0   0.000000000   0.000000000
      2181.0   0.000000000   0.000000000
      2182.0   0.000000000   0.000000000
      2183.0   0.000009060   0.000007905
      2184.0   0.000001972   0.000001687
      2185.0   0.000001292   0.000001086
      2186.0   0.000007499   0.000006192
      2187.0   0.000000000   0.000000000
      2188.0   0.000000000   0.000000000
      2189.0   0.000010893   0.000008556
      2190.0   0.000024581   0.000018966
      2191.0   0.000006245   0.000004737
      2192.0   0.000000000   0.000000000
      2193.0   0.000000000   0.000000000
      2194.0   0.000000000   0.000000000
      2195.0   0.000013831   0.000009816
      2196.0   0.000000000   0.000000000
      2197.0   0.000000000   0.000000000
      2198.0   0.000012386   0.000008405
      2199.0   0.000000000   0.000000000
      2200.0   0.000000000   0.000000000
      2201.0   0.000000000   0.000000000
      2202.0   0.000000000   0.000000000
      2203.0   0.000000000   0.000000000
      2204.0   0.000000000   0.000000000
      2205.0   0.000017218   0.000010504
      2206.0   0.000019040   0.000011465
      2207.0   0.000002035   0.000001209
      2208.0   0.000000000   0.000000000
      2209.0   0.000000000   0.000000000
      2210.0   0.000000000   0.000000000
      2211.0   0.000015052   0.000008466
      2212.0   0.000021762   0.000012086
      2213.0   0.000000000   0.000000000
      2214.0   0.000000000   0.000000000
      2215.0   0.000003986   0.000002135
      2216.0   0.000021370   0.000011314
      2217.0   0.000015082   0.000007900
      2218.0   0.000000000   0.000000000
      2219.0   0.000000000   0.000000000
      2220.0   0.000005192   0.000002634
      2221.0   0.000004156   0.000002085
      2222.0   0.000021121   0.000010495
      2223.0   0.000009847   0.000004842
      2224.0   0.000009319   0.000004536
      2225.0   0.000018614   0.000008983
      2226.0   0.000005017   0.000002405
      2227.0   0.000000000   0.000000000
      2228.0   0.000000000   0.000000000
      2229.0   0.000004767   0.000002232
      2230.0   0.000014545   0.000006766
      2231.0   0.000012966   0.000005980
      2232.0   0.000000000   0.000000000
      2233.0   0.000000000   0.000000000
      2234.0   0.000000678   0.000000308
      2235.0   0.000000682   0.000000308
      2236.0   0.000000000   0.000000000
      2237.0   0.000009347   0.000004176
      2238.0   0.000040814   0.000018137
      2239.0   0.000001401   0.000000620
      2240.0   0.000000000   0.000000000
      2241.0   0.000000000   0.000000000
      2242.0   0.000019770   0.000008668
      2243.0   0.000003534   0.000001547
      2244.0   0.000000000   0.000000000
      2245.0   0.000000000   0.000000000
      2246.0   0.000000000   0.000000000
      2247.0   0.000000000   0.000000000
      2248.0   0.000001351   0.000000586
      2249.0   0.000000000   0.000000000
      2250.0   0.000000000   0.000000000
      2251.0   0.000000000   0.000000000
      2252.0   0.000000000   0.000000000
      2253.0   0.000000000   0.000000000
      2254.0   0.000000000   0.000000000
      2255.0   0.000007295   0.000003174
      2256.0   0.000001771   0.000000772
      2257.0   0.000000000   0.000000000
      2258.0   0.000000000   0.000000000
      2259.0   0.000003990   0.000001754
      2260.0   0.000019778   0.000008727
      2261.0   0.000000000   0.000000000
      2262.0   0.000000000   0.000000000
      2263.0   0.000000000   0.000000000
      2264.0   0.000006642   0.000002977
      2265.0   0.000000000   0.000000000
      2266.0   0.000000000   0.000000000
      2267.0   0.000000000   0.000000000
      2268.0   0.000000000   0.000000000
      2269.0   0.000001257   0.000000578
      2270.0   0.000000399   0.000000185
      2271.0   0.000000000   0.000000000
      2272.0   0.000007348   0.000003442
      2273.0   0.000009609   0.000004523
      2274.0   0.000000000   0.000000000
      2275.0   0.000000000   0.000000000
      2276.0   0.000010561   0.000005088
      2277.0   0.000004224   0.000002052
      2278.0   0.000000745   0.000000365
      2279.0   0.000000000   0.000000000
      2280.0   0.000004301   0.000002136
      2281.0   0.000002250   0.000001128
      2282.0   0.000000000   0.000000000
      2283.0   0.000000000   0.000000000
      2284.0   0.000001461   0.000000751
      2285.0   0.000000000   0.000000000
      2286.0   0.000009988   0.000005228
      2287.0   0.000008905   0.000004705
      2288.0   0.000000000   0.000000000
      2289.0   0.000000000   0.000000000
      2290.0   0.000000000   0.000000000
      2291.0   0.000000000   0.000000000
      2292.0   0.000008564   0.000004753
      2293.0   0.000005617   0.000003151
      2294.0   0.000000000   0.000000000
      2295.0   0.000000000   0.000000000
      2296.0   0.000001904   0.000001101
      2297.0   0.000002923   0.000001706
      2298.0   0.000000000   0.000000000
      2299.0   0.000000000   0.000000000
      2300.0   0.000000000   0.000000000
      2301.0   0.000000000   0.000000000
      2302.0   0.000004713   0.000002904
      2303.0   0.000004940   0.000003074
      2304.0   0.000000000   0.000000000
      2305.0   0.000000000   0.000000000
      2306.0   0.000010529   0.000006763
      2307.0   0.000008809   0.000005723
      2308.0   0.000006965   0.000004574
      2309.0   0.000000000   0.000000000
      2310.0   0.000000000   0.000000000
      2311.0   0.000005275   0.000003583
      2312.0   0.000020481   0.000014056
      2313.0   0.000021584   0.000014972
      2314.0   0.000000000   0.000000000
      2315.0   0.000000000   0.000000000
      2316.0   0.000013249   0.000009476
      2317.0   0.000006411   0.000004637
      2318.0   0.000000000   0.000000000
      2319.0   0.000000000   0.000000000
      2320.0   0.000000000   0.000000000
      2321.0   0.000000000   0.000000000
      2322.0   0.000000000   0.000000000
      2323.0   0.000010354   0.000007969
      2324.0   0.000000000   0.000000000
      2325.0   0.000003079   0.000002417
      2326.0   0.000003701   0.000002929
      2327.0   0.000002680   0.000002141
      2328.0   0.000003166   0.000002555
      2329.0   0.000006320   0.000005147
      2330.0   0.000000000   0.000000000
      2331.0   0.000005741   0.000004766
      2332.0   0.000043576   0.000036498
      2333.0   0.000029872   0.000025236
      2334.0   0.000031159   0.000026544
      2335.0   0.000030916   0.000026537
      2336.0   0.000035394   0.000030655
      2337.0   0.000040238   0.000035162
      2338.0   0.000084898   0.000074802
      2339.0   0.000066694   0.000059195
      2340.0   0.000093510   0.000083673
      2341.0   0.000042685   0.000038467
      2342.0   0.000067646   0.000061444
      2343.0   0.000090250   0.000082596
      2344.0   0.000091765   0.000084476
      2345.0   0.000107176   0.000099380
      2346.0   0.000112566   0.000105097
      2347.0   0.000124793   0.000117266
      2348.0   0.000132605   0.000125342
      2349.0   0.000117847   0.000112081
      2350.0   0.000117413   0.000112352
      2351.0   0.000099440   0.000095708
      2352.0   0.000094773   0.000091687
      2353.0   0.000089886   0.000087403
      2354.0   0.000082681   0.000080789
      2355.0   0.000110522   0.000108539
      2356.0   0.000097343   0.000096043
      2357.0   0.000052068   0.000051599
      2358.0   0.000069111   0.000068777
      2359.0   0.000078210   0.000078110
      2360.0   0.000065967   0.000066127
      2361.0   0.000050860   0.000051140
      2362.0   0.000034169   0.000034483
      2363.0   0.000027042   0.000027388
      2364.0   0.000030488   0.000030964
      2365.0   0.000004872   0.000004959
      2366.0   0.000003746   0.000003824
      2367.0   0.000014953   0.000015310
      2368.0   0.000008685   0.000008911
      2369.0   0.000000000   0.000000000
      2370.0   0.000001140   0.000001173
      2371.0   0.000000000   0.000000000
      2372.0   0.000001673   0.000001727
      2373.0   0.000004503   0.000004656
      2374.0   0.000000000   0.000000000
      2375.0   0.000021434   0.000022210
      2376.0   0.000000000   0.000000000
      2377.0   0.000000000   0.000000000
      2378.0   0.000000000   0.000000000
      2379.0   0.000004480   0.000004652
      2380.0   0.000032398   0.000033659
      2381.0   0.000032336   0.000033591
      2382.0   0.000006670   0.000006930
      2383.0   0.000012108   0.000012572
      2384.0   0.000007829   0.000008122
      2385.0   0.000000000   0.000000000
      2386.0   0.000000000   0.000000000
      2387.0   0.000000055   0.000000057
      2388.0   0.000026318   0.000027230
      2389.0   0.000033271   0.000034429
      2390.0   0.000024732   0.000025552
      2391.0   0.000030077   0.000031034
      2392.0   0.000015631   0.000016118
      2393.0   0.000000000   0.000000000
      2394.0   0.000041927   0.000043084
      2395.0   0.000020316   0.000020851
      2396.0   0.000009349   0.000009584
      2397.0   0.000038306   0.000039202
      2398.0   0.000003628   0.000003707
      2399.0   0.000000000   0.000000000
      2400.0   0.000018666   0.000019015
      2401.0   0.000000000   0.000000000
      2402.0   0.000022830   0.000023174
      2403.0   0.000000000   0.000000000
      2404.0   0.000018992   0.000019214
      2405.0   0.000065365   0.000066023
      2406.0   0.000015583   0.000015711
      2407.0   0.000001264   0.000001272
      2408.0   0.000004165   0.000004183
      2409.0   0.000000000   0.000000000
      2410.0   0.000026224   0.000026262
      2411.0   0.000012967   0.000012960
      2412.0   0.000007437   0.000007422
      2413.0   0.000000000   0.000000000
      2414.0   0.000020953   0.000020841
      2415.0   0.000047810   0.000047483
      2416.0   0.000027198   0.000026960
      2417.0   0.000038579   0.000038207
      2418.0   0.000073789   0.000072935
      2419.0   0.000021802   0.000021524
      2420.0   0.000000000   0.000000000
      2421.0   0.000054879   0.000054043
      2422.0   0.000071276   0.000070088
      2423.0   0.000070570   0.000069313
      2424.0   0.000000000   0.000000000
      2425.0   0.000000000   0.000000000
      2426.0   0.000053365   0.000052266
      2427.0   0.000063775   0.000062402
      2428.0   0.000000000   0.000000000
      2429.0   0.000025953   0.000025370
      2430.0   0.000000000   0.000000000
      2431.0   0.000076190   0.000074354
      2432.0   0.000043392   0.000042337
      2433.0   0.000017072   0.000016661
      2434.0   0.000016839   0.000016425
      2435.0   0.000000000   0.000000000
      2436.0   0.000028922   0.000028182
      2437.0   0.000000000   0.000000000
      2438.0   0.000047735   0.000046556
      2439.0   0.000000000   0.000000000
      2440.0   0.000000000   0.000000000
      2441.0   0.000000040   0.000000039
      2442.0   0.000009668   0.000009449
      2443.0   0.000000000   0.000000000
      2444.0   0.000000000   0.000000000
      2445.0   0.000000000   0.000000000
      2446.0   0.000010607   0.000010398
      2447.0   0.000000000   0.000000000
      2448.0   0.000000000   0.000000000
      2449.0   0.000007699   0.000007570
      2450.0   0.000016208   0.000015966
      2451.0   0.000000000   0.000000000
      2452.0   0.000000000   0.000000000
      2453.0   0.000000000   0.000000000
      2454.0   0.000000000   0.000000000
      2455.0   0.000006548   0.000006500
      2456.0   0.000005792   0.000005760
      2457.0   0.000009059   0.000009026
      2458.0   0.000000000   0.000000000
      2459.0   0.000000000   0.000000000
      2460.0   0.000000000   0.000000000
      2461.0   0.000024928   0.000025073
      2462.0   0.000004853   0.000004893
      2463.0   0.000000000   0.000000000
      2464.0   0.000013250   0.000013421
      2465.0   0.000030829   0.000031330
      2466.0   0.000016686   0.000017001
      2467.0   0.000013267   0.000013548
      2468.0   0.000000000   0.000000000
      2469.0   0.000000000   0.000000000
      2470.0   0.000004700   0.000004850
      2471.0   0.000010973   0.000011351
      2472.0   0.000019540   0.000020281
      2473.0   0.000037049   0.000038600
      2474.0   0.000013479   0.000014081
      2475.0   0.000011005   0.000011530
      2476.0   0.000000000   0.000000000
      2477.0   0.000000000   0.000000000
      2478.0   0.000049899   0.000052871
      2479.0   0.000000000   0.000000000
      2480.0   0.000000000   0.000000000
      2481.0   0.000050466   0.000054050
      2482.0   0.000017364   0.000018655
      2483.0   0.000000000   0.000000000
      2484.0   0.000000000   0.000000000
      2485.0   0.000000000   0.000000000
      2486.0   0.000015543   0.000016949
      2487.0   0.000007512   0.000008227
      2488.0   0.000000000   0.000000000
      2489.0   0.000000000   0.000000000
      2490.0   0.000000000   0.000000000
      2491.0   0.000015297   0.000017000
      2492.0   0.000000000   0.000000000
      2493.0   0.000000000   0.000000000
      2494.0   0.000000000   0.000000000
      2495.0   0.000000000   0.000000000
      2496.0   0.000000000   0.000000000
      2497.0   0.000029077   0.000033101
      2498.0   0.000032305   0.000036865
      2499.0   0.000029172   0.000033419
      2500.0   0.000000000   0.000000000
      2501.0   0.000008878   0.000010266
      2502.0   0.000027241   0.000031637
      2503.0   0.000000000   0.000000000
      2504.0   0.000000753   0.000000882
      2505.0   0.000004256   0.000005006
      2506.0   0.000000000   0.000000000
      2507.0   0.000000000   0.000000000
      2508.0   0.000000649   0.000000773
      2509.0   0.000000442   0.000000528
      2510.0   0.000000000   0.000000000
      2511.0   0.000000000   0.000000000
      2512.0   0.000000000   0.000000000
      2513.0   0.000011736   0.000014231
      2514.0   0.000041317   0.000050262
      2515.0   0.000041366   0.000050469
      2516.0   0.000000000   0.000000000
      2517.0   0.000000000   0.000000000
      2518.0   0.000005654   0.000006971
      2519.0   0.000037587   0.000046486
      2520.0   0.000014117   0.000017520
      2521.0   0.000026274   0.000032729
      2522.0   0.000035727   0.000044648
      2523.0   0.000004755   0.000005958
      2524.0   0.000000000   0.000000000
      2525.0   0.000008415   0.000010607
      2526.0   0.000011671   0.000014753
      2527.0   0.000000000   0.000000000
      2528.0   0.000000000   0.000000000
      2529.0   0.000000000   0.000000000
      2530.0   0.000000000   0.000000000
      2531.0   0.000013984   0.000017891
      2532.0   0.000004029   0.000005168
      2533.0   0.000000000   0.000000000
      2534.0   0.000000000   0.000000000
      2535.0   0.000000000   0.000000000
      2536.0   0.000005303   0.000006861
      2537.0   0.000038504   0.000049923
      2538.0   0.000030075   0.000039057
      2539.0   0.000000000   0.000000000
      2540.0   0.000000000   0.000000000
      2541.0   0.000000000   0.000000000
      2542.0   0.000014545   0.000019017
      2543.0   0.000016424   0.000021491
      2544.0   0.000058880   0.000077093
      2545.0   0.000092058   0.000120644
      2546.0   0.000007459   0.000009787
      2547.0   0.000000000   0.000000000
      2548.0   0.000000000   0.000000000
      2549.0   0.000000000   0.000000000
      2550.0   0.000000000   0.000000000
      2551.0   0.000016128   0.000021229
      2552.0   0.000023536   0.000031003
      2553.0   0.000039844   0.000052470
      2554.0   0.000017488   0.000023018
      2555.0   0.000000000   0.000000000
      2556.0   0.000002505   0.000003300
      2557.0   0.000010530   0.000013875
      2558.0   0.000008910   0.000011737
      2559.0   0.000003455   0.000004547
      2560.0   0.000042488   0.000055862
      2561.0   0.000084881   0.000111580
      2562.0   0.000033261   0.000043690
      2563.0   0.000009141   0.000011989
      2564.0   0.000065429   0.000085677
      2565.0   0.000080618   0.000105433
      2566.0   0.000000000   0.000000000
      2567.0   0.000000000   0.000000000
      2568.0   0.000000000   0.000000000
      2569.0   0.000000000   0.000000000
      2570.0   0.000032260   0.000041851
      2571.0   0.000033895   0.000043891
      2572.0   0.000008834   0.000011410
      2573.0   0.000018553   0.000023909
      2574.0   0.000000000   0.000000000
      2575.0   0.000000000   0.000000000
      2576.0   0.000042068   0.000053808
      2577.0   0.000070293   0.000089670
      2578.0   0.000000000   0.000000000
      2579.0   0.000000000   0.000000000
      2580.0   0.000058623   0.000074305
      2581.0   0.000046914   0.000059272
      2582.0   0.000000000   0.000000000
      2583.0   0.000005655   0.000007090
      2584.0   0.000000000   0.000000000
      2585.0   0.000040049   0.000050033
      2586.0   0.000000000   0.000000000
      2587.0   0.000000000   0.000000000
      2588.0   0.000010258   0.000012637
      2589.0   0.000080405   0.000098795
      2590.0   0.000007404   0.000009061
      2591.0   0.000000000   0.000000000
      2592.0   0.000052441   0.000063540
      2593.0   0.000000000   0.000000000
      2594.0   0.000000000   0.000000000
      2595.0   0.000000000   0.000000000
      2596.0   0.000116745   0.000139095
      2597.0   0.000066563   0.000078888
      2598.0   0.000050417   0.000059455
      2599.0   0.000044406   0.000052124
      2600.0   0.000000000   0.000000000
      2601.0   0.000011545   0.000013434
      2602.0   0.000109569   0.000126891
      2603.0   0.000044171   0.000050919
      2604.0   0.000098767   0.000113285
      2605.0   0.000053561   0.000061139
      2606.0   0.000000000   0.000000000
      2607.0   0.000000000   0.000000000
      2608.0   0.000032908   0.000036960
      2609.0   0.000010313   0.000011539
      2610.0   0.000127922   0.000142532
      2611.0   0.000035127   0.000038853
      2612.0   0.000000000   0.000000000
      2613.0   0.000000000   0.000000000
      2614.0   0.000000000   0.000000000
      2615.0   0.000000000   0.000000000
      2616.0   0.000000000   0.000000000
      2617.0   0.000000000   0.000000000
      2618.0   0.000000000   0.000000000
      2619.0   0.000000000   0.000000000
      2620.0   0.000056967   0.000059841
      2621.0   0.000021003   0.000021968
      2622.0   0.000000000   0.000000000
      2623.0   0.000008827   0.000009101
      2624.0   0.000053366   0.000054752
      2625.0   0.000111967   0.000114312
      2626.0   0.000087198   0.000088445
      2627.0   0.000000000   0.000000000
      2628.0   0.000017583   0.000017663
      2629.0   0.000106746   0.000106656
      2630.0   0.000006164   0.000006112
      2631.0   0.000000000   0.000000000
      2632.0   0.000000000   0.000000000
      2633.0   0.000000000   0.000000000
      2634.0   0.000067812   0.000065632
      2635.0   0.000105346   0.000101234
      2636.0   0.000090029   0.000086010
      2637.0   0.000000000   0.000000000
      2638.0   0.000135427   0.000127905
      2639.0   0.000049838   0.000046821
      2640.0   0.000073326   0.000068440
      2641.0   0.000041938   0.000038913
      2642.0   0.000000000   0.000000000
      2643.0   0.000002597   0.000002392
      2644.0   0.000000000   0.000000000
      2645.0   0.000000000   0.000000000
      2646.0   0.000188664   0.000171438
      2647.0   0.000161938   0.000146676
      2648.0   0.000156102   0.000140639
      2649.0   0.000018263   0.000016365
      2650.0   0.000079682   0.000071105
      2651.0   0.000028625   0.000025457
      2652.0   0.000069717   0.000061674
      2653.0   0.000020047   0.000017639
      2654.0   0.000000000   0.000000000
      2655.0   0.000000000   0.000000000
      2656.0   0.000075324   0.000065463
      2657.0   0.000056983   0.000049341
      2658.0   0.000078072   0.000067354
      2659.0   0.000000000   0.000000000
      2660.0   0.000132869   0.000113495
      2661.0   0.000195629   0.000166509
      2662.0   0.000259548   0.000219830
      2663.0   0.000000000   0.000000000
      2664.0   0.000175255   0.000147484
      2665.0   0.000460321   0.000386462
      2666.0   0.000083854   0.000069826
      2667.0   0.000070424   0.000058591
      2668.0   0.000319179   0.000264587
      2669.0   0.000570364   0.000470474
      2670.0   0.000112666   0.000092449
      2671.0   0.000000000   0.000000000
      2672.0   0.000435642   0.000353809
      2673.0   0.000392338   0.000318446
      2674.0   0.000076879   0.000061801
      2675.0   0.000041907   0.000033442
      2676.0   0.000352446   0.000282093
      2677.0   0.000319340   0.000253398
      2678.0   0.000264510   0.000209543
      2679.0   0.000050673   0.000040093
      2680.0   0.000103633   0.000081948
      2681.0   0.000470754   0.000367833
      2682.0   0.000597177   0.000465426
      2683.0   0.000596580   0.000465685
      2684.0   0.000596295   0.000461918
      2685.0   0.000596465   0.000459588
      2686.0   0.000594545   0.000461927
      2687.0   0.000594857   0.000461507
      2688.0   0.000595298   0.000460163
      2689.0   0.000596636   0.000464121
      2690.0   0.000597871   0.000469237
      2691.0   0.000596778   0.000470983
      2692.0   0.000599691   0.000458429
      2693.0   0.000599588   0.000458777
      2694.0   0.000593914   0.000455253
      2695.0   0.000592478   0.000447424
      2696.0   0.000595327   0.000429074
      2697.0   0.000582537   0.000463412
      2698.0   0.000592555   0.000486536
      2699.0   0.000601265   0.000471935
      2700.0   0.000605012   0.000461615
