#                                                          
# SPHERE/IRDIS BB B_Y filter transmission                  
#                                                          
# Updated with final values on 2015-04-16 by Arthur Vigan  
# For any information, please contact <arthur.vigan@lam.fr>
#                                                          
# wavelength   B_Y                                         
#                                                          
       400.0   0.000000970
       401.0   0.000000516
       402.0   0.000000330
       403.0   0.000000330
       404.0   0.000000330
       405.0   0.000000330
       406.0   0.000000330
       407.0   0.000000330
       408.0   0.000000330
       409.0   0.000000330
       410.0   0.000000330
       411.0   0.000000330
       412.0   0.000000330
       413.0   0.000000330
       414.0   0.000000330
       415.0   0.000000330
       416.0   0.000000330
       417.0   0.000000330
       418.0   0.000000330
       419.0   0.000000330
       420.0   0.000000330
       421.0   0.000000330
       422.0   0.000000330
       423.0   0.000000330
       424.0   0.000000330
       425.0   0.000000330
       426.0   0.000000330
       427.0   0.000000330
       428.0   0.000000330
       429.0   0.000000330
       430.0   0.000000330
       431.0   0.000000330
       432.0   0.000000330
       433.0   0.000000330
       434.0   0.000000330
       435.0   0.000000330
       436.0   0.000000330
       437.0   0.000000330
       438.0   0.000000330
       439.0   0.000000330
       440.0   0.000000330
       441.0   0.000000330
       442.0   0.000000330
       443.0   0.000000330
       444.0   0.000000330
       445.0   0.000000330
       446.0   0.000000330
       447.0   0.000000330
       448.0   0.000000330
       449.0   0.000000330
       450.0   0.000000330
       451.0   0.000000330
       452.0   0.000000330
       453.0   0.000000330
       454.0   0.000000330
       455.0   0.000000330
       456.0   0.000000330
       457.0   0.000000330
       458.0   0.000000330
       459.0   0.000000330
       460.0   0.000000330
       461.0   0.000000330
       462.0   0.000000330
       463.0   0.000000330
       464.0   0.000000330
       465.0   0.000000330
       466.0   0.000000330
       467.0   0.000000330
       468.0   0.000000330
       469.0   0.000000330
       470.0   0.000000330
       471.0   0.000000330
       472.0   0.000000330
       473.0   0.000000330
       474.0   0.000000330
       475.0   0.000000330
       476.0   0.000000330
       477.0   0.000000330
       478.0   0.000000330
       479.0   0.000000330
       480.0   0.000000330
       481.0   0.000000330
       482.0   0.000000330
       483.0   0.000000330
       484.0   0.000000330
       485.0   0.000000330
       486.0   0.000000330
       487.0   0.000000330
       488.0   0.000000330
       489.0   0.000000330
       490.0   0.000000330
       491.0   0.000000330
       492.0   0.000000330
       493.0   0.000000330
       494.0   0.000000330
       495.0   0.000000330
       496.0   0.000000330
       497.0   0.000000330
       498.0   0.000000330
       499.0   0.000000330
       500.0   0.000000330
       501.0   0.000000330
       502.0   0.000000330
       503.0   0.000000330
       504.0   0.000000330
       505.0   0.000000330
       506.0   0.000000330
       507.0   0.000000330
       508.0   0.000000330
       509.0   0.000000330
       510.0   0.000000330
       511.0   0.000000330
       512.0   0.000000330
       513.0   0.000000330
       514.0   0.000000330
       515.0   0.000000330
       516.0   0.000000330
       517.0   0.000000330
       518.0   0.000000330
       519.0   0.000000330
       520.0   0.000000330
       521.0   0.000000330
       522.0   0.000000330
       523.0   0.000000330
       524.0   0.000000330
       525.0   0.000000330
       526.0   0.000000330
       527.0   0.000000330
       528.0   0.000000330
       529.0   0.000000330
       530.0   0.000000330
       531.0   0.000000330
       532.0   0.000000330
       533.0   0.000000330
       534.0   0.000000330
       535.0   0.000000330
       536.0   0.000000330
       537.0   0.000000330
       538.0   0.000000330
       539.0   0.000000330
       540.0   0.000000330
       541.0   0.000000330
       542.0   0.000000330
       543.0   0.000000330
       544.0   0.000000330
       545.0   0.000000330
       546.0   0.000000330
       547.0   0.000000330
       548.0   0.000000330
       549.0   0.000000330
       550.0   0.000000330
       551.0   0.000000330
       552.0   0.000000330
       553.0   0.000000330
       554.0   0.000000330
       555.0   0.000000330
       556.0   0.000000330
       557.0   0.000000330
       558.0   0.000000330
       559.0   0.000000330
       560.0   0.000000330
       561.0   0.000000330
       562.0   0.000000330
       563.0   0.000000330
       564.0   0.000000330
       565.0   0.000000330
       566.0   0.000000330
       567.0   0.000000330
       568.0   0.000000330
       569.0   0.000000330
       570.0   0.000000330
       571.0   0.000000330
       572.0   0.000000330
       573.0   0.000000330
       574.0   0.000000330
       575.0   0.000000330
       576.0   0.000000330
       577.0   0.000000330
       578.0   0.000000330
       579.0   0.000000330
       580.0   0.000000330
       581.0   0.000000330
       582.0   0.000000330
       583.0   0.000000330
       584.0   0.000000330
       585.0   0.000000330
       586.0   0.000000330
       587.0   0.000000330
       588.0   0.000000330
       589.0   0.000000330
       590.0   0.000000330
       591.0   0.000000330
       592.0   0.000000330
       593.0   0.000000330
       594.0   0.000000330
       595.0   0.000000330
       596.0   0.000000330
       597.0   0.000000330
       598.0   0.000000330
       599.0   0.000000330
       600.0   0.000000330
       601.0   0.000000330
       602.0   0.000000330
       603.0   0.000000330
       604.0   0.000000330
       605.0   0.000000330
       606.0   0.000000330
       607.0   0.000000330
       608.0   0.000000330
       609.0   0.000000330
       610.0   0.000000330
       611.0   0.000000330
       612.0   0.000000330
       613.0   0.000000330
       614.0   0.000000330
       615.0   0.000000330
       616.0   0.000000330
       617.0   0.000000330
       618.0   0.000000330
       619.0   0.000000330
       620.0   0.000000330
       621.0   0.000000330
       622.0   0.000000330
       623.0   0.000000330
       624.0   0.000000330
       625.0   0.000000330
       626.0   0.000000330
       627.0   0.000000330
       628.0   0.000000330
       629.0   0.000000330
       630.0   0.000000330
       631.0   0.000000330
       632.0   0.000000330
       633.0   0.000000330
       634.0   0.000000330
       635.0   0.000000330
       636.0   0.000000330
       637.0   0.000000330
       638.0   0.000000330
       639.0   0.000000330
       640.0   0.000000330
       641.0   0.000000330
       642.0   0.000000330
       643.0   0.000000330
       644.0   0.000000330
       645.0   0.000000330
       646.0   0.000000330
       647.0   0.000000330
       648.0   0.000000330
       649.0   0.000000330
       650.0   0.000000330
       651.0   0.000000330
       652.0   0.000000330
       653.0   0.000000330
       654.0   0.000000330
       655.0   0.000000330
       656.0   0.000000330
       657.0   0.000000330
       658.0   0.000000330
       659.0   0.000000330
       660.0   0.000000330
       661.0   0.000000330
       662.0   0.000000330
       663.0   0.000000330
       664.0   0.000000330
       665.0   0.000000330
       666.0   0.000000330
       667.0   0.000000330
       668.0   0.000000330
       669.0   0.000000330
       670.0   0.000000330
       671.0   0.000000330
       672.0   0.000000330
       673.0   0.000000330
       674.0   0.000000330
       675.0   0.000000330
       676.0   0.000000330
       677.0   0.000000330
       678.0   0.000000330
       679.0   0.000000330
       680.0   0.000000330
       681.0   0.000000330
       682.0   0.000000330
       683.0   0.000000330
       684.0   0.000000330
       685.0   0.000000330
       686.0   0.000000330
       687.0   0.000000330
       688.0   0.000000330
       689.0   0.000000330
       690.0   0.000000330
       691.0   0.000000330
       692.0   0.000000330
       693.0   0.000000330
       694.0   0.000000330
       695.0   0.000000330
       696.0   0.000000330
       697.0   0.000000330
       698.0   0.000000330
       699.0   0.000000330
       700.0   0.000000330
       701.0   0.000000330
       702.0   0.000000330
       703.0   0.000000330
       704.0   0.000000330
       705.0   0.000000330
       706.0   0.000000330
       707.0   0.000000330
       708.0   0.000000330
       709.0   0.000000330
       710.0   0.000000330
       711.0   0.000000330
       712.0   0.000000330
       713.0   0.000000330
       714.0   0.000000330
       715.0   0.000000330
       716.0   0.000000330
       717.0   0.000000330
       718.0   0.000000330
       719.0   0.000000330
       720.0   0.000000330
       721.0   0.000000330
       722.0   0.000000330
       723.0   0.000000330
       724.0   0.000000330
       725.0   0.000000330
       726.0   0.000000330
       727.0   0.000000330
       728.0   0.000000330
       729.0   0.000000330
       730.0   0.000000330
       731.0   0.000000330
       732.0   0.000000330
       733.0   0.000000330
       734.0   0.000000330
       735.0   0.000000330
       736.0   0.000000330
       737.0   0.000000330
       738.0   0.000000330
       739.0   0.000000330
       740.0   0.000000330
       741.0   0.000000330
       742.0   0.000000330
       743.0   0.000000330
       744.0   0.000000330
       745.0   0.000000330
       746.0   0.000000330
       747.0   0.000000330
       748.0   0.000000330
       749.0   0.000000330
       750.0   0.000000330
       751.0   0.000000330
       752.0   0.000000330
       753.0   0.000000330
       754.0   0.000000330
       755.0   0.000000330
       756.0   0.000000330
       757.0   0.000000330
       758.0   0.000000330
       759.0   0.000000330
       760.0   0.000000330
       761.0   0.000000330
       762.0   0.000000330
       763.0   0.000000330
       764.0   0.000000330
       765.0   0.000000330
       766.0   0.000000330
       767.0   0.000000330
       768.0   0.000000330
       769.0   0.000000330
       770.0   0.000000330
       771.0   0.000000330
       772.0   0.000000330
       773.0   0.000000330
       774.0   0.000000330
       775.0   0.000000330
       776.0   0.000000330
       777.0   0.000000330
       778.0   0.000000330
       779.0   0.000000330
       780.0   0.000000330
       781.0   0.000000330
       782.0   0.000000330
       783.0   0.000000330
       784.0   0.000000330
       785.0   0.000000330
       786.0   0.000000330
       787.0   0.000000330
       788.0   0.000000330
       789.0   0.000000330
       790.0   0.000000330
       791.0   0.000000330
       792.0   0.000000330
       793.0   0.000000330
       794.0   0.000000330
       795.0   0.000000330
       796.0   0.000000330
       797.0   0.000000252
       798.0   0.000000085
       799.0   0.000000094
       800.0   0.000000248
       801.0   0.000000137
       802.0   0.000000000
       803.0   0.000000184
       804.0   0.000000449
       805.0   0.000000659
       806.0   0.000001167
       807.0   0.000001684
       808.0   0.000001529
       809.0   0.000000984
       810.0   0.000000803
       811.0   0.000000615
       812.0   0.000000654
       813.0   0.000000785
       814.0   0.000000387
       815.0   0.000000366
       816.0   0.000000572
       817.0   0.000000935
       818.0   0.000002494
       819.0   0.000006367
       820.0   0.000016067
       821.0   0.000037465
       822.0   0.000066246
       823.0   0.000084997
       824.0   0.000084195
       825.0   0.000071401
       826.0   0.000059357
       827.0   0.000057092
       828.0   0.000072840
       829.0   0.000136699
       830.0   0.000359520
       831.0   0.000846882
       832.0   0.001301830
       833.0   0.001252620
       834.0   0.000795148
       835.0   0.000373306
       836.0   0.000153725
       837.0   0.000066641
       838.0   0.000034496
       839.0   0.000021704
       840.0   0.000016928
       841.0   0.000015310
       842.0   0.000015831
       843.0   0.000020068
       844.0   0.000030400
       845.0   0.000048973
       846.0   0.000069187
       847.0   0.000076182
       848.0   0.000065976
       849.0   0.000048898
       850.0   0.000030184
       851.0   0.000018284
       852.0   0.000009808
       853.0   0.000007012
       854.0   0.000006452
       855.0   0.000004991
       856.0   0.000019356
       857.0   0.000005751
       858.0   0.000017065
       859.0   0.000023358
       860.0   0.000068141
       861.0   0.000044092
       862.0   0.000009089
       863.0   0.000001864
       864.0   0.000000000
       865.0   0.000043897
       866.0   0.000033807
       867.0   0.000031915
       868.0   0.000032919
       869.0   0.000016089
       870.0   0.000019263
       871.0   0.000030440
       872.0   0.000032393
       873.0   0.000034065
       874.0   0.000000000
       875.0   0.000000000
       876.0   0.000045029
       877.0   0.000046369
       878.0   0.000023484
       879.0   0.000038870
       880.0   0.000041485
       881.0   0.000028574
       882.0   0.000020726
       883.0   0.000027424
       884.0   0.000000000
       885.0   0.000000000
       886.0   0.000014989
       887.0   0.000000615
       888.0   0.000000000
       889.0   0.000027877
       890.0   0.000002795
       891.0   0.000008477
       892.0   0.000025216
       893.0   0.000057109
       894.0   0.000024302
       895.0   0.000050299
       896.0   0.000051970
       897.0   0.000005852
       898.0   0.000012648
       899.0   0.000045615
       900.0   0.000056687
       901.0   0.000028486
       902.0   0.000026763
       903.0   0.000061703
       904.0   0.000074520
       905.0   0.000054261
       906.0   0.000071937
       907.0   0.000087250
       908.0   0.000054223
       909.0   0.000067385
       910.0   0.000084575
       911.0   0.000099211
       912.0   0.000099823
       913.0   0.000104146
       914.0   0.000108422
       915.0   0.000114951
       916.0   0.000143307
       917.0   0.000154062
       918.0   0.000188364
       919.0   0.000204054
       920.0   0.000219355
       921.0   0.000255652
       922.0   0.000314539
       923.0   0.000348881
       924.0   0.000387087
       925.0   0.000476180
       926.0   0.000594551
       927.0   0.000640619
       928.0   0.000757927
       929.0   0.000934865
       930.0   0.001052120
       931.0   0.001236020
       932.0   0.001416720
       933.0   0.001749490
       934.0   0.002022970
       935.0   0.002243020
       936.0   0.002588010
       937.0   0.003116950
       938.0   0.003567530
       939.0   0.003958090
       940.0   0.004616450
       941.0   0.005624070
       942.0   0.006514260
       943.0   0.006066290
       944.0   0.006586740
       945.0   0.007115330
       946.0   0.007504330
       947.0   0.008825140
       948.0   0.010227900
       949.0   0.011346600
       950.0   0.013117900
       951.0   0.015569900
       952.0   0.018494001
       953.0   0.021804400
       954.0   0.025862999
       955.0   0.030815899
       956.0   0.036550298
       957.0   0.043373998
       958.0   0.051843200
       959.0   0.061056402
       960.0   0.072288603
       961.0   0.085944198
       962.0   0.102316000
       963.0   0.121427998
       964.0   0.144084007
       965.0   0.170992002
       966.0   0.204440996
       967.0   0.245732993
       968.0   0.293045998
       969.0   0.346751988
       970.0   0.404614002
       971.0   0.469072014
       972.0   0.534182012
       973.0   0.596077979
       974.0   0.654504001
       975.0   0.705187023
       976.0   0.746324003
       977.0   0.778208971
       978.0   0.802598000
       979.0   0.820896029
       980.0   0.835803986
       981.0   0.848576009
       982.0   0.860167027
       983.0   0.871994972
       984.0   0.883965015
       985.0   0.895287991
       986.0   0.904524982
       987.0   0.911848009
       988.0   0.916294992
       989.0   0.918837011
       990.0   0.919767022
       991.0   0.919767022
       992.0   0.920078993
       993.0   0.921670973
       994.0   0.924884975
       995.0   0.928956985
       996.0   0.934072971
       997.0   0.939805984
       998.0   0.944823980
       999.0   0.949034989
      1000.0   0.951475978
      1001.0   0.951938987
      1002.0   0.950567007
      1003.0   0.946919978
      1004.0   0.941928029
      1005.0   0.935864985
      1006.0   0.928834021
      1007.0   0.921164989
      1008.0   0.914040029
      1009.0   0.906184018
      1010.0   0.898369014
      1011.0   0.891001999
      1012.0   0.884478986
      1013.0   0.878067970
      1014.0   0.871960998
      1015.0   0.866732001
      1016.0   0.862818003
      1017.0   0.859000027
      1018.0   0.855729997
      1019.0   0.852880001
      1020.0   0.850673974
      1021.0   0.848550022
      1022.0   0.846781015
      1023.0   0.845219016
      1024.0   0.844177008
      1025.0   0.843497992
      1026.0   0.843182027
      1027.0   0.843514025
      1028.0   0.845082998
      1029.0   0.847302020
      1030.0   0.850129008
      1031.0   0.853954017
      1032.0   0.858810008
      1033.0   0.864075005
      1034.0   0.869637012
      1035.0   0.875486016
      1036.0   0.881083012
      1037.0   0.886904001
      1038.0   0.892638981
      1039.0   0.897903979
      1040.0   0.902776003
      1041.0   0.907424986
      1042.0   0.911988974
      1043.0   0.916381001
      1044.0   0.920521021
      1045.0   0.924368024
      1046.0   0.928355992
      1047.0   0.932443976
      1048.0   0.936447024
      1049.0   0.940651000
      1050.0   0.944588006
      1051.0   0.947897017
      1052.0   0.950904012
      1053.0   0.953745008
      1054.0   0.956216991
      1055.0   0.957832992
      1056.0   0.958873987
      1057.0   0.959670007
      1058.0   0.959926009
      1059.0   0.960017979
      1060.0   0.959940016
      1061.0   0.959437013
      1062.0   0.958355010
      1063.0   0.957147002
      1064.0   0.956160009
      1065.0   0.954874992
      1066.0   0.953531981
      1067.0   0.952134013
      1068.0   0.950878024
      1069.0   0.949559987
      1070.0   0.948563993
      1071.0   0.947804987
      1072.0   0.947225988
      1073.0   0.947135985
      1074.0   0.947111011
      1075.0   0.947290003
      1076.0   0.947663009
      1077.0   0.948037982
      1078.0   0.948176026
      1079.0   0.947926998
      1080.0   0.947034001
      1081.0   0.945532978
      1082.0   0.943390012
      1083.0   0.940384984
      1084.0   0.937148988
      1085.0   0.933902025
      1086.0   0.930923998
      1087.0   0.928777993
      1088.0   0.927863002
      1089.0   0.928328991
      1090.0   0.930329025
      1091.0   0.933798015
      1092.0   0.937982023
      1093.0   0.942318976
      1094.0   0.946210027
      1095.0   0.947972000
      1096.0   0.945873976
      1097.0   0.939397991
      1098.0   0.927893996
      1099.0   0.910668015
      1100.0   0.887138009
      1101.0   0.858798981
      1102.0   0.826421022
      1103.0   0.790597022
      1104.0   0.752421021
      1105.0   0.712525010
      1106.0   0.671859026
      1107.0   0.630149007
      1108.0   0.585735023
      1109.0   0.539300978
      1110.0   0.491721988
      1111.0   0.442992002
      1112.0   0.394080013
      1113.0   0.346543998
      1114.0   0.301295012
      1115.0   0.259014010
      1116.0   0.221017003
      1117.0   0.187928006
      1118.0   0.159806997
      1119.0   0.135380000
      1120.0   0.115222000
      1121.0   0.098773502
      1122.0   0.085060403
      1123.0   0.073897898
      1124.0   0.064742498
      1125.0   0.056814101
      1126.0   0.050177801
      1127.0   0.044536300
      1128.0   0.039477199
      1129.0   0.034865402
      1130.0   0.030744100
      1131.0   0.027287399
      1132.0   0.024019100
      1133.0   0.020963499
      1134.0   0.018460300
      1135.0   0.016177500
      1136.0   0.014064900
      1137.0   0.012359100
      1138.0   0.011008000
      1139.0   0.009850680
      1140.0   0.008693310
      1141.0   0.007646400
      1142.0   0.006953770
      1143.0   0.006264650
      1144.0   0.005397070
      1145.0   0.004628260
      1146.0   0.004447000
      1147.0   0.004675890
      1148.0   0.004522550
      1149.0   0.004274510
      1150.0   0.004064000
      1151.0   0.003718620
      1152.0   0.003399050
      1153.0   0.003158030
      1154.0   0.002923580
      1155.0   0.002740140
      1156.0   0.002534400
      1157.0   0.002364640
      1158.0   0.002212540
      1159.0   0.002044210
      1160.0   0.001896030
      1161.0   0.001772690
      1162.0   0.001642330
      1163.0   0.001537320
      1164.0   0.001452200
      1165.0   0.001297420
      1166.0   0.001129030
      1167.0   0.001003540
      1168.0   0.000941231
      1169.0   0.000891312
      1170.0   0.000823820
      1171.0   0.000766284
      1172.0   0.000708499
      1173.0   0.000659489
      1174.0   0.000621231
      1175.0   0.000585895
      1176.0   0.000550049
      1177.0   0.000528303
      1178.0   0.000507768
      1179.0   0.000489198
      1180.0   0.000478470
      1181.0   0.000467162
      1182.0   0.000450702
      1183.0   0.000449588
      1184.0   0.000442445
      1185.0   0.000457540
      1186.0   0.000424790
      1187.0   0.000376292
      1188.0   0.000379918
      1189.0   0.000373123
      1190.0   0.000369548
      1191.0   0.000351553
      1192.0   0.000348620
      1193.0   0.000329680
      1194.0   0.000312162
      1195.0   0.000306424
      1196.0   0.000305218
      1197.0   0.000288265
      1198.0   0.000287413
      1199.0   0.000277034
      1200.0   0.000270370
      1201.0   0.000257004
      1202.0   0.000254158
      1203.0   0.000242017
      1204.0   0.000241949
      1205.0   0.000233688
      1206.0   0.000225057
      1207.0   0.000216241
      1208.0   0.000217069
      1209.0   0.000202975
      1210.0   0.000200256
      1211.0   0.000192201
      1212.0   0.000190075
      1213.0   0.000176615
      1214.0   0.000178133
      1215.0   0.000175334
      1216.0   0.000173282
      1217.0   0.000153829
      1218.0   0.000149472
      1219.0   0.000144031
      1220.0   0.000137664
      1221.0   0.000131847
      1222.0   0.000132062
      1223.0   0.000125298
      1224.0   0.000131238
      1225.0   0.000127433
      1226.0   0.000132662
      1227.0   0.000131137
      1228.0   0.000136783
      1229.0   0.000136261
      1230.0   0.000148955
      1231.0   0.000148268
      1232.0   0.000158520
      1233.0   0.000157635
      1234.0   0.000168276
      1235.0   0.000170874
      1236.0   0.000178998
      1237.0   0.000179145
      1238.0   0.000183851
      1239.0   0.000186714
      1240.0   0.000190428
      1241.0   0.000185167
      1242.0   0.000183315
      1243.0   0.000181096
      1244.0   0.000174765
      1245.0   0.000169628
      1246.0   0.000169837
      1247.0   0.000162064
      1248.0   0.000157606
      1249.0   0.000155043
      1250.0   0.000139964
      1251.0   0.000128026
      1252.0   0.000121367
      1253.0   0.000110412
      1254.0   0.000105494
      1255.0   0.000100145
      1256.0   0.000096915
      1257.0   0.000096566
      1258.0   0.000097404
      1259.0   0.000090649
      1260.0   0.000091345
      1261.0   0.000092427
      1262.0   0.000098972
      1263.0   0.000108852
      1264.0   0.000112665
      1265.0   0.000112853
      1266.0   0.000116301
      1267.0   0.000121702
      1268.0   0.000128744
      1269.0   0.000132891
      1270.0   0.000137244
      1271.0   0.000138168
      1272.0   0.000144262
      1273.0   0.000142957
      1274.0   0.000145445
      1275.0   0.000143660
      1276.0   0.000144735
      1277.0   0.000137529
      1278.0   0.000131167
      1279.0   0.000122642
      1280.0   0.000119710
      1281.0   0.000112077
      1282.0   0.000101879
      1283.0   0.000093033
      1284.0   0.000085921
      1285.0   0.000076577
      1286.0   0.000067470
      1287.0   0.000055491
      1288.0   0.000049026
      1289.0   0.000044307
      1290.0   0.000037996
      1291.0   0.000031600
      1292.0   0.000021356
      1293.0   0.000017874
      1294.0   0.000015198
      1295.0   0.000011455
      1296.0   0.000010185
      1297.0   0.000009755
      1298.0   0.000005634
      1299.0   0.000004415
      1300.0   0.000004871
      1301.0   0.000003882
      1302.0   0.000004140
      1303.0   0.000003862
      1304.0   0.000000606
      1305.0   0.000000328
      1306.0   0.000001863
      1307.0   0.000002351
      1308.0   0.000000000
      1309.0   0.000001944
      1310.0   0.000000289
      1311.0   0.000001172
      1312.0   0.000000652
      1313.0   0.000000166
      1314.0   0.000002482
      1315.0   0.000003545
      1316.0   0.000000263
      1317.0   0.000001236
      1318.0   0.000000000
      1319.0   0.000001646
      1320.0   0.000003117
      1321.0   0.000000000
      1322.0   0.000000000
      1323.0   0.000002266
      1324.0   0.000001120
      1325.0   0.000000743
      1326.0   0.000000113
      1327.0   0.000002514
      1328.0   0.000001083
      1329.0   0.000000000
      1330.0   0.000000927
      1331.0   0.000002573
      1332.0   0.000001137
      1333.0   0.000000000
      1334.0   0.000000488
      1335.0   0.000004527
      1336.0   0.000004328
      1337.0   0.000000921
      1338.0   0.000000000
      1339.0   0.000000000
      1340.0   0.000002547
      1341.0   0.000003455
      1342.0   0.000005016
      1343.0   0.000004063
      1344.0   0.000002018
      1345.0   0.000002465
      1346.0   0.000003796
      1347.0   0.000001678
      1348.0   0.000002868
      1349.0   0.000003578
      1350.0   0.000002485
      1351.0   0.000003078
      1352.0   0.000010064
      1353.0   0.000010464
      1354.0   0.000009353
      1355.0   0.000010750
      1356.0   0.000009163
      1357.0   0.000009086
      1358.0   0.000010961
      1359.0   0.000013521
      1360.0   0.000015127
      1361.0   0.000014871
      1362.0   0.000021900
      1363.0   0.000025594
      1364.0   0.000023476
      1365.0   0.000022646
      1366.0   0.000025813
      1367.0   0.000032298
      1368.0   0.000033429
      1369.0   0.000032012
      1370.0   0.000030556
      1371.0   0.000030648
      1372.0   0.000035383
      1373.0   0.000032466
      1374.0   0.000025387
      1375.0   0.000024426
      1376.0   0.000024791
      1377.0   0.000022414
      1378.0   0.000018230
      1379.0   0.000018337
      1380.0   0.000021242
      1381.0   0.000015310
      1382.0   0.000010959
      1383.0   0.000011487
      1384.0   0.000008510
      1385.0   0.000005637
      1386.0   0.000007901
      1387.0   0.000009361
      1388.0   0.000005455
      1389.0   0.000002582
      1390.0   0.000003578
      1391.0   0.000003402
      1392.0   0.000001703
      1393.0   0.000000998
      1394.0   0.000003673
      1395.0   0.000004627
      1396.0   0.000003019
      1397.0   0.000002617
      1398.0   0.000002937
      1399.0   0.000004919
      1400.0   0.000004582
      1401.0   0.000000403
      1402.0   0.000002373
      1403.0   0.000004766
      1404.0   0.000005103
      1405.0   0.000005186
      1406.0   0.000005684
      1407.0   0.000008994
      1408.0   0.000006600
      1409.0   0.000006151
      1410.0   0.000011095
      1411.0   0.000012826
      1412.0   0.000014122
      1413.0   0.000014571
      1414.0   0.000014466
      1415.0   0.000019062
      1416.0   0.000022675
      1417.0   0.000025815
      1418.0   0.000030672
      1419.0   0.000032477
      1420.0   0.000034530
      1421.0   0.000040222
      1422.0   0.000045152
      1423.0   0.000043446
      1424.0   0.000043417
      1425.0   0.000043230
      1426.0   0.000046091
      1427.0   0.000048548
      1428.0   0.000052424
      1429.0   0.000055791
      1430.0   0.000056799
      1431.0   0.000051626
      1432.0   0.000049729
      1433.0   0.000050994
      1434.0   0.000052102
      1435.0   0.000042243
      1436.0   0.000042157
      1437.0   0.000043775
      1438.0   0.000036895
      1439.0   0.000032052
      1440.0   0.000031177
      1441.0   0.000031210
      1442.0   0.000029256
      1443.0   0.000021521
      1444.0   0.000020422
      1445.0   0.000020725
      1446.0   0.000015590
      1447.0   0.000008235
      1448.0   0.000009340
      1449.0   0.000010673
      1450.0   0.000006808
      1451.0   0.000007168
      1452.0   0.000006363
      1453.0   0.000004645
      1454.0   0.000003252
      1455.0   0.000004209
      1456.0   0.000005917
      1457.0   0.000003422
      1458.0   0.000006101
      1459.0   0.000003402
      1460.0   0.000005924
      1461.0   0.000005001
      1462.0   0.000000878
      1463.0   0.000005291
      1464.0   0.000007451
      1465.0   0.000004607
      1466.0   0.000003151
      1467.0   0.000001586
      1468.0   0.000005963
      1469.0   0.000004312
      1470.0   0.000004358
      1471.0   0.000004763
      1472.0   0.000005004
      1473.0   0.000003422
      1474.0   0.000006085
      1475.0   0.000009625
      1476.0   0.000010815
      1477.0   0.000012012
      1478.0   0.000014601
      1479.0   0.000018639
      1480.0   0.000013924
      1481.0   0.000019166
      1482.0   0.000023304
      1483.0   0.000028318
      1484.0   0.000025528
      1485.0   0.000032601
      1486.0   0.000036483
      1487.0   0.000038494
      1488.0   0.000038868
      1489.0   0.000047369
      1490.0   0.000047105
      1491.0   0.000047488
      1492.0   0.000054499
      1493.0   0.000062727
      1494.0   0.000057226
      1495.0   0.000059873
      1496.0   0.000062026
      1497.0   0.000057635
      1498.0   0.000052458
      1499.0   0.000049995
      1500.0   0.000053245
      1501.0   0.000051378
      1502.0   0.000050660
      1503.0   0.000045548
      1504.0   0.000044770
      1505.0   0.000037178
      1506.0   0.000033180
      1507.0   0.000026513
      1508.0   0.000022622
      1509.0   0.000018728
      1510.0   0.000021780
      1511.0   0.000017577
      1512.0   0.000016547
      1513.0   0.000009612
      1514.0   0.000008429
      1515.0   0.000009427
      1516.0   0.000008455
      1517.0   0.000011449
      1518.0   0.000003500
      1519.0   0.000003755
      1520.0   0.000003950
      1521.0   0.000007574
      1522.0   0.000002491
      1523.0   0.000001102
      1524.0   0.000000000
      1525.0   0.000002264
      1526.0   0.000000000
      1527.0   0.000001485
      1528.0   0.000004180
      1529.0   0.000005367
      1530.0   0.000004330
      1531.0   0.000000000
      1532.0   0.000000000
      1533.0   0.000005839
      1534.0   0.000002685
      1535.0   0.000000000
      1536.0   0.000002923
      1537.0   0.000000000
      1538.0   0.000000000
      1539.0   0.000000000
      1540.0   0.000000000
      1541.0   0.000005276
      1542.0   0.000000000
      1543.0   0.000000000
      1544.0   0.000002404
      1545.0   0.000000000
      1546.0   0.000002343
      1547.0   0.000000000
      1548.0   0.000000000
      1549.0   0.000004019
      1550.0   0.000001341
      1551.0   0.000000000
      1552.0   0.000000000
      1553.0   0.000000000
      1554.0   0.000002421
      1555.0   0.000000000
      1556.0   0.000000000
      1557.0   0.000000000
      1558.0   0.000000000
      1559.0   0.000001713
      1560.0   0.000001910
      1561.0   0.000000000
      1562.0   0.000000000
      1563.0   0.000000541
      1564.0   0.000001970
      1565.0   0.000002195
      1566.0   0.000000000
      1567.0   0.000000053
      1568.0   0.000000885
      1569.0   0.000000000
      1570.0   0.000006848
      1571.0   0.000005814
      1572.0   0.000000000
      1573.0   0.000000692
      1574.0   0.000000000
      1575.0   0.000000000
      1576.0   0.000000000
      1577.0   0.000000000
      1578.0   0.000001703
      1579.0   0.000001767
      1580.0   0.000000000
      1581.0   0.000000000
      1582.0   0.000000000
      1583.0   0.000000288
      1584.0   0.000002899
      1585.0   0.000003165
      1586.0   0.000000000
      1587.0   0.000000000
      1588.0   0.000002623
      1589.0   0.000000000
      1590.0   0.000002829
      1591.0   0.000000872
      1592.0   0.000000000
      1593.0   0.000001227
      1594.0   0.000003848
      1595.0   0.000004256
      1596.0   0.000003145
      1597.0   0.000000000
      1598.0   0.000000000
      1599.0   0.000000000
      1600.0   0.000000000
      1601.0   0.000001843
      1602.0   0.000003621
      1603.0   0.000000000
      1604.0   0.000000000
      1605.0   0.000000000
      1606.0   0.000001201
      1607.0   0.000000000
      1608.0   0.000000000
      1609.0   0.000003463
      1610.0   0.000004757
      1611.0   0.000000355
      1612.0   0.000003048
      1613.0   0.000003476
      1614.0   0.000000000
      1615.0   0.000000000
      1616.0   0.000000000
      1617.0   0.000000000
      1618.0   0.000001853
      1619.0   0.000007358
      1620.0   0.000000000
      1621.0   0.000000000
      1622.0   0.000001779
      1623.0   0.000000012
      1624.0   0.000003200
      1625.0   0.000000000
      1626.0   0.000000000
      1627.0   0.000001071
      1628.0   0.000002293
      1629.0   0.000000528
      1630.0   0.000000675
      1631.0   0.000000422
      1632.0   0.000000056
      1633.0   0.000005008
      1634.0   0.000000483
      1635.0   0.000000000
      1636.0   0.000003070
      1637.0   0.000000318
      1638.0   0.000000000
      1639.0   0.000006205
      1640.0   0.000008145
      1641.0   0.000003358
      1642.0   0.000000000
      1643.0   0.000000000
      1644.0   0.000001898
      1645.0   0.000002914
      1646.0   0.000002068
      1647.0   0.000000000
      1648.0   0.000000000
      1649.0   0.000000000
      1650.0   0.000000000
      1651.0   0.000000429
      1652.0   0.000000000
      1653.0   0.000000229
      1654.0   0.000007996
      1655.0   0.000009340
      1656.0   0.000002363
      1657.0   0.000000000
      1658.0   0.000003980
      1659.0   0.000004822
      1660.0   0.000001716
      1661.0   0.000005750
      1662.0   0.000010933
      1663.0   0.000008366
      1664.0   0.000009420
      1665.0   0.000009858
      1666.0   0.000013831
      1667.0   0.000021531
      1668.0   0.000024673
      1669.0   0.000028851
      1670.0   0.000035133
      1671.0   0.000043532
      1672.0   0.000051547
      1673.0   0.000069011
      1674.0   0.000091118
      1675.0   0.000104146
      1676.0   0.000113742
      1677.0   0.000132573
      1678.0   0.000152535
      1679.0   0.000170856
      1680.0   0.000194346
      1681.0   0.000219286
      1682.0   0.000243419
      1683.0   0.000272298
      1684.0   0.000300010
      1685.0   0.000313137
      1686.0   0.000321795
      1687.0   0.000334061
      1688.0   0.000345575
      1689.0   0.000351780
      1690.0   0.000357885
      1691.0   0.000363814
      1692.0   0.000373609
      1693.0   0.000382289
      1694.0   0.000365905
      1695.0   0.000336304
      1696.0   0.000321055
      1697.0   0.000310882
      1698.0   0.000293713
      1699.0   0.000276305
      1700.0   0.000263901
      1701.0   0.000239389
      1702.0   0.000222485
      1703.0   0.000207485
      1704.0   0.000192752
      1705.0   0.000175340
      1706.0   0.000155968
      1707.0   0.000139907
      1708.0   0.000131162
      1709.0   0.000122433
      1710.0   0.000111164
      1711.0   0.000106240
      1712.0   0.000107273
      1713.0   0.000106414
      1714.0   0.000094779
      1715.0   0.000089712
      1716.0   0.000096118
      1717.0   0.000100811
      1718.0   0.000101748
      1719.0   0.000096823
      1720.0   0.000093597
      1721.0   0.000096085
      1722.0   0.000102170
      1723.0   0.000095442
      1724.0   0.000094102
      1725.0   0.000106881
      1726.0   0.000116565
      1727.0   0.000121806
      1728.0   0.000123332
      1729.0   0.000130368
      1730.0   0.000152386
      1731.0   0.000159141
      1732.0   0.000163947
      1733.0   0.000178678
      1734.0   0.000199382
      1735.0   0.000216056
      1736.0   0.000232027
      1737.0   0.000253677
      1738.0   0.000279679
      1739.0   0.000307546
      1740.0   0.000342960
      1741.0   0.000376245
      1742.0   0.000411320
      1743.0   0.000422440
      1744.0   0.000446608
      1745.0   0.000483407
      1746.0   0.000516960
      1747.0   0.000536156
      1748.0   0.000558642
      1749.0   0.000574864
      1750.0   0.000602800
      1751.0   0.000614649
      1752.0   0.000636918
      1753.0   0.000662136
      1754.0   0.000677462
      1755.0   0.000657956
      1756.0   0.000653577
      1757.0   0.000639038
      1758.0   0.000639814
      1759.0   0.000632542
      1760.0   0.000617313
      1761.0   0.000599182
      1762.0   0.000601349
      1763.0   0.000586498
      1764.0   0.000592104
      1765.0   0.000580730
      1766.0   0.000588673
      1767.0   0.000555730
      1768.0   0.000542692
      1769.0   0.000536572
      1770.0   0.000534811
      1771.0   0.000541160
      1772.0   0.000550146
      1773.0   0.000577092
      1774.0   0.000612729
      1775.0   0.000633371
      1776.0   0.000667378
      1777.0   0.000655654
      1778.0   0.000701789
      1779.0   0.000759454
      1780.0   0.000807311
      1781.0   0.000817976
      1782.0   0.000862498
      1783.0   0.000887043
      1784.0   0.000925354
      1785.0   0.000928372
      1786.0   0.000963197
      1787.0   0.000954031
      1788.0   0.000965632
      1789.0   0.000935566
      1790.0   0.000951568
      1791.0   0.000935476
      1792.0   0.000921277
      1793.0   0.000879602
      1794.0   0.000885728
      1795.0   0.000807421
      1796.0   0.000774548
      1797.0   0.000729877
      1798.0   0.000699823
      1799.0   0.000624197
      1800.0   0.000566976
      1801.0   0.000512611
      1802.0   0.000472611
      1803.0   0.000421177
      1804.0   0.000364120
      1805.0   0.000309274
      1806.0   0.000286417
      1807.0   0.000244749
      1808.0   0.000209769
      1809.0   0.000177463
      1810.0   0.000154191
      1811.0   0.000122629
      1812.0   0.000116849
      1813.0   0.000100682
      1814.0   0.000088681
      1815.0   0.000075387
      1816.0   0.000054490
      1817.0   0.000058474
      1818.0   0.000057379
      1819.0   0.000035118
      1820.0   0.000029514
      1821.0   0.000031209
      1822.0   0.000032783
      1823.0   0.000038219
      1824.0   0.000030898
      1825.0   0.000018549
      1826.0   0.000032418
      1827.0   0.000017906
      1828.0   0.000012083
      1829.0   0.000000751
      1830.0   0.000009415
      1831.0   0.000006019
      1832.0   0.000003004
      1833.0   0.000010372
      1834.0   0.000007938
      1835.0   0.000000000
      1836.0   0.000020664
      1837.0   0.000015522
      1838.0   0.000010417
      1839.0   0.000000000
      1840.0   0.000000000
      1841.0   0.000010121
      1842.0   0.000005478
      1843.0   0.000000000
      1844.0   0.000003329
      1845.0   0.000004875
      1846.0   0.000001453
      1847.0   0.000017936
      1848.0   0.000015350
      1849.0   0.000011117
      1850.0   0.000007693
      1851.0   0.000000000
      1852.0   0.000003703
      1853.0   0.000007972
      1854.0   0.000014636
      1855.0   0.000005766
      1856.0   0.000011853
      1857.0   0.000023528
      1858.0   0.000037550
      1859.0   0.000007123
      1860.0   0.000008313
      1861.0   0.000039145
      1862.0   0.000036530
      1863.0   0.000034735
      1864.0   0.000027917
      1865.0   0.000019728
      1866.0   0.000015854
      1867.0   0.000019560
      1868.0   0.000033402
      1869.0   0.000035584
      1870.0   0.000022791
      1871.0   0.000012624
      1872.0   0.000021957
      1873.0   0.000036759
      1874.0   0.000009833
      1875.0   0.000004086
      1876.0   0.000028084
      1877.0   0.000027997
      1878.0   0.000004516
      1879.0   0.000005730
      1880.0   0.000018396
      1881.0   0.000016984
      1882.0   0.000005182
      1883.0   0.000000881
      1884.0   0.000004633
      1885.0   0.000008982
      1886.0   0.000015293
      1887.0   0.000012824
      1888.0   0.000002111
      1889.0   0.000000000
      1890.0   0.000005364
      1891.0   0.000000000
      1892.0   0.000000000
      1893.0   0.000003329
      1894.0   0.000024281
      1895.0   0.000003647
      1896.0   0.000000000
      1897.0   0.000000000
      1898.0   0.000002564
      1899.0   0.000006720
      1900.0   0.000000000
      1901.0   0.000000000
      1902.0   0.000000000
      1903.0   0.000001540
      1904.0   0.000011331
      1905.0   0.000004824
      1906.0   0.000001655
      1907.0   0.000016613
      1908.0   0.000001598
      1909.0   0.000000000
      1910.0   0.000000000
      1911.0   0.000000000
      1912.0   0.000000000
      1913.0   0.000000000
      1914.0   0.000000000
      1915.0   0.000000981
      1916.0   0.000009733
      1917.0   0.000008121
      1918.0   0.000002700
      1919.0   0.000000000
      1920.0   0.000000081
      1921.0   0.000004225
      1922.0   0.000004786
      1923.0   0.000000000
      1924.0   0.000007703
      1925.0   0.000003682
      1926.0   0.000000000
      1927.0   0.000003741
      1928.0   0.000011441
      1929.0   0.000000000
      1930.0   0.000000000
      1931.0   0.000010894
      1932.0   0.000005226
      1933.0   0.000005752
      1934.0   0.000010258
      1935.0   0.000000000
      1936.0   0.000000000
      1937.0   0.000000000
      1938.0   0.000000000
      1939.0   0.000000000
      1940.0   0.000004194
      1941.0   0.000000000
      1942.0   0.000000000
      1943.0   0.000004751
      1944.0   0.000005494
      1945.0   0.000007460
      1946.0   0.000004696
      1947.0   0.000000000
      1948.0   0.000000000
      1949.0   0.000000743
      1950.0   0.000000000
      1951.0   0.000000000
      1952.0   0.000009650
      1953.0   0.000011057
      1954.0   0.000000000
      1955.0   0.000000000
      1956.0   0.000007247
      1957.0   0.000003290
      1958.0   0.000008498
      1959.0   0.000016459
      1960.0   0.000009651
      1961.0   0.000000000
      1962.0   0.000005686
      1963.0   0.000014700
      1964.0   0.000009307
      1965.0   0.000002433
      1966.0   0.000000772
      1967.0   0.000010735
      1968.0   0.000009279
      1969.0   0.000008681
      1970.0   0.000019363
      1971.0   0.000018743
      1972.0   0.000013263
      1973.0   0.000008480
      1974.0   0.000002406
      1975.0   0.000007431
      1976.0   0.000015112
      1977.0   0.000019972
      1978.0   0.000010998
      1979.0   0.000000000
      1980.0   0.000000000
      1981.0   0.000006897
      1982.0   0.000003095
      1983.0   0.000000000
      1984.0   0.000001316
      1985.0   0.000006681
      1986.0   0.000006830
      1987.0   0.000000000
      1988.0   0.000000000
      1989.0   0.000000000
      1990.0   0.000000000
      1991.0   0.000003110
      1992.0   0.000000000
      1993.0   0.000000000
      1994.0   0.000001203
      1995.0   0.000009177
      1996.0   0.000007558
      1997.0   0.000000541
      1998.0   0.000000000
      1999.0   0.000000000
      2000.0   0.000000000
      2001.0   0.000007333
      2002.0   0.000019668
      2003.0   0.000014822
      2004.0   0.000005486
      2005.0   0.000000918
      2006.0   0.000000000
      2007.0   0.000001303
      2008.0   0.000002841
      2009.0   0.000000000
      2010.0   0.000000000
      2011.0   0.000007884
      2012.0   0.000000000
      2013.0   0.000000000
      2014.0   0.000002291
      2015.0   0.000000985
      2016.0   0.000007171
      2017.0   0.000001236
      2018.0   0.000000014
      2019.0   0.000004868
      2020.0   0.000005056
      2021.0   0.000001196
      2022.0   0.000000000
      2023.0   0.000001326
      2024.0   0.000002881
      2025.0   0.000000000
      2026.0   0.000007559
      2027.0   0.000003707
      2028.0   0.000000000
      2029.0   0.000000000
      2030.0   0.000002866
      2031.0   0.000000000
      2032.0   0.000007643
      2033.0   0.000014408
      2034.0   0.000000000
      2035.0   0.000000000
      2036.0   0.000000313
      2037.0   0.000009185
      2038.0   0.000000000
      2039.0   0.000000000
      2040.0   0.000001696
      2041.0   0.000000000
      2042.0   0.000000000
      2043.0   0.000000000
      2044.0   0.000000000
      2045.0   0.000000000
      2046.0   0.000003979
      2047.0   0.000000111
      2048.0   0.000000000
      2049.0   0.000000000
      2050.0   0.000000000
      2051.0   0.000000000
      2052.0   0.000007332
      2053.0   0.000019333
      2054.0   0.000005355
      2055.0   0.000002197
      2056.0   0.000000000
      2057.0   0.000000000
      2058.0   0.000007236
      2059.0   0.000001255
      2060.0   0.000003768
      2061.0   0.000001205
      2062.0   0.000000000
      2063.0   0.000000000
      2064.0   0.000005252
      2065.0   0.000019009
      2066.0   0.000016929
      2067.0   0.000000000
      2068.0   0.000007548
      2069.0   0.000000000
      2070.0   0.000000000
      2071.0   0.000000000
      2072.0   0.000015289
      2073.0   0.000004972
      2074.0   0.000002521
      2075.0   0.000007615
      2076.0   0.000000000
      2077.0   0.000000937
      2078.0   0.000003818
      2079.0   0.000000000
      2080.0   0.000002002
      2081.0   0.000005773
      2082.0   0.000000000
      2083.0   0.000000000
      2084.0   0.000002971
      2085.0   0.000006333
      2086.0   0.000000000
      2087.0   0.000000000
      2088.0   0.000002283
      2089.0   0.000002337
      2090.0   0.000010280
      2091.0   0.000000000
      2092.0   0.000000000
      2093.0   0.000000000
      2094.0   0.000000988
      2095.0   0.000015179
      2096.0   0.000004086
      2097.0   0.000009452
      2098.0   0.000013285
      2099.0   0.000000000
      2100.0   0.000000000
      2101.0   0.000000000
      2102.0   0.000002750
      2103.0   0.000000502
      2104.0   0.000000000
      2105.0   0.000000000
      2106.0   0.000011552
      2107.0   0.000010239
      2108.0   0.000000000
      2109.0   0.000000000
      2110.0   0.000000000
      2111.0   0.000000000
      2112.0   0.000000574
      2113.0   0.000008122
      2114.0   0.000000000
      2115.0   0.000000000
      2116.0   0.000000000
      2117.0   0.000000000
      2118.0   0.000026188
      2119.0   0.000000465
      2120.0   0.000003696
      2121.0   0.000010871
      2122.0   0.000003892
      2123.0   0.000002120
      2124.0   0.000000000
      2125.0   0.000008719
      2126.0   0.000000000
      2127.0   0.000000000
      2128.0   0.000015507
      2129.0   0.000029779
      2130.0   0.000003906
      2131.0   0.000000000
      2132.0   0.000000000
      2133.0   0.000000000
      2134.0   0.000000000
      2135.0   0.000000000
      2136.0   0.000005351
      2137.0   0.000005806
      2138.0   0.000000212
      2139.0   0.000000000
      2140.0   0.000000000
      2141.0   0.000018794
      2142.0   0.000000000
      2143.0   0.000014686
      2144.0   0.000007261
      2145.0   0.000000000
      2146.0   0.000000000
      2147.0   0.000010513
      2148.0   0.000000000
      2149.0   0.000000000
      2150.0   0.000000000
      2151.0   0.000012575
      2152.0   0.000000000
      2153.0   0.000000000
      2154.0   0.000001039
      2155.0   0.000005107
      2156.0   0.000007296
      2157.0   0.000000000
      2158.0   0.000000000
      2159.0   0.000000000
      2160.0   0.000000000
      2161.0   0.000000000
      2162.0   0.000000000
      2163.0   0.000000000
      2164.0   0.000000000
      2165.0   0.000000000
      2166.0   0.000000000
      2167.0   0.000001217
      2168.0   0.000024220
      2169.0   0.000000000
      2170.0   0.000008959
      2171.0   0.000000000
      2172.0   0.000000000
      2173.0   0.000016291
      2174.0   0.000003766
      2175.0   0.000000000
      2176.0   0.000007491
      2177.0   0.000014366
      2178.0   0.000004166
      2179.0   0.000000000
      2180.0   0.000000000
      2181.0   0.000000000
      2182.0   0.000000000
      2183.0   0.000017272
      2184.0   0.000003720
      2185.0   0.000002418
      2186.0   0.000013907
      2187.0   0.000000000
      2188.0   0.000000000
      2189.0   0.000019642
      2190.0   0.000043870
      2191.0   0.000011040
      2192.0   0.000000000
      2193.0   0.000000000
      2194.0   0.000000000
      2195.0   0.000023532
      2196.0   0.000000000
      2197.0   0.000000000
      2198.0   0.000020505
      2199.0   0.000000000
      2200.0   0.000000000
      2201.0   0.000000000
      2202.0   0.000000000
      2203.0   0.000000000
      2204.0   0.000000000
      2205.0   0.000026651
      2206.0   0.000029205
      2207.0   0.000003092
      2208.0   0.000000000
      2209.0   0.000000000
      2210.0   0.000000000
      2211.0   0.000022029
      2212.0   0.000031567
      2213.0   0.000000000
      2214.0   0.000000000
      2215.0   0.000005624
      2216.0   0.000029885
      2217.0   0.000020912
      2218.0   0.000000000
      2219.0   0.000000000
      2220.0   0.000007015
      2221.0   0.000005568
      2222.0   0.000028061
      2223.0   0.000012977
      2224.0   0.000012187
      2225.0   0.000024154
      2226.0   0.000006460
      2227.0   0.000000000
      2228.0   0.000000000
      2229.0   0.000006004
      2230.0   0.000018196
      2231.0   0.000016109
      2232.0   0.000000000
      2233.0   0.000000000
      2234.0   0.000000826
      2235.0   0.000000825
      2236.0   0.000000000
      2237.0   0.000011185
      2238.0   0.000048553
      2239.0   0.000001657
      2240.0   0.000000000
      2241.0   0.000000000
      2242.0   0.000023030
      2243.0   0.000004098
      2244.0   0.000000000
      2245.0   0.000000000
      2246.0   0.000000000
      2247.0   0.000000000
      2248.0   0.000001534
      2249.0   0.000000000
      2250.0   0.000000000
      2251.0   0.000000000
      2252.0   0.000000000
      2253.0   0.000000000
      2254.0   0.000000000
      2255.0   0.000008108
      2256.0   0.000001963
      2257.0   0.000000000
      2258.0   0.000000000
      2259.0   0.000004398
      2260.0   0.000021756
      2261.0   0.000000000
      2262.0   0.000000000
      2263.0   0.000000000
      2264.0   0.000007269
      2265.0   0.000000000
      2266.0   0.000000000
      2267.0   0.000000000
      2268.0   0.000000000
      2269.0   0.000001371
      2270.0   0.000000435
      2271.0   0.000000000
      2272.0   0.000008009
      2273.0   0.000010472
      2274.0   0.000000000
      2275.0   0.000000000
      2276.0   0.000011522
      2277.0   0.000004610
      2278.0   0.000000814
      2279.0   0.000000000
      2280.0   0.000004705
      2281.0   0.000002463
      2282.0   0.000000000
      2283.0   0.000000000
      2284.0   0.000001603
      2285.0   0.000000000
      2286.0   0.000010989
      2287.0   0.000009811
      2288.0   0.000000000
      2289.0   0.000000000
      2290.0   0.000000000
      2291.0   0.000000000
      2292.0   0.000009499
      2293.0   0.000006239
      2294.0   0.000000000
      2295.0   0.000000000
      2296.0   0.000002125
      2297.0   0.000003267
      2298.0   0.000000000
      2299.0   0.000000000
      2300.0   0.000000000
      2301.0   0.000000000
      2302.0   0.000005308
      2303.0   0.000005572
      2304.0   0.000000000
      2305.0   0.000000000
      2306.0   0.000011933
      2307.0   0.000009998
      2308.0   0.000007918
      2309.0   0.000000000
      2310.0   0.000000000
      2311.0   0.000006023
      2312.0   0.000023416
      2313.0   0.000024712
      2314.0   0.000000000
      2315.0   0.000000000
      2316.0   0.000015229
      2317.0   0.000007379
      2318.0   0.000000000
      2319.0   0.000000000
      2320.0   0.000000000
      2321.0   0.000000000
      2322.0   0.000000000
      2323.0   0.000011997
      2324.0   0.000000000
      2325.0   0.000003572
      2326.0   0.000004296
      2327.0   0.000003114
      2328.0   0.000003682
      2329.0   0.000007355
      2330.0   0.000000000
      2331.0   0.000006693
      2332.0   0.000050822
      2333.0   0.000034845
      2334.0   0.000036361
      2335.0   0.000036093
      2336.0   0.000041357
      2337.0   0.000047029
      2338.0   0.000099231
      2339.0   0.000077954
      2340.0   0.000109331
      2341.0   0.000049916
      2342.0   0.000079119
      2343.0   0.000105537
      2344.0   0.000107257
      2345.0   0.000125272
      2346.0   0.000131557
      2347.0   0.000145818
      2348.0   0.000154893
      2349.0   0.000137630
      2350.0   0.000137089
      2351.0   0.000116049
      2352.0   0.000110547
      2353.0   0.000104786
      2354.0   0.000096339
      2355.0   0.000128744
      2356.0   0.000113331
      2357.0   0.000060579
      2358.0   0.000080338
      2359.0   0.000090827
      2360.0   0.000076566
      2361.0   0.000058989
      2362.0   0.000039613
      2363.0   0.000031331
      2364.0   0.000035285
      2365.0   0.000005632
      2366.0   0.000004326
      2367.0   0.000017259
      2368.0   0.000010014
      2369.0   0.000000000
      2370.0   0.000001311
      2371.0   0.000000000
      2372.0   0.000001921
      2373.0   0.000005164
      2374.0   0.000000000
      2375.0   0.000024538
      2376.0   0.000000000
      2377.0   0.000000000
      2378.0   0.000000000
      2379.0   0.000005107
      2380.0   0.000036894
      2381.0   0.000036787
      2382.0   0.000007580
      2383.0   0.000013743
      2384.0   0.000008876
      2385.0   0.000000000
      2386.0   0.000000000
      2387.0   0.000000062
      2388.0   0.000029720
      2389.0   0.000037547
      2390.0   0.000027875
      2391.0   0.000033858
      2392.0   0.000017581
      2393.0   0.000000000
      2394.0   0.000047049
      2395.0   0.000022781
      2396.0   0.000010474
      2397.0   0.000042877
      2398.0   0.000004058
      2399.0   0.000000000
      2400.0   0.000020855
      2401.0   0.000000000
      2402.0   0.000025465
      2403.0   0.000000000
      2404.0   0.000021167
      2405.0   0.000072806
      2406.0   0.000017347
      2407.0   0.000001407
      2408.0   0.000004631
      2409.0   0.000000000
      2410.0   0.000029148
      2411.0   0.000014409
      2412.0   0.000008263
      2413.0   0.000000000
      2414.0   0.000023267
      2415.0   0.000053092
      2416.0   0.000030203
      2417.0   0.000042858
      2418.0   0.000081978
      2419.0   0.000024224
      2420.0   0.000000000
      2421.0   0.000061003
      2422.0   0.000079265
      2423.0   0.000078526
      2424.0   0.000000000
      2425.0   0.000000000
      2426.0   0.000059476
      2427.0   0.000071121
      2428.0   0.000000000
      2429.0   0.000029001
      2430.0   0.000000000
      2431.0   0.000085262
      2432.0   0.000048614
      2433.0   0.000019149
      2434.0   0.000018906
      2435.0   0.000000000
      2436.0   0.000032542
      2437.0   0.000000000
      2438.0   0.000053900
      2439.0   0.000000000
      2440.0   0.000000000
      2441.0   0.000000046
      2442.0   0.000010982
      2443.0   0.000000000
      2444.0   0.000000000
      2445.0   0.000000000
      2446.0   0.000012130
      2447.0   0.000000000
      2448.0   0.000000000
      2449.0   0.000008857
      2450.0   0.000018686
      2451.0   0.000000000
      2452.0   0.000000000
      2453.0   0.000000000
      2454.0   0.000000000
      2455.0   0.000007631
      2456.0   0.000006764
      2457.0   0.000010604
      2458.0   0.000000000
      2459.0   0.000000000
      2460.0   0.000000000
      2461.0   0.000029483
      2462.0   0.000005754
      2463.0   0.000000000
      2464.0   0.000015793
      2465.0   0.000036856
      2466.0   0.000019995
      2467.0   0.000015936
      2468.0   0.000000000
      2469.0   0.000000000
      2470.0   0.000005699
      2471.0   0.000013336
      2472.0   0.000023820
      2473.0   0.000045306
      2474.0   0.000016522
      2475.0   0.000013524
      2476.0   0.000000000
      2477.0   0.000000000
      2478.0   0.000061921
      2479.0   0.000000000
      2480.0   0.000000000
      2481.0   0.000063184
      2482.0   0.000021797
      2483.0   0.000000000
      2484.0   0.000000000
      2485.0   0.000000000
      2486.0   0.000019731
      2487.0   0.000009569
      2488.0   0.000000000
      2489.0   0.000000000
      2490.0   0.000000000
      2491.0   0.000019721
      2492.0   0.000000000
      2493.0   0.000000000
      2494.0   0.000000000
      2495.0   0.000000000
      2496.0   0.000000000
      2497.0   0.000038073
      2498.0   0.000042379
      2499.0   0.000038389
      2500.0   0.000000000
      2501.0   0.000011774
      2502.0   0.000036259
      2503.0   0.000000000
      2504.0   0.000001009
      2505.0   0.000005718
      2506.0   0.000000000
      2507.0   0.000000000
      2508.0   0.000000880
      2509.0   0.000000600
      2510.0   0.000000000
      2511.0   0.000000000
      2512.0   0.000000000
      2513.0   0.000016121
      2514.0   0.000056879
      2515.0   0.000057070
      2516.0   0.000000000
      2517.0   0.000000000
      2518.0   0.000007859
      2519.0   0.000052371
      2520.0   0.000019723
      2521.0   0.000036805
      2522.0   0.000050150
      2523.0   0.000006688
      2524.0   0.000000000
      2525.0   0.000011893
      2526.0   0.000016535
      2527.0   0.000000000
      2528.0   0.000000000
      2529.0   0.000000000
      2530.0   0.000000000
      2531.0   0.000019976
      2532.0   0.000005768
      2533.0   0.000000000
      2534.0   0.000000000
      2535.0   0.000000000
      2536.0   0.000007646
      2537.0   0.000055616
      2538.0   0.000043506
      2539.0   0.000000000
      2540.0   0.000000000
      2541.0   0.000000000
      2542.0   0.000021170
      2543.0   0.000023922
      2544.0   0.000085810
      2545.0   0.000134288
      2546.0   0.000010892
      2547.0   0.000000000
      2548.0   0.000000000
      2549.0   0.000000000
      2550.0   0.000000000
      2551.0   0.000023675
      2552.0   0.000034580
      2553.0   0.000058563
      2554.0   0.000025716
      2555.0   0.000000000
      2556.0   0.000003693
      2557.0   0.000015541
      2558.0   0.000013156
      2559.0   0.000005099
      2560.0   0.000062700
      2561.0   0.000125347
      2562.0   0.000049132
      2563.0   0.000013496
      2564.0   0.000096522
      2565.0   0.000118845
      2566.0   0.000000000
      2567.0   0.000000000
      2568.0   0.000000000
      2569.0   0.000000000
      2570.0   0.000047534
      2571.0   0.000049941
      2572.0   0.000013008
      2573.0   0.000027308
      2574.0   0.000000000
      2575.0   0.000000000
      2576.0   0.000061801
      2577.0   0.000103194
      2578.0   0.000000000
      2579.0   0.000000000
      2580.0   0.000085945
      2581.0   0.000068688
      2582.0   0.000000000
      2583.0   0.000008253
      2584.0   0.000000000
      2585.0   0.000058472
      2586.0   0.000000000
      2587.0   0.000000000
      2588.0   0.000014877
      2589.0   0.000116532
      2590.0   0.000010712
      2591.0   0.000000000
      2592.0   0.000075545
      2593.0   0.000000000
      2594.0   0.000000000
      2595.0   0.000000000
      2596.0   0.000167144
      2597.0   0.000095064
      2598.0   0.000071916
      2599.0   0.000063271
      2600.0   0.000000000
      2601.0   0.000016383
      2602.0   0.000155172
      2603.0   0.000062410
      2604.0   0.000139203
      2605.0   0.000075303
      2606.0   0.000000000
      2607.0   0.000000000
      2608.0   0.000045978
      2609.0   0.000014391
      2610.0   0.000178121
      2611.0   0.000048714
      2612.0   0.000000000
      2613.0   0.000000000
      2614.0   0.000000000
      2615.0   0.000000000
      2616.0   0.000000000
      2617.0   0.000000000
      2618.0   0.000000000
      2619.0   0.000000000
      2620.0   0.000077185
      2621.0   0.000028368
      2622.0   0.000000000
      2623.0   0.000011843
      2624.0   0.000071458
      2625.0   0.000149542
      2626.0   0.000116107
      2627.0   0.000000000
      2628.0   0.000023307
      2629.0   0.000141040
      2630.0   0.000008111
      2631.0   0.000000000
      2632.0   0.000000000
      2633.0   0.000000000
      2634.0   0.000088170
      2635.0   0.000136497
      2636.0   0.000116291
      2637.0   0.000000000
      2638.0   0.000174025
      2639.0   0.000063885
      2640.0   0.000093722
      2641.0   0.000053476
      2642.0   0.000000000
      2643.0   0.000003299
      2644.0   0.000000000
      2645.0   0.000000000
      2646.0   0.000237955
      2647.0   0.000203745
      2648.0   0.000195850
      2649.0   0.000022847
      2650.0   0.000099520
      2651.0   0.000035705
      2652.0   0.000086774
      2653.0   0.000024886
      2654.0   0.000000000
      2655.0   0.000000000
      2656.0   0.000092822
      2657.0   0.000070058
      2658.0   0.000095810
      2659.0   0.000000000
      2660.0   0.000162383
      2661.0   0.000238567
      2662.0   0.000315670
      2663.0   0.000000000
      2664.0   0.000212330
      2665.0   0.000556590
      2666.0   0.000101029
      2667.0   0.000084792
      2668.0   0.000383059
      2669.0   0.000682535
      2670.0   0.000134535
      2671.0   0.000000000
      2672.0   0.000517378
      2673.0   0.000464892
      2674.0   0.000090545
      2675.0   0.000049292
      2676.0   0.000414377
      2677.0   0.000374203
      2678.0   0.000309742
      2679.0   0.000059177
      2680.0   0.000120406
      2681.0   0.000546711
      2682.0   0.000693320
      2683.0   0.000693320
      2684.0   0.000693320
      2685.0   0.000693320
      2686.0   0.000693320
      2687.0   0.000693320
      2688.0   0.000693320
      2689.0   0.000693320
      2690.0   0.000693320
      2691.0   0.000693320
      2692.0   0.000693320
      2693.0   0.000693320
      2694.0   0.000693320
      2695.0   0.000693320
      2696.0   0.000693320
      2697.0   0.000693320
      2698.0   0.000693320
      2699.0   0.000693320
      2700.0   0.000693320
