#                                                          
# SPHERE/IRDIS BB B_Ks filter transmission                 
#                                                          
# Updated with final values on 2015-04-16 by Arthur Vigan  
# For any information, please contact <arthur.vigan@lam.fr>
#                                                          
# wavelength   B_Ks                                        
#                                                          
       400.0   0.000000000
       401.0   0.000000000
       402.0   0.000000000
       403.0   0.000000000
       404.0   0.000000000
       405.0   0.000000000
       406.0   0.000000000
       407.0   0.000000000
       408.0   0.000000000
       409.0   0.000000000
       410.0   0.000000000
       411.0   0.000000000
       412.0   0.000000000
       413.0   0.000000000
       414.0   0.000000000
       415.0   0.000000000
       416.0   0.000000000
       417.0   0.000000000
       418.0   0.000000000
       419.0   0.000000000
       420.0   0.000000000
       421.0   0.000000000
       422.0   0.000000000
       423.0   0.000000000
       424.0   0.000000000
       425.0   0.000000000
       426.0   0.000000000
       427.0   0.000000000
       428.0   0.000000000
       429.0   0.000000000
       430.0   0.000000000
       431.0   0.000000000
       432.0   0.000000000
       433.0   0.000000000
       434.0   0.000000000
       435.0   0.000000000
       436.0   0.000000000
       437.0   0.000000000
       438.0   0.000000000
       439.0   0.000000000
       440.0   0.000000000
       441.0   0.000000000
       442.0   0.000000000
       443.0   0.000000000
       444.0   0.000000000
       445.0   0.000000000
       446.0   0.000000000
       447.0   0.000000000
       448.0   0.000000000
       449.0   0.000000000
       450.0   0.000000000
       451.0   0.000000000
       452.0   0.000000000
       453.0   0.000000000
       454.0   0.000000000
       455.0   0.000000000
       456.0   0.000000000
       457.0   0.000000000
       458.0   0.000000000
       459.0   0.000000000
       460.0   0.000000000
       461.0   0.000000000
       462.0   0.000000000
       463.0   0.000000000
       464.0   0.000000000
       465.0   0.000000000
       466.0   0.000000000
       467.0   0.000000000
       468.0   0.000000000
       469.0   0.000000000
       470.0   0.000000000
       471.0   0.000000000
       472.0   0.000000000
       473.0   0.000000000
       474.0   0.000000000
       475.0   0.000000000
       476.0   0.000000000
       477.0   0.000000000
       478.0   0.000000000
       479.0   0.000000000
       480.0   0.000000000
       481.0   0.000000000
       482.0   0.000000000
       483.0   0.000000000
       484.0   0.000000000
       485.0   0.000000000
       486.0   0.000000000
       487.0   0.000000000
       488.0   0.000000000
       489.0   0.000000000
       490.0   0.000000000
       491.0   0.000000000
       492.0   0.000000000
       493.0   0.000000000
       494.0   0.000000000
       495.0   0.000000000
       496.0   0.000000000
       497.0   0.000000000
       498.0   0.000000000
       499.0   0.000000000
       500.0   0.000000000
       501.0   0.000000000
       502.0   0.000000000
       503.0   0.000000000
       504.0   0.000000000
       505.0   0.000000000
       506.0   0.000000000
       507.0   0.000000000
       508.0   0.000000000
       509.0   0.000000000
       510.0   0.000000000
       511.0   0.000000000
       512.0   0.000000000
       513.0   0.000000000
       514.0   0.000000000
       515.0   0.000000000
       516.0   0.000000000
       517.0   0.000000000
       518.0   0.000000000
       519.0   0.000000000
       520.0   0.000000000
       521.0   0.000000000
       522.0   0.000000000
       523.0   0.000000000
       524.0   0.000000000
       525.0   0.000000000
       526.0   0.000000000
       527.0   0.000000000
       528.0   0.000000000
       529.0   0.000000000
       530.0   0.000000000
       531.0   0.000000000
       532.0   0.000000000
       533.0   0.000000000
       534.0   0.000000000
       535.0   0.000000000
       536.0   0.000000000
       537.0   0.000000000
       538.0   0.000000000
       539.0   0.000000000
       540.0   0.000000000
       541.0   0.000000000
       542.0   0.000000000
       543.0   0.000000000
       544.0   0.000000000
       545.0   0.000000000
       546.0   0.000000000
       547.0   0.000000000
       548.0   0.000000000
       549.0   0.000000000
       550.0   0.000000000
       551.0   0.000000000
       552.0   0.000000000
       553.0   0.000000000
       554.0   0.000000000
       555.0   0.000000000
       556.0   0.000000000
       557.0   0.000000000
       558.0   0.000000000
       559.0   0.000000000
       560.0   0.000000000
       561.0   0.000000000
       562.0   0.000000000
       563.0   0.000000000
       564.0   0.000000000
       565.0   0.000000000
       566.0   0.000000000
       567.0   0.000000000
       568.0   0.000000000
       569.0   0.000000000
       570.0   0.000000000
       571.0   0.000000000
       572.0   0.000000000
       573.0   0.000000000
       574.0   0.000000000
       575.0   0.000000000
       576.0   0.000000000
       577.0   0.000000000
       578.0   0.000000000
       579.0   0.000000000
       580.0   0.000000000
       581.0   0.000000000
       582.0   0.000000000
       583.0   0.000000000
       584.0   0.000000000
       585.0   0.000000000
       586.0   0.000000000
       587.0   0.000000000
       588.0   0.000000000
       589.0   0.000000000
       590.0   0.000000000
       591.0   0.000000000
       592.0   0.000000000
       593.0   0.000000000
       594.0   0.000000000
       595.0   0.000000000
       596.0   0.000000000
       597.0   0.000000000
       598.0   0.000000000
       599.0   0.000000000
       600.0   0.000000000
       601.0   0.000000000
       602.0   0.000000000
       603.0   0.000000000
       604.0   0.000000000
       605.0   0.000000000
       606.0   0.000000000
       607.0   0.000000000
       608.0   0.000000000
       609.0   0.000000000
       610.0   0.000000000
       611.0   0.000000000
       612.0   0.000000000
       613.0   0.000000000
       614.0   0.000000000
       615.0   0.000000000
       616.0   0.000000000
       617.0   0.000000000
       618.0   0.000000000
       619.0   0.000000000
       620.0   0.000000000
       621.0   0.000000000
       622.0   0.000000000
       623.0   0.000000000
       624.0   0.000000000
       625.0   0.000000000
       626.0   0.000000000
       627.0   0.000000000
       628.0   0.000000000
       629.0   0.000000000
       630.0   0.000000000
       631.0   0.000000000
       632.0   0.000000000
       633.0   0.000000000
       634.0   0.000000000
       635.0   0.000000000
       636.0   0.000000000
       637.0   0.000000000
       638.0   0.000000000
       639.0   0.000000000
       640.0   0.000000000
       641.0   0.000000000
       642.0   0.000000000
       643.0   0.000000000
       644.0   0.000000000
       645.0   0.000000000
       646.0   0.000000000
       647.0   0.000000000
       648.0   0.000000000
       649.0   0.000000000
       650.0   0.000000000
       651.0   0.000000000
       652.0   0.000000000
       653.0   0.000000000
       654.0   0.000000000
       655.0   0.000000000
       656.0   0.000000000
       657.0   0.000000000
       658.0   0.000000000
       659.0   0.000000000
       660.0   0.000000000
       661.0   0.000000000
       662.0   0.000000000
       663.0   0.000000000
       664.0   0.000000000
       665.0   0.000000000
       666.0   0.000000000
       667.0   0.000000000
       668.0   0.000000000
       669.0   0.000000000
       670.0   0.000000000
       671.0   0.000000000
       672.0   0.000000000
       673.0   0.000000000
       674.0   0.000000000
       675.0   0.000000000
       676.0   0.000000000
       677.0   0.000000000
       678.0   0.000000000
       679.0   0.000000000
       680.0   0.000000000
       681.0   0.000000000
       682.0   0.000000000
       683.0   0.000000000
       684.0   0.000000000
       685.0   0.000000000
       686.0   0.000000000
       687.0   0.000000000
       688.0   0.000000000
       689.0   0.000000000
       690.0   0.000000000
       691.0   0.000000000
       692.0   0.000000000
       693.0   0.000000000
       694.0   0.000000000
       695.0   0.000000000
       696.0   0.000000000
       697.0   0.000000000
       698.0   0.000000000
       699.0   0.000000000
       700.0   0.000000000
       701.0   0.000000000
       702.0   0.000000000
       703.0   0.000000000
       704.0   0.000000000
       705.0   0.000000000
       706.0   0.000000000
       707.0   0.000000000
       708.0   0.000000000
       709.0   0.000000000
       710.0   0.000000000
       711.0   0.000000000
       712.0   0.000000000
       713.0   0.000000000
       714.0   0.000000000
       715.0   0.000000000
       716.0   0.000000000
       717.0   0.000000000
       718.0   0.000000000
       719.0   0.000000000
       720.0   0.000000000
       721.0   0.000000000
       722.0   0.000000000
       723.0   0.000000000
       724.0   0.000000000
       725.0   0.000000000
       726.0   0.000000000
       727.0   0.000000000
       728.0   0.000000000
       729.0   0.000000000
       730.0   0.000000000
       731.0   0.000000000
       732.0   0.000000000
       733.0   0.000000000
       734.0   0.000000000
       735.0   0.000000000
       736.0   0.000000000
       737.0   0.000000000
       738.0   0.000000000
       739.0   0.000000000
       740.0   0.000000000
       741.0   0.000000000
       742.0   0.000000000
       743.0   0.000000000
       744.0   0.000000000
       745.0   0.000000000
       746.0   0.000000000
       747.0   0.000000000
       748.0   0.000000000
       749.0   0.000000000
       750.0   0.000000000
       751.0   0.000000000
       752.0   0.000000000
       753.0   0.000000000
       754.0   0.000000000
       755.0   0.000000000
       756.0   0.000000000
       757.0   0.000000000
       758.0   0.000000000
       759.0   0.000000000
       760.0   0.000000000
       761.0   0.000000000
       762.0   0.000000000
       763.0   0.000000000
       764.0   0.000000000
       765.0   0.000000000
       766.0   0.000000000
       767.0   0.000000000
       768.0   0.000000000
       769.0   0.000000000
       770.0   0.000000000
       771.0   0.000000000
       772.0   0.000000000
       773.0   0.000000000
       774.0   0.000000000
       775.0   0.000000000
       776.0   0.000000000
       777.0   0.000000000
       778.0   0.000000000
       779.0   0.000000000
       780.0   0.000000000
       781.0   0.000000000
       782.0   0.000000000
       783.0   0.000000000
       784.0   0.000000000
       785.0   0.000000000
       786.0   0.000000000
       787.0   0.000000000
       788.0   0.000000000
       789.0   0.000000000
       790.0   0.000000000
       791.0   0.000000000
       792.0   0.000000000
       793.0   0.000000000
       794.0   0.000000000
       795.0   0.000000000
       796.0   0.000000000
       797.0   0.000000000
       798.0   0.000000000
       799.0   0.000000000
       800.0   0.000000000
       801.0   0.000000000
       802.0   0.000000000
       803.0   0.000000000
       804.0   0.000000000
       805.0   0.000000000
       806.0   0.000000000
       807.0   0.000000000
       808.0   0.000000000
       809.0   0.000000000
       810.0   0.000000000
       811.0   0.000000000
       812.0   0.000000000
       813.0   0.000000000
       814.0   0.000000000
       815.0   0.000000000
       816.0   0.000000000
       817.0   0.000000000
       818.0   0.000000000
       819.0   0.000000000
       820.0   0.000000000
       821.0   0.000000000
       822.0   0.000000000
       823.0   0.000000000
       824.0   0.000000000
       825.0   0.000000000
       826.0   0.000000000
       827.0   0.000000000
       828.0   0.000000000
       829.0   0.000000000
       830.0   0.000000000
       831.0   0.000000000
       832.0   0.000000000
       833.0   0.000000000
       834.0   0.000000000
       835.0   0.000000000
       836.0   0.000000000
       837.0   0.000000000
       838.0   0.000000000
       839.0   0.000000000
       840.0   0.000000000
       841.0   0.000000000
       842.0   0.000000000
       843.0   0.000000000
       844.0   0.000000000
       845.0   0.000000000
       846.0   0.000000000
       847.0   0.000000000
       848.0   0.000000000
       849.0   0.000000000
       850.0   0.000000000
       851.0   0.000000000
       852.0   0.000000000
       853.0   0.000000000
       854.0   0.000000000
       855.0   0.000000000
       856.0   0.000000000
       857.0   0.000000000
       858.0   0.000000000
       859.0   0.000000000
       860.0   0.000000000
       861.0   0.000000000
       862.0   0.000000001
       863.0   0.000000001
       864.0   0.000000001
       865.0   0.000000002
       866.0   0.000000001
       867.0   0.000000001
       868.0   0.000000001
       869.0   0.000000002
       870.0   0.000000001
       871.0   0.000000001
       872.0   0.000000002
       873.0   0.000000001
       874.0   0.000000002
       875.0   0.000000002
       876.0   0.000000002
       877.0   0.000000002
       878.0   0.000000002
       879.0   0.000000001
       880.0   0.000000001
       881.0   0.000000001
       882.0   0.000000002
       883.0   0.000000002
       884.0   0.000000001
       885.0   0.000000001
       886.0   0.000000002
       887.0   0.000000001
       888.0   0.000000001
       889.0   0.000000001
       890.0   0.000000001
       891.0   0.000000001
       892.0   0.000000002
       893.0   0.000000001
       894.0   0.000000002
       895.0   0.000000002
       896.0   0.000000002
       897.0   0.000000002
       898.0   0.000000002
       899.0   0.000000001
       900.0   0.000000001
       901.0   0.000000001
       902.0   0.000000001
       903.0   0.000000001
       904.0   0.000000002
       905.0   0.000000002
       906.0   0.000000001
       907.0   0.000000002
       908.0   0.000000001
       909.0   0.000000002
       910.0   0.000000002
       911.0   0.000000002
       912.0   0.000000002
       913.0   0.000000002
       914.0   0.000000001
       915.0   0.000000002
       916.0   0.000000001
       917.0   0.000000002
       918.0   0.000000001
       919.0   0.000000001
       920.0   0.000000002
       921.0   0.000000001
       922.0   0.000000002
       923.0   0.000000002
       924.0   0.000000002
       925.0   0.000000002
       926.0   0.000000001
       927.0   0.000000002
       928.0   0.000000002
       929.0   0.000000001
       930.0   0.000000001
       931.0   0.000000001
       932.0   0.000000001
       933.0   0.000000002
       934.0   0.000000002
       935.0   0.000000002
       936.0   0.000000002
       937.0   0.000000001
       938.0   0.000000001
       939.0   0.000000002
       940.0   0.000000002
       941.0   0.000000002
       942.0   0.000000001
       943.0   0.000000001
       944.0   0.000000002
       945.0   0.000000001
       946.0   0.000000001
       947.0   0.000000001
       948.0   0.000000001
       949.0   0.000000002
       950.0   0.000000002
       951.0   0.000000001
       952.0   0.000000001
       953.0   0.000000001
       954.0   0.000000002
       955.0   0.000000001
       956.0   0.000000001
       957.0   0.000000001
       958.0   0.000000001
       959.0   0.000000002
       960.0   0.000000002
       961.0   0.000000002
       962.0   0.000000002
       963.0   0.000000002
       964.0   0.000000001
       965.0   0.000000002
       966.0   0.000000002
       967.0   0.000000001
       968.0   0.000000002
       969.0   0.000000002
       970.0   0.000000002
       971.0   0.000000002
       972.0   0.000000001
       973.0   0.000000001
       974.0   0.000000001
       975.0   0.000000002
       976.0   0.000000001
       977.0   0.000000001
       978.0   0.000000002
       979.0   0.000000002
       980.0   0.000000001
       981.0   0.000000001
       982.0   0.000000002
       983.0   0.000000002
       984.0   0.000000002
       985.0   0.000000001
       986.0   0.000000002
       987.0   0.000000002
       988.0   0.000000002
       989.0   0.000000002
       990.0   0.000000001
       991.0   0.000000001
       992.0   0.000000001
       993.0   0.000000001
       994.0   0.000000002
       995.0   0.000000001
       996.0   0.000000002
       997.0   0.000000002
       998.0   0.000000001
       999.0   0.000000002
      1000.0   0.000000002
      1001.0   0.000000002
      1002.0   0.000000002
      1003.0   0.000000002
      1004.0   0.000000022
      1005.0   0.000000000
      1006.0   0.000000000
      1007.0   0.000000009
      1008.0   0.000000000
      1009.0   0.000000004
      1010.0   0.000000007
      1011.0   0.000000000
      1012.0   0.000000000
      1013.0   0.000000000
      1014.0   0.000000000
      1015.0   0.000000012
      1016.0   0.000000000
      1017.0   0.000000006
      1018.0   0.000000018
      1019.0   0.000000000
      1020.0   0.000000000
      1021.0   0.000000000
      1022.0   0.000000002
      1023.0   0.000000016
      1024.0   0.000000008
      1025.0   0.000000007
      1026.0   0.000000000
      1027.0   0.000000000
      1028.0   0.000000009
      1029.0   0.000000000
      1030.0   0.000000004
      1031.0   0.000000007
      1032.0   0.000000002
      1033.0   0.000000000
      1034.0   0.000000000
      1035.0   0.000000000
      1036.0   0.000000009
      1037.0   0.000000006
      1038.0   0.000000015
      1039.0   0.000000018
      1040.0   0.000000016
      1041.0   0.000000003
      1042.0   0.000000025
      1043.0   0.000000027
      1044.0   0.000000041
      1045.0   0.000000058
      1046.0   0.000000042
      1047.0   0.000000074
      1048.0   0.000000107
      1049.0   0.000000129
      1050.0   0.000000091
      1051.0   0.000000116
      1052.0   0.000000151
      1053.0   0.000000224
      1054.0   0.000000138
      1055.0   0.000000246
      1056.0   0.000000256
      1057.0   0.000000205
      1058.0   0.000000341
      1059.0   0.000000389
      1060.0   0.000000331
      1061.0   0.000000421
      1062.0   0.000000463
      1063.0   0.000000525
      1064.0   0.000000337
      1065.0   0.000000442
      1066.0   0.000000645
      1067.0   0.000000506
      1068.0   0.000000483
      1069.0   0.000000405
      1070.0   0.000000345
      1071.0   0.000000427
      1072.0   0.000000330
      1073.0   0.000000519
      1074.0   0.000000631
      1075.0   0.000000621
      1076.0   0.000000596
      1077.0   0.000000404
      1078.0   0.000000308
      1079.0   0.000000677
      1080.0   0.000000544
      1081.0   0.000000633
      1082.0   0.000000487
      1083.0   0.000000308
      1084.0   0.000000666
      1085.0   0.000000502
      1086.0   0.000000367
      1087.0   0.000000611
      1088.0   0.000000431
      1089.0   0.000000501
      1090.0   0.000000591
      1091.0   0.000000503
      1092.0   0.000000566
      1093.0   0.000000432
      1094.0   0.000000483
      1095.0   0.000000392
      1096.0   0.000000465
      1097.0   0.000000677
      1098.0   0.000000602
      1099.0   0.000000394
      1100.0   0.000000352
      1101.0   0.000000404
      1102.0   0.000000491
      1103.0   0.000000482
      1104.0   0.000000480
      1105.0   0.000000562
      1106.0   0.000000453
      1107.0   0.000000382
      1108.0   0.000000361
      1109.0   0.000000376
      1110.0   0.000000392
      1111.0   0.000000437
      1112.0   0.000000423
      1113.0   0.000000551
      1114.0   0.000000449
      1115.0   0.000000384
      1116.0   0.000000340
      1117.0   0.000000253
      1118.0   0.000000272
      1119.0   0.000000490
      1120.0   0.000000529
      1121.0   0.000000616
      1122.0   0.000000504
      1123.0   0.000000441
      1124.0   0.000000461
      1125.0   0.000000339
      1126.0   0.000000352
      1127.0   0.000000282
      1128.0   0.000000393
      1129.0   0.000000494
      1130.0   0.000000511
      1131.0   0.000000452
      1132.0   0.000000484
      1133.0   0.000000475
      1134.0   0.000000522
      1135.0   0.000000530
      1136.0   0.000000377
      1137.0   0.000000428
      1138.0   0.000000366
      1139.0   0.000000414
      1140.0   0.000000477
      1141.0   0.000000481
      1142.0   0.000000613
      1143.0   0.000000590
      1144.0   0.000000557
      1145.0   0.000000622
      1146.0   0.000000618
      1147.0   0.000000679
      1148.0   0.000000846
      1149.0   0.000000950
      1150.0   0.000001087
      1151.0   0.000001186
      1152.0   0.000001262
      1153.0   0.000001392
      1154.0   0.000001462
      1155.0   0.000001583
      1156.0   0.000001738
      1157.0   0.000001843
      1158.0   0.000001915
      1159.0   0.000001915
      1160.0   0.000001982
      1161.0   0.000002198
      1162.0   0.000002257
      1163.0   0.000002373
      1164.0   0.000002504
      1165.0   0.000002607
      1166.0   0.000002626
      1167.0   0.000002735
      1168.0   0.000002927
      1169.0   0.000003047
      1170.0   0.000002995
      1171.0   0.000003283
      1172.0   0.000003321
      1173.0   0.000003028
      1174.0   0.000003010
      1175.0   0.000003181
      1176.0   0.000003131
      1177.0   0.000003343
      1178.0   0.000003512
      1179.0   0.000003480
      1180.0   0.000003529
      1181.0   0.000003767
      1182.0   0.000004152
      1183.0   0.000004247
      1184.0   0.000004768
      1185.0   0.000005011
      1186.0   0.000005134
      1187.0   0.000006079
      1188.0   0.000006855
      1189.0   0.000007000
      1190.0   0.000007173
      1191.0   0.000007516
      1192.0   0.000007947
      1193.0   0.000008251
      1194.0   0.000008526
      1195.0   0.000009661
      1196.0   0.000009672
      1197.0   0.000009171
      1198.0   0.000010212
      1199.0   0.000009651
      1200.0   0.000009980
      1201.0   0.000011038
      1202.0   0.000011320
      1203.0   0.000011793
      1204.0   0.000011638
      1205.0   0.000012285
      1206.0   0.000013878
      1207.0   0.000014214
      1208.0   0.000014253
      1209.0   0.000012983
      1210.0   0.000012428
      1211.0   0.000011348
      1212.0   0.000010566
      1213.0   0.000008774
      1214.0   0.000006765
      1215.0   0.000006029
      1216.0   0.000005293
      1217.0   0.000004642
      1218.0   0.000004399
      1219.0   0.000003642
      1220.0   0.000003226
      1221.0   0.000003258
      1222.0   0.000003264
      1223.0   0.000002932
      1224.0   0.000002885
      1225.0   0.000002744
      1226.0   0.000002813
      1227.0   0.000002821
      1228.0   0.000003278
      1229.0   0.000003386
      1230.0   0.000003703
      1231.0   0.000004018
      1232.0   0.000004765
      1233.0   0.000004875
      1234.0   0.000006002
      1235.0   0.000006884
      1236.0   0.000007543
      1237.0   0.000008386
      1238.0   0.000010309
      1239.0   0.000009718
      1240.0   0.000010649
      1241.0   0.000010334
      1242.0   0.000009187
      1243.0   0.000008746
      1244.0   0.000010490
      1245.0   0.000009848
      1246.0   0.000010215
      1247.0   0.000011342
      1248.0   0.000012198
      1249.0   0.000013160
      1250.0   0.000016161
      1251.0   0.000018506
      1252.0   0.000019667
      1253.0   0.000019348
      1254.0   0.000018814
      1255.0   0.000015700
      1256.0   0.000013106
      1257.0   0.000009126
      1258.0   0.000006965
      1259.0   0.000005174
      1260.0   0.000004027
      1261.0   0.000003384
      1262.0   0.000002792
      1263.0   0.000002267
      1264.0   0.000002058
      1265.0   0.000001731
      1266.0   0.000001736
      1267.0   0.000001553
      1268.0   0.000001589
      1269.0   0.000001394
      1270.0   0.000001363
      1271.0   0.000001405
      1272.0   0.000001364
      1273.0   0.000001343
      1274.0   0.000001521
      1275.0   0.000001484
      1276.0   0.000001686
      1277.0   0.000001615
      1278.0   0.000001726
      1279.0   0.000001796
      1280.0   0.000002020
      1281.0   0.000002028
      1282.0   0.000002273
      1283.0   0.000002249
      1284.0   0.000002396
      1285.0   0.000002391
      1286.0   0.000002586
      1287.0   0.000002480
      1288.0   0.000002564
      1289.0   0.000002450
      1290.0   0.000002681
      1291.0   0.000002404
      1292.0   0.000002782
      1293.0   0.000002805
      1294.0   0.000003167
      1295.0   0.000003401
      1296.0   0.000003682
      1297.0   0.000003939
      1298.0   0.000004725
      1299.0   0.000004844
      1300.0   0.000004742
      1301.0   0.000004646
      1302.0   0.000005143
      1303.0   0.000005430
      1304.0   0.000005565
      1305.0   0.000005167
      1306.0   0.000005454
      1307.0   0.000004584
      1308.0   0.000004555
      1309.0   0.000004197
      1310.0   0.000004358
      1311.0   0.000004450
      1312.0   0.000004878
      1313.0   0.000003433
      1314.0   0.000003022
      1315.0   0.000002646
      1316.0   0.000003462
      1317.0   0.000003189
      1318.0   0.000003743
      1319.0   0.000004514
      1320.0   0.000004175
      1321.0   0.000005154
      1322.0   0.000006396
      1323.0   0.000007095
      1324.0   0.000009183
      1325.0   0.000008120
      1326.0   0.000004721
      1327.0   0.000007823
      1328.0   0.000009102
      1329.0   0.000008104
      1330.0   0.000012605
      1331.0   0.000013930
      1332.0   0.000017177
      1333.0   0.000015700
      1334.0   0.000020425
      1335.0   0.000027485
      1336.0   0.000024942
      1337.0   0.000035852
      1338.0   0.000044777
      1339.0   0.000059021
      1340.0   0.000079998
      1341.0   0.000097642
      1342.0   0.000119304
      1343.0   0.000116004
      1344.0   0.000058507
      1345.0   0.000075359
      1346.0   0.000109722
      1347.0   0.000108821
      1348.0   0.000142237
      1349.0   0.000119284
      1350.0   0.000263367
      1351.0   0.000552209
      1352.0   0.000683059
      1353.0   0.000470239
      1354.0   0.000361195
      1355.0   0.000175129
      1356.0   0.000410250
      1357.0   0.000182512
      1358.0   0.000522145
      1359.0   0.000624604
      1360.0   0.000331469
      1361.0   0.000139230
      1362.0   0.000025142
      1363.0   0.000000000
      1364.0   0.000000000
      1365.0   0.000381540
      1366.0   0.000497954
      1367.0   0.000111776
      1368.0   0.000391745
      1369.0   0.000421148
      1370.0   0.000122755
      1371.0   0.000311759
      1372.0   0.000285232
      1373.0   0.000101849
      1374.0   0.000335237
      1375.0   0.000479902
      1376.0   0.000381325
      1377.0   0.000199344
      1378.0   0.000131217
      1379.0   0.000130433
      1380.0   0.000113617
      1381.0   0.000000000
      1382.0   0.000005858
      1383.0   0.000000000
      1384.0   0.000000000
      1385.0   0.000000000
      1386.0   0.000261559
      1387.0   0.000330405
      1388.0   0.000286372
      1389.0   0.000130765
      1390.0   0.000011728
      1391.0   0.000249278
      1392.0   0.000365879
      1393.0   0.000250233
      1394.0   0.000000000
      1395.0   0.000130369
      1396.0   0.000259712
      1397.0   0.000000000
      1398.0   0.000176865
      1399.0   0.000367167
      1400.0   0.000390768
      1401.0   0.000072087
      1402.0   0.000000000
      1403.0   0.000205819
      1404.0   0.000519390
      1405.0   0.000385963
      1406.0   0.000067139
      1407.0   0.000000000
      1408.0   0.000338459
      1409.0   0.000400994
      1410.0   0.000404335
      1411.0   0.000435839
      1412.0   0.000650858
      1413.0   0.000644464
      1414.0   0.000256297
      1415.0   0.000128838
      1416.0   0.000189069
      1417.0   0.000799254
      1418.0   0.001176110
      1419.0   0.000916721
      1420.0   0.000428488
      1421.0   0.000585445
      1422.0   0.000959316
      1423.0   0.000850735
      1424.0   0.000466216
      1425.0   0.000469560
      1426.0   0.000514444
      1427.0   0.000735384
      1428.0   0.000537456
      1429.0   0.000284838
      1430.0   0.000531878
      1431.0   0.000450284
      1432.0   0.000462956
      1433.0   0.000413871
      1434.0   0.000511782
      1435.0   0.000645435
      1436.0   0.000530421
      1437.0   0.000486872
      1438.0   0.000485560
      1439.0   0.000297135
      1440.0   0.000264048
      1441.0   0.000268512
      1442.0   0.000161488
      1443.0   0.000237803
      1444.0   0.000200881
      1445.0   0.000177253
      1446.0   0.000257040
      1447.0   0.000260999
      1448.0   0.000377600
      1449.0   0.000448749
      1450.0   0.000365747
      1451.0   0.000315543
      1452.0   0.000208392
      1453.0   0.000248106
      1454.0   0.000322850
      1455.0   0.000275548
      1456.0   0.000257091
      1457.0   0.000279882
      1458.0   0.000152178
      1459.0   0.000201315
      1460.0   0.000180211
      1461.0   0.000175710
      1462.0   0.000189661
      1463.0   0.000211466
      1464.0   0.000343470
      1465.0   0.000373632
      1466.0   0.000443982
      1467.0   0.000322306
      1468.0   0.000230503
      1469.0   0.000334336
      1470.0   0.000395442
      1471.0   0.000350845
      1472.0   0.000276607
      1473.0   0.000227597
      1474.0   0.000229891
      1475.0   0.000277432
      1476.0   0.000251044
      1477.0   0.000251937
      1478.0   0.000305317
      1479.0   0.000329213
      1480.0   0.000295524
      1481.0   0.000129429
      1482.0   0.000147359
      1483.0   0.000204555
      1484.0   0.000214434
      1485.0   0.000246390
      1486.0   0.000244276
      1487.0   0.000250384
      1488.0   0.000329080
      1489.0   0.000356253
      1490.0   0.000314275
      1491.0   0.000224162
      1492.0   0.000161456
      1493.0   0.000193464
      1494.0   0.000140610
      1495.0   0.000124209
      1496.0   0.000141877
      1497.0   0.000129784
      1498.0   0.000168958
      1499.0   0.000210882
      1500.0   0.000202802
      1501.0   0.000205509
      1502.0   0.000276389
      1503.0   0.000278588
      1504.0   0.000418862
      1505.0   0.000461594
      1506.0   0.000573627
      1507.0   0.000702347
      1508.0   0.000540390
      1509.0   0.000357807
      1510.0   0.000351531
      1511.0   0.000442853
      1512.0   0.000450206
      1513.0   0.000190071
      1514.0   0.000294027
      1515.0   0.000346298
      1516.0   0.000253577
      1517.0   0.000410785
      1518.0   0.000388092
      1519.0   0.000414845
      1520.0   0.000441250
      1521.0   0.000491357
      1522.0   0.000569154
      1523.0   0.000639135
      1524.0   0.000701316
      1525.0   0.000838267
      1526.0   0.000671292
      1527.0   0.000382930
      1528.0   0.000266312
      1529.0   0.000195909
      1530.0   0.000275989
      1531.0   0.000307281
      1532.0   0.000292746
      1533.0   0.000377940
      1534.0   0.000421161
      1535.0   0.000432246
      1536.0   0.000257592
      1537.0   0.000170026
      1538.0   0.000170814
      1539.0   0.000168950
      1540.0   0.000204361
      1541.0   0.000260311
      1542.0   0.000254924
      1543.0   0.000377432
      1544.0   0.000373383
      1545.0   0.000199647
      1546.0   0.000207142
      1547.0   0.000268527
      1548.0   0.000223534
      1549.0   0.000191101
      1550.0   0.000183872
      1551.0   0.000262813
      1552.0   0.000316172
      1553.0   0.000388022
      1554.0   0.000373178
      1555.0   0.000203654
      1556.0   0.000271204
      1557.0   0.000377989
      1558.0   0.000395041
      1559.0   0.000502836
      1560.0   0.000453741
      1561.0   0.000244448
      1562.0   0.000351484
      1563.0   0.000386462
      1564.0   0.000289091
      1565.0   0.000250881
      1566.0   0.000262115
      1567.0   0.000410719
      1568.0   0.000485250
      1569.0   0.000516428
      1570.0   0.000656085
      1571.0   0.000401365
      1572.0   0.000271827
      1573.0   0.000374700
      1574.0   0.000326191
      1575.0   0.000308906
      1576.0   0.000263958
      1577.0   0.000162569
      1578.0   0.000230409
      1579.0   0.000165473
      1580.0   0.000172305
      1581.0   0.000226087
      1582.0   0.000260590
      1583.0   0.000269804
      1584.0   0.000397616
      1585.0   0.000472800
      1586.0   0.000436445
      1587.0   0.000174069
      1588.0   0.000170518
      1589.0   0.000134464
      1590.0   0.000122781
      1591.0   0.000261310
      1592.0   0.000280299
      1593.0   0.000317902
      1594.0   0.000275163
      1595.0   0.000155658
      1596.0   0.000144107
      1597.0   0.000236522
      1598.0   0.000259114
      1599.0   0.000346008
      1600.0   0.000361995
      1601.0   0.000318171
      1602.0   0.000204313
      1603.0   0.000130010
      1604.0   0.000141233
      1605.0   0.000214467
      1606.0   0.000240398
      1607.0   0.000391074
      1608.0   0.000469358
      1609.0   0.000418507
      1610.0   0.000333210
      1611.0   0.000162851
      1612.0   0.000084112
      1613.0   0.000206225
      1614.0   0.000223469
      1615.0   0.000356248
      1616.0   0.000348201
      1617.0   0.000404319
      1618.0   0.000591304
      1619.0   0.000681801
      1620.0   0.000893629
      1621.0   0.001041680
      1622.0   0.000614964
      1623.0   0.000473775
      1624.0   0.000272350
      1625.0   0.000230523
      1626.0   0.000434907
      1627.0   0.000400779
      1628.0   0.000503247
      1629.0   0.000601762
      1630.0   0.000602473
      1631.0   0.000479640
      1632.0   0.000292640
      1633.0   0.000333647
      1634.0   0.000452171
      1635.0   0.000412363
      1636.0   0.000503403
      1637.0   0.000339553
      1638.0   0.000281103
      1639.0   0.000321722
      1640.0   0.000379468
      1641.0   0.000359979
      1642.0   0.000277495
      1643.0   0.000213028
      1644.0   0.000201005
      1645.0   0.000196624
      1646.0   0.000168966
      1647.0   0.000221605
      1648.0   0.000215386
      1649.0   0.000263120
      1650.0   0.000347347
      1651.0   0.000429790
      1652.0   0.000477857
      1653.0   0.000238457
      1654.0   0.000101327
      1655.0   0.000181304
      1656.0   0.000162270
      1657.0   0.000205549
      1658.0   0.000220551
      1659.0   0.000280911
      1660.0   0.000358877
      1661.0   0.000367449
      1662.0   0.000451462
      1663.0   0.000352366
      1664.0   0.000000000
      1665.0   0.000077812
      1666.0   0.000034913
      1667.0   0.000000000
      1668.0   0.000000000
      1669.0   0.000000000
      1670.0   0.000000000
      1671.0   0.000000000
      1672.0   0.000000000
      1673.0   0.000719135
      1674.0   0.000408983
      1675.0   0.000276182
      1676.0   0.000333644
      1677.0   0.000329790
      1678.0   0.000215937
      1679.0   0.000362693
      1680.0   0.000449383
      1681.0   0.000496237
      1682.0   0.000611126
      1683.0   0.000673492
      1684.0   0.000872854
      1685.0   0.000985186
      1686.0   0.000444306
      1687.0   0.000396054
      1688.0   0.000286674
      1689.0   0.000203907
      1690.0   0.000275190
      1691.0   0.000252577
      1692.0   0.000277086
      1693.0   0.000261618
      1694.0   0.000284987
      1695.0   0.000353693
      1696.0   0.000350844
      1697.0   0.000386504
      1698.0   0.000578704
      1699.0   0.000631403
      1700.0   0.000678755
      1701.0   0.000604118
      1702.0   0.000299873
      1703.0   0.000233967
      1704.0   0.000257561
      1705.0   0.000223161
      1706.0   0.000234890
      1707.0   0.000207504
      1708.0   0.000198106
      1709.0   0.000189582
      1710.0   0.000166921
      1711.0   0.000193365
      1712.0   0.000262504
      1713.0   0.000232280
      1714.0   0.000293032
      1715.0   0.000278842
      1716.0   0.000293511
      1717.0   0.000329786
      1718.0   0.000310072
      1719.0   0.000369217
      1720.0   0.000476349
      1721.0   0.000521123
      1722.0   0.000643913
      1723.0   0.000636414
      1724.0   0.000733084
      1725.0   0.000559249
      1726.0   0.000286042
      1727.0   0.000257343
      1728.0   0.000302787
      1729.0   0.000268191
      1730.0   0.000300548
      1731.0   0.000263845
      1732.0   0.000288563
      1733.0   0.000235341
      1734.0   0.000282843
      1735.0   0.000409767
      1736.0   0.000366627
      1737.0   0.000384221
      1738.0   0.000531649
      1739.0   0.000541842
      1740.0   0.000645977
      1741.0   0.000807800
      1742.0   0.000797689
      1743.0   0.000959637
      1744.0   0.001037340
      1745.0   0.000725218
      1746.0   0.000434344
      1747.0   0.000330750
      1748.0   0.000389167
      1749.0   0.000490178
      1750.0   0.000623143
      1751.0   0.000761073
      1752.0   0.000677822
      1753.0   0.000665020
      1754.0   0.000316192
      1755.0   0.000281298
      1756.0   0.000358192
      1757.0   0.000383508
      1758.0   0.000343118
      1759.0   0.000361480
      1760.0   0.000315725
      1761.0   0.000338450
      1762.0   0.000333706
      1763.0   0.000385256
      1764.0   0.000518008
      1765.0   0.000595674
      1766.0   0.000670625
      1767.0   0.000442467
      1768.0   0.000247959
      1769.0   0.000381834
      1770.0   0.000521633
      1771.0   0.000503145
      1772.0   0.000637521
      1773.0   0.000407443
      1774.0   0.000265588
      1775.0   0.000312818
      1776.0   0.000415104
      1777.0   0.000515958
      1778.0   0.000536587
      1779.0   0.000634407
      1780.0   0.000684931
      1781.0   0.000414683
      1782.0   0.000334048
      1783.0   0.000382414
      1784.0   0.000372425
      1785.0   0.000406365
      1786.0   0.000409648
      1787.0   0.000386799
      1788.0   0.000490745
      1789.0   0.000471288
      1790.0   0.000504871
      1791.0   0.000579087
      1792.0   0.000516378
      1793.0   0.000662791
      1794.0   0.000788688
      1795.0   0.000903967
      1796.0   0.000739607
      1797.0   0.000415441
      1798.0   0.000498791
      1799.0   0.000569936
      1800.0   0.000408617
      1801.0   0.000516239
      1802.0   0.000480137
      1803.0   0.000451026
      1804.0   0.000641557
      1805.0   0.000423719
      1806.0   0.000260212
      1807.0   0.000322296
      1808.0   0.000711723
      1809.0   0.000821695
      1810.0   0.000605751
      1811.0   0.000459369
      1812.0   0.000438540
      1813.0   0.000332960
      1814.0   0.000595371
      1815.0   0.000403850
      1816.0   0.000059254
      1817.0   0.000443802
      1818.0   0.000770325
      1819.0   0.000564899
      1820.0   0.000204621
      1821.0   0.000000000
      1822.0   0.000093107
      1823.0   0.000939669
      1824.0   0.001551710
      1825.0   0.001374340
      1826.0   0.000450200
      1827.0   0.000037705
      1828.0   0.000429802
      1829.0   0.000694564
      1830.0   0.000303478
      1831.0   0.000000000
      1832.0   0.000259947
      1833.0   0.000895367
      1834.0   0.001411760
      1835.0   0.000733343
      1836.0   0.000020449
      1837.0   0.000000000
      1838.0   0.000180922
      1839.0   0.001051290
      1840.0   0.000717938
      1841.0   0.000124936
      1842.0   0.000000000
      1843.0   0.000262269
      1844.0   0.001136190
      1845.0   0.001580900
      1846.0   0.001107870
      1847.0   0.000000000
      1848.0   0.000000000
      1849.0   0.000023139
      1850.0   0.001172120
      1851.0   0.001725690
      1852.0   0.000988191
      1853.0   0.000240117
      1854.0   0.000152679
      1855.0   0.000407578
      1856.0   0.001151190
      1857.0   0.000651958
      1858.0   0.000358435
      1859.0   0.000680241
      1860.0   0.000204241
      1861.0   0.000212229
      1862.0   0.001398610
      1863.0   0.001692250
      1864.0   0.000792845
      1865.0   0.000408584
      1866.0   0.000629621
      1867.0   0.000704375
      1868.0   0.000000000
      1869.0   0.000000000
      1870.0   0.000000000
      1871.0   0.000000000
      1872.0   0.000000000
      1873.0   0.000293301
      1874.0   0.000575666
      1875.0   0.001211640
      1876.0   0.001426150
      1877.0   0.000851237
      1878.0   0.000706488
      1879.0   0.001404470
      1880.0   0.001567740
      1881.0   0.000689612
      1882.0   0.000376040
      1883.0   0.000644756
      1884.0   0.000096230
      1885.0   0.000161856
      1886.0   0.000904057
      1887.0   0.000789230
      1888.0   0.000573621
      1889.0   0.000208003
      1890.0   0.000000000
      1891.0   0.000000000
      1892.0   0.000898518
      1893.0   0.001327150
      1894.0   0.001429940
      1895.0   0.001335370
      1896.0   0.001297430
      1897.0   0.000874377
      1898.0   0.000554383
      1899.0   0.000000000
      1900.0   0.000000000
      1901.0   0.000830341
      1902.0   0.001629830
      1903.0   0.000956599
      1904.0   0.000462757
      1905.0   0.000175858
      1906.0   0.000027239
      1907.0   0.000409970
      1908.0   0.001254970
      1909.0   0.001819310
      1910.0   0.001124220
      1911.0   0.000310915
      1912.0   0.000144310
      1913.0   0.000000000
      1914.0   0.000340010
      1915.0   0.001164720
      1916.0   0.001365440
      1917.0   0.001200250
      1918.0   0.000630925
      1919.0   0.000358539
      1920.0   0.000024648
      1921.0   0.000000000
      1922.0   0.000451242
      1923.0   0.001450080
      1924.0   0.000832093
      1925.0   0.000034260
      1926.0   0.000000000
      1927.0   0.000000000
      1928.0   0.000000000
      1929.0   0.000093538
      1930.0   0.000481555
      1931.0   0.000723357
      1932.0   0.000695134
      1933.0   0.000767322
      1934.0   0.000682856
      1935.0   0.000536692
      1936.0   0.000709997
      1937.0   0.000766198
      1938.0   0.000591921
      1939.0   0.000661167
      1940.0   0.000804626
      1941.0   0.000782579
      1942.0   0.000738023
      1943.0   0.000818056
      1944.0   0.000951434
      1945.0   0.000826495
      1946.0   0.000814742
      1947.0   0.000976181
      1948.0   0.000806177
      1949.0   0.000983731
      1950.0   0.001009620
      1951.0   0.000912244
      1952.0   0.001044210
      1953.0   0.000900134
      1954.0   0.000988811
      1955.0   0.000845168
      1956.0   0.000950987
      1957.0   0.001134310
      1958.0   0.001011660
      1959.0   0.001283250
      1960.0   0.001431540
      1961.0   0.001069170
      1962.0   0.001483030
      1963.0   0.001476170
      1964.0   0.001368800
      1965.0   0.001282460
      1966.0   0.001450220
      1967.0   0.001635460
      1968.0   0.001542050
      1969.0   0.001642180
      1970.0   0.001792370
      1971.0   0.001922850
      1972.0   0.001846040
      1973.0   0.002127950
      1974.0   0.002241450
      1975.0   0.002379420
      1976.0   0.002405710
      1977.0   0.002249080
      1978.0   0.002987080
      1979.0   0.003052070
      1980.0   0.002955200
      1981.0   0.003110380
      1982.0   0.002919700
      1983.0   0.003334760
      1984.0   0.003890800
      1985.0   0.003972820
      1986.0   0.004365520
      1987.0   0.004552010
      1988.0   0.004822190
      1989.0   0.005203910
      1990.0   0.005749400
      1991.0   0.006255390
      1992.0   0.006532030
      1993.0   0.006731680
      1994.0   0.007340740
      1995.0   0.007738110
      1996.0   0.008274370
      1997.0   0.008978230
      1998.0   0.009759510
      1999.0   0.010471200
      2000.0   0.011190500
      2001.0   0.012222400
      2002.0   0.013278800
      2003.0   0.014380300
      2004.0   0.015882799
      2005.0   0.017532600
      2006.0   0.019275401
      2007.0   0.021405101
      2008.0   0.023760499
      2009.0   0.026398599
      2010.0   0.029569600
      2011.0   0.033290900
      2012.0   0.037497502
      2013.0   0.042413101
      2014.0   0.047985200
      2015.0   0.054338802
      2016.0   0.061321001
      2017.0   0.069849402
      2018.0   0.080062702
      2019.0   0.091906801
      2020.0   0.105765000
      2021.0   0.122083001
      2022.0   0.141089007
      2023.0   0.163253993
      2024.0   0.188620001
      2025.0   0.218528003
      2026.0   0.253066987
      2027.0   0.292907000
      2028.0   0.337635994
      2029.0   0.387288988
      2030.0   0.441982001
      2031.0   0.499830008
      2032.0   0.559744000
      2033.0   0.619198024
      2034.0   0.677425027
      2035.0   0.730665028
      2036.0   0.776670992
      2037.0   0.814822018
      2038.0   0.845032990
      2039.0   0.865803003
      2040.0   0.879077017
      2041.0   0.886340022
      2042.0   0.887876987
      2043.0   0.884199023
      2044.0   0.879603028
      2045.0   0.873001993
      2046.0   0.864082992
      2047.0   0.856426001
      2048.0   0.848891020
      2049.0   0.841585994
      2050.0   0.835564017
      2051.0   0.831556976
      2052.0   0.828100026
      2053.0   0.824805021
      2054.0   0.824429989
      2055.0   0.824216008
      2056.0   0.824193001
      2057.0   0.826443970
      2058.0   0.829102993
      2059.0   0.831727028
      2060.0   0.835528016
      2061.0   0.840264976
      2062.0   0.845028996
      2063.0   0.848800004
      2064.0   0.854017973
      2065.0   0.859138012
      2066.0   0.863927007
      2067.0   0.869777024
      2068.0   0.874244988
      2069.0   0.879208028
      2070.0   0.884460986
      2071.0   0.888960004
      2072.0   0.893199980
      2073.0   0.897511005
      2074.0   0.901839018
      2075.0   0.905598998
      2076.0   0.909141004
      2077.0   0.912593007
      2078.0   0.915490985
      2079.0   0.918528020
      2080.0   0.921815991
      2081.0   0.924611986
      2082.0   0.927426994
      2083.0   0.929965973
      2084.0   0.932434022
      2085.0   0.934946001
      2086.0   0.937646985
      2087.0   0.940214992
      2088.0   0.942646027
      2089.0   0.945069015
      2090.0   0.947722971
      2091.0   0.949310005
      2092.0   0.952099979
      2093.0   0.954410970
      2094.0   0.956225991
      2095.0   0.957722008
      2096.0   0.960431993
      2097.0   0.962666988
      2098.0   0.963294029
      2099.0   0.964941025
      2100.0   0.966672003
      2101.0   0.967679977
      2102.0   0.969430983
      2103.0   0.970221996
      2104.0   0.970327020
      2105.0   0.970858991
      2106.0   0.971135974
      2107.0   0.971328020
      2108.0   0.970858991
      2109.0   0.970754027
      2110.0   0.971300006
      2111.0   0.969765007
      2112.0   0.969614029
      2113.0   0.968738973
      2114.0   0.968105972
      2115.0   0.967365980
      2116.0   0.966798007
      2117.0   0.966050982
      2118.0   0.965063989
      2119.0   0.964570999
      2120.0   0.963715971
      2121.0   0.962705016
      2122.0   0.962226987
      2123.0   0.961798012
      2124.0   0.960783005
      2125.0   0.960337996
      2126.0   0.959820986
      2127.0   0.960740983
      2128.0   0.959564984
      2129.0   0.959186971
      2130.0   0.959488988
      2131.0   0.959237993
      2132.0   0.959187984
      2133.0   0.959810019
      2134.0   0.960672975
      2135.0   0.960620999
      2136.0   0.960573018
      2137.0   0.961682022
      2138.0   0.961948991
      2139.0   0.962318003
      2140.0   0.963631988
      2141.0   0.964492023
      2142.0   0.964304984
      2143.0   0.964435995
      2144.0   0.966117978
      2145.0   0.966225982
      2146.0   0.965861976
      2147.0   0.967342973
      2148.0   0.967208028
      2149.0   0.966401994
      2150.0   0.966494977
      2151.0   0.966670990
      2152.0   0.965313971
      2153.0   0.965839028
      2154.0   0.965490997
      2155.0   0.964604020
      2156.0   0.963051021
      2157.0   0.962557971
      2158.0   0.961956024
      2159.0   0.960928023
      2160.0   0.959170997
      2161.0   0.958706021
      2162.0   0.958302021
      2163.0   0.955874979
      2164.0   0.954816997
      2165.0   0.953881979
      2166.0   0.951306999
      2167.0   0.949697971
      2168.0   0.950677991
      2169.0   0.948659003
      2170.0   0.946343005
      2171.0   0.945277989
      2172.0   0.944784999
      2173.0   0.942615986
      2174.0   0.942122996
      2175.0   0.941528976
      2176.0   0.940656006
      2177.0   0.939522028
      2178.0   0.939158022
      2179.0   0.939172029
      2180.0   0.937986016
      2181.0   0.937698007
      2182.0   0.938692987
      2183.0   0.938394010
      2184.0   0.937978029
      2185.0   0.938462973
      2186.0   0.939426005
      2187.0   0.938892007
      2188.0   0.939423978
      2189.0   0.941770017
      2190.0   0.942068994
      2191.0   0.942197025
      2192.0   0.943211973
      2193.0   0.944590986
      2194.0   0.945177019
      2195.0   0.946596026
      2196.0   0.948185980
      2197.0   0.948889017
      2198.0   0.949492991
      2199.0   0.951174021
      2200.0   0.952642977
      2201.0   0.953575015
      2202.0   0.954290986
      2203.0   0.955870986
      2204.0   0.956472993
      2205.0   0.957419991
      2206.0   0.958365023
      2207.0   0.958787024
      2208.0   0.959632993
      2209.0   0.960367978
      2210.0   0.960058987
      2211.0   0.960462987
      2212.0   0.961111009
      2213.0   0.961045027
      2214.0   0.960566998
      2215.0   0.960184991
      2216.0   0.960298002
      2217.0   0.959212005
      2218.0   0.958141983
      2219.0   0.958716989
      2220.0   0.957674980
      2221.0   0.955901980
      2222.0   0.954550028
      2223.0   0.953713000
      2224.0   0.951987028
      2225.0   0.950264990
      2226.0   0.950033009
      2227.0   0.948656023
      2228.0   0.946301997
      2229.0   0.944908023
      2230.0   0.943711996
      2231.0   0.941811025
      2232.0   0.939646006
      2233.0   0.938858986
      2234.0   0.936818004
      2235.0   0.934626997
      2236.0   0.933582008
      2237.0   0.932720006
      2238.0   0.931307971
      2239.0   0.929736972
      2240.0   0.928427994
      2241.0   0.927567005
      2242.0   0.926142991
      2243.0   0.925481975
      2244.0   0.924652994
      2245.0   0.923551977
      2246.0   0.923681974
      2247.0   0.922626019
      2248.0   0.922172010
      2249.0   0.922068000
      2250.0   0.922177970
      2251.0   0.921851993
      2252.0   0.921495020
      2253.0   0.922361016
      2254.0   0.922563016
      2255.0   0.922496021
      2256.0   0.923500001
      2257.0   0.924786985
      2258.0   0.924758017
      2259.0   0.925065994
      2260.0   0.927047014
      2261.0   0.928213000
      2262.0   0.927891016
      2263.0   0.928928018
      2264.0   0.930728018
      2265.0   0.931524992
      2266.0   0.932379007
      2267.0   0.933945000
      2268.0   0.935064971
      2269.0   0.935329974
      2270.0   0.935602009
      2271.0   0.936879992
      2272.0   0.937475026
      2273.0   0.938217998
      2274.0   0.938547015
      2275.0   0.938857973
      2276.0   0.939234972
      2277.0   0.939200997
      2278.0   0.939413011
      2279.0   0.938971996
      2280.0   0.938768029
      2281.0   0.939073026
      2282.0   0.937472999
      2283.0   0.936182976
      2284.0   0.936245978
      2285.0   0.935604990
      2286.0   0.934167027
      2287.0   0.933137000
      2288.0   0.932685018
      2289.0   0.930465996
      2290.0   0.928923011
      2291.0   0.929114997
      2292.0   0.927420020
      2293.0   0.925875008
      2294.0   0.925237000
      2295.0   0.924556971
      2296.0   0.923669994
      2297.0   0.922572970
      2298.0   0.922421992
      2299.0   0.922318995
      2300.0   0.922420979
      2301.0   0.922447979
      2302.0   0.922378004
      2303.0   0.923246026
      2304.0   0.924112022
      2305.0   0.924831986
      2306.0   0.925864995
      2307.0   0.926084995
      2308.0   0.928104997
      2309.0   0.928725004
      2310.0   0.928287029
      2311.0   0.927802980
      2312.0   0.927034974
      2313.0   0.924825013
      2314.0   0.920122981
      2315.0   0.915080011
      2316.0   0.908671021
      2317.0   0.899743021
      2318.0   0.888113976
      2319.0   0.874566019
      2320.0   0.859533012
      2321.0   0.840885997
      2322.0   0.819359004
      2323.0   0.796018004
      2324.0   0.769840002
      2325.0   0.741346002
      2326.0   0.710994005
      2327.0   0.678902984
      2328.0   0.645026982
      2329.0   0.609830022
      2330.0   0.573866010
      2331.0   0.537764013
      2332.0   0.501442015
      2333.0   0.465597987
      2334.0   0.429998010
      2335.0   0.395595998
      2336.0   0.362354994
      2337.0   0.330738008
      2338.0   0.300065994
      2339.0   0.272884011
      2340.0   0.246540993
      2341.0   0.222016007
      2342.0   0.199221998
      2343.0   0.178747997
      2344.0   0.160079002
      2345.0   0.142950997
      2346.0   0.127149999
      2347.0   0.113509998
      2348.0   0.101291999
      2349.0   0.090030096
      2350.0   0.080937400
      2351.0   0.072804600
      2352.0   0.065440699
      2353.0   0.057938799
      2354.0   0.051630002
      2355.0   0.046198498
      2356.0   0.041563399
      2357.0   0.037050501
      2358.0   0.033041101
      2359.0   0.030430799
      2360.0   0.027328800
      2361.0   0.024211099
      2362.0   0.021642599
      2363.0   0.020046899
      2364.0   0.018216301
      2365.0   0.016256100
      2366.0   0.015152900
      2367.0   0.014040200
      2368.0   0.011604500
      2369.0   0.011502200
      2370.0   0.010617700
      2371.0   0.010361100
      2372.0   0.008646770
      2373.0   0.007860630
      2374.0   0.007537670
      2375.0   0.006675700
      2376.0   0.006210780
      2377.0   0.006404200
      2378.0   0.005634230
      2379.0   0.004536450
      2380.0   0.003915270
      2381.0   0.003644710
      2382.0   0.003552200
      2383.0   0.002860020
      2384.0   0.002593640
      2385.0   0.002593530
      2386.0   0.002039740
      2387.0   0.002336580
      2388.0   0.001924310
      2389.0   0.001933310
      2390.0   0.001693260
      2391.0   0.001548680
      2392.0   0.001301620
      2393.0   0.001404210
      2394.0   0.001167600
      2395.0   0.001394350
      2396.0   0.000957822
      2397.0   0.000966717
      2398.0   0.000970814
      2399.0   0.000771251
      2400.0   0.000779124
      2401.0   0.000814224
      2402.0   0.000697344
      2403.0   0.000586630
      2404.0   0.000613502
      2405.0   0.000820964
      2406.0   0.000500604
      2407.0   0.000358526
      2408.0   0.000325983
      2409.0   0.000286079
      2410.0   0.000523299
      2411.0   0.000754016
      2412.0   0.000437194
      2413.0   0.000467505
      2414.0   0.000440176
      2415.0   0.000274378
      2416.0   0.000413691
      2417.0   0.000318758
      2418.0   0.000090666
      2419.0   0.000211109
      2420.0   0.000234463
      2421.0   0.000214971
      2422.0   0.000301652
      2423.0   0.000155864
      2424.0   0.000227409
      2425.0   0.000177405
      2426.0   0.000156618
      2427.0   0.000154876
      2428.0   0.000088709
      2429.0   0.000064931
      2430.0   0.000280354
      2431.0   0.000203860
      2432.0   0.000139200
      2433.0   0.000000000
      2434.0   0.000091591
      2435.0   0.000161612
      2436.0   0.000047860
      2437.0   0.000161997
      2438.0   0.000045996
      2439.0   0.000052936
      2440.0   0.000085543
      2441.0   0.000054209
      2442.0   0.000202551
      2443.0   0.000170404
      2444.0   0.000000000
      2445.0   0.000000000
      2446.0   0.000035415
      2447.0   0.000187465
      2448.0   0.000078847
      2449.0   0.000145565
      2450.0   0.000000000
      2451.0   0.000071410
      2452.0   0.000012625
      2453.0   0.000041538
      2454.0   0.000000000
      2455.0   0.000198241
      2456.0   0.000000000
      2457.0   0.000000000
      2458.0   0.000000000
      2459.0   0.000006184
      2460.0   0.000090758
      2461.0   0.000275235
      2462.0   0.000225389
      2463.0   0.000000000
      2464.0   0.000000000
      2465.0   0.000049526
      2466.0   0.000103124
      2467.0   0.000045783
      2468.0   0.000000000
      2469.0   0.000000000
      2470.0   0.000135614
      2471.0   0.000195194
      2472.0   0.000111592
      2473.0   0.000000000
      2474.0   0.000000000
      2475.0   0.000154854
      2476.0   0.000150977
      2477.0   0.000000000
      2478.0   0.000000000
      2479.0   0.000200763
      2480.0   0.000037623
      2481.0   0.000000000
      2482.0   0.000014856
      2483.0   0.000000000
      2484.0   0.000000000
      2485.0   0.000021906
      2486.0   0.000000000
      2487.0   0.000000000
      2488.0   0.000000000
      2489.0   0.000161940
      2490.0   0.000173221
      2491.0   0.000134928
      2492.0   0.000000000
      2493.0   0.000070327
      2494.0   0.000000000
      2495.0   0.000000000
      2496.0   0.000003036
      2497.0   0.000039454
      2498.0   0.000000000
      2499.0   0.000000000
      2500.0   0.000000000
      2501.0   0.000018069
      2502.0   0.000188602
      2503.0   0.000032514
      2504.0   0.000000000
      2505.0   0.000000000
      2506.0   0.000000000
      2507.0   0.000000000
      2508.0   0.000000000
      2509.0   0.000000000
      2510.0   0.000000000
      2511.0   0.000000000
      2512.0   0.000000000
      2513.0   0.000000000
      2514.0   0.000000000
      2515.0   0.000000000
      2516.0   0.000000000
      2517.0   0.000000000
      2518.0   0.000000000
      2519.0   0.000000000
      2520.0   0.000000000
      2521.0   0.000000000
      2522.0   0.000000000
      2523.0   0.000000000
      2524.0   0.000000000
      2525.0   0.000000000
      2526.0   0.000000000
      2527.0   0.000000000
      2528.0   0.000000000
      2529.0   0.000000000
      2530.0   0.000000000
      2531.0   0.000000000
      2532.0   0.000000000
      2533.0   0.000000000
      2534.0   0.000000000
      2535.0   0.000000000
      2536.0   0.000000000
      2537.0   0.000000000
      2538.0   0.000000000
      2539.0   0.000000000
      2540.0   0.000000000
      2541.0   0.000000000
      2542.0   0.000000000
      2543.0   0.000000000
      2544.0   0.000000000
      2545.0   0.000000000
      2546.0   0.000000000
      2547.0   0.000000000
      2548.0   0.000000000
      2549.0   0.000000000
      2550.0   0.000000000
      2551.0   0.000000000
      2552.0   0.000000000
      2553.0   0.000000000
      2554.0   0.000000000
      2555.0   0.000000000
      2556.0   0.000000000
      2557.0   0.000000000
      2558.0   0.000000000
      2559.0   0.000000000
      2560.0   0.000000000
      2561.0   0.000000000
      2562.0   0.000000000
      2563.0   0.000000000
      2564.0   0.000000000
      2565.0   0.000000000
      2566.0   0.000000000
      2567.0   0.000000000
      2568.0   0.000000000
      2569.0   0.000000000
      2570.0   0.000000000
      2571.0   0.000000000
      2572.0   0.000000000
      2573.0   0.000000000
      2574.0   0.000000000
      2575.0   0.000000000
      2576.0   0.000000000
      2577.0   0.000000000
      2578.0   0.000000000
      2579.0   0.000000000
      2580.0   0.000000000
      2581.0   0.000000000
      2582.0   0.000000000
      2583.0   0.000000000
      2584.0   0.000000000
      2585.0   0.000000000
      2586.0   0.000000000
      2587.0   0.000000000
      2588.0   0.000000000
      2589.0   0.000000000
      2590.0   0.000000000
      2591.0   0.000000000
      2592.0   0.000000000
      2593.0   0.000000000
      2594.0   0.000000000
      2595.0   0.000000000
      2596.0   0.000000000
      2597.0   0.000000000
      2598.0   0.000000000
      2599.0   0.000000000
      2600.0   0.000000000
      2601.0   0.000000000
      2602.0   0.000000000
      2603.0   0.000000000
      2604.0   0.000000000
      2605.0   0.000000000
      2606.0   0.000000000
      2607.0   0.000000000
      2608.0   0.000000000
      2609.0   0.000000000
      2610.0   0.000000000
      2611.0   0.000000000
      2612.0   0.000000000
      2613.0   0.000000000
      2614.0   0.000000000
      2615.0   0.000000000
      2616.0   0.000000000
      2617.0   0.000000000
      2618.0   0.000000000
      2619.0   0.000000000
      2620.0   0.000000000
      2621.0   0.000000000
      2622.0   0.000000000
      2623.0   0.000000000
      2624.0   0.000000000
      2625.0   0.000000000
      2626.0   0.000000000
      2627.0   0.000000000
      2628.0   0.000000000
      2629.0   0.000000000
      2630.0   0.000000000
      2631.0   0.000000000
      2632.0   0.000000000
      2633.0   0.000000000
      2634.0   0.000000000
      2635.0   0.000000000
      2636.0   0.000000000
      2637.0   0.000000000
      2638.0   0.000000000
      2639.0   0.000000000
      2640.0   0.000000000
      2641.0   0.000000000
      2642.0   0.000000000
      2643.0   0.000000000
      2644.0   0.000000000
      2645.0   0.000000000
      2646.0   0.000000000
      2647.0   0.000000000
      2648.0   0.000000000
      2649.0   0.000000000
      2650.0   0.000000000
      2651.0   0.000000000
      2652.0   0.000000000
      2653.0   0.000000000
      2654.0   0.000000000
      2655.0   0.000000000
      2656.0   0.000000000
      2657.0   0.000000000
      2658.0   0.000000000
      2659.0   0.000000000
      2660.0   0.000000000
      2661.0   0.000000000
      2662.0   0.000000000
      2663.0   0.000000000
      2664.0   0.000000000
      2665.0   0.000000000
      2666.0   0.000000000
      2667.0   0.000000000
      2668.0   0.000000000
      2669.0   0.000000000
      2670.0   0.000000000
      2671.0   0.000000000
      2672.0   0.000000000
      2673.0   0.000000000
      2674.0   0.000000000
      2675.0   0.000000000
      2676.0   0.000000000
      2677.0   0.000000000
      2678.0   0.000000000
      2679.0   0.000000000
      2680.0   0.000000000
      2681.0   0.000000000
      2682.0   0.000000000
      2683.0   0.000000000
      2684.0   0.000000000
      2685.0   0.000000000
      2686.0   0.000000000
      2687.0   0.000000000
      2688.0   0.000000000
      2689.0   0.000000000
      2690.0   0.000000000
      2691.0   0.000000000
      2692.0   0.000000000
      2693.0   0.000000000
      2694.0   0.000000000
      2695.0   0.000000000
      2696.0   0.000000000
      2697.0   0.000000000
      2698.0   0.000000000
      2699.0   0.000000000
      2700.0   0.000000000
