#                                                          
# SPHERE/IRDIS DB D_J23 filters transmission               
#                                                          
# Updated with final values on 2015-04-16 by Arthur Vigan  
# For any information, please contact <arthur.vigan@lam.fr>
#                                                          
# wavelength   D_J2          D_J3                          
#                                                          
       400.0   0.000000000   0.000000000
       401.0   0.000000000   0.000000000
       402.0   0.000000000   0.000000000
       403.0   0.000000000   0.000000000
       404.0   0.000000000   0.000000000
       405.0   0.000000000   0.000000000
       406.0   0.000000000   0.000000000
       407.0   0.000000000   0.000000000
       408.0   0.000000000   0.000000000
       409.0   0.000000000   0.000000000
       410.0   0.000000000   0.000000000
       411.0   0.000000000   0.000000000
       412.0   0.000000000   0.000000000
       413.0   0.000000000   0.000000000
       414.0   0.000000000   0.000000000
       415.0   0.000000000   0.000000000
       416.0   0.000000000   0.000000000
       417.0   0.000000000   0.000000000
       418.0   0.000000000   0.000000000
       419.0   0.000000000   0.000000000
       420.0   0.000000000   0.000000000
       421.0   0.000000000   0.000000000
       422.0   0.000000000   0.000000000
       423.0   0.000000000   0.000000000
       424.0   0.000000000   0.000000000
       425.0   0.000000000   0.000000000
       426.0   0.000000000   0.000000000
       427.0   0.000000000   0.000000000
       428.0   0.000000000   0.000000000
       429.0   0.000000000   0.000000000
       430.0   0.000000000   0.000000000
       431.0   0.000000000   0.000000000
       432.0   0.000000000   0.000000000
       433.0   0.000000000   0.000000000
       434.0   0.000000000   0.000000000
       435.0   0.000000000   0.000000000
       436.0   0.000000000   0.000000000
       437.0   0.000000000   0.000000000
       438.0   0.000000000   0.000000000
       439.0   0.000000000   0.000000000
       440.0   0.000000000   0.000000000
       441.0   0.000000000   0.000000000
       442.0   0.000000000   0.000000000
       443.0   0.000000000   0.000000000
       444.0   0.000000000   0.000000000
       445.0   0.000000000   0.000000000
       446.0   0.000000000   0.000000000
       447.0   0.000000000   0.000000000
       448.0   0.000000000   0.000000000
       449.0   0.000000000   0.000000000
       450.0   0.000000000   0.000000000
       451.0   0.000000000   0.000000000
       452.0   0.000000000   0.000000000
       453.0   0.000000000   0.000000000
       454.0   0.000000000   0.000000000
       455.0   0.000000000   0.000000000
       456.0   0.000000000   0.000000000
       457.0   0.000000000   0.000000000
       458.0   0.000000000   0.000000000
       459.0   0.000000000   0.000000000
       460.0   0.000000000   0.000000000
       461.0   0.000000000   0.000000000
       462.0   0.000000000   0.000000000
       463.0   0.000000000   0.000000000
       464.0   0.000000000   0.000000000
       465.0   0.000000000   0.000000000
       466.0   0.000000000   0.000000000
       467.0   0.000000000   0.000000000
       468.0   0.000000000   0.000000000
       469.0   0.000000000   0.000000000
       470.0   0.000000000   0.000000000
       471.0   0.000000000   0.000000000
       472.0   0.000000000   0.000000000
       473.0   0.000000000   0.000000000
       474.0   0.000000000   0.000000000
       475.0   0.000000000   0.000000000
       476.0   0.000000000   0.000000000
       477.0   0.000000000   0.000000000
       478.0   0.000000000   0.000000000
       479.0   0.000000000   0.000000000
       480.0   0.000000000   0.000000000
       481.0   0.000000000   0.000000000
       482.0   0.000000000   0.000000000
       483.0   0.000000000   0.000000000
       484.0   0.000000000   0.000000000
       485.0   0.000000000   0.000000000
       486.0   0.000000000   0.000000000
       487.0   0.000000000   0.000000000
       488.0   0.000000000   0.000000000
       489.0   0.000000000   0.000000000
       490.0   0.000000000   0.000000000
       491.0   0.000000000   0.000000000
       492.0   0.000000000   0.000000000
       493.0   0.000000000   0.000000000
       494.0   0.000000000   0.000000000
       495.0   0.000000000   0.000000000
       496.0   0.000000000   0.000000000
       497.0   0.000000000   0.000000000
       498.0   0.000000000   0.000000000
       499.0   0.000000000   0.000000000
       500.0   0.000000000   0.000000000
       501.0   0.000000000   0.000000000
       502.0   0.000000000   0.000000000
       503.0   0.000000000   0.000000000
       504.0   0.000000000   0.000000000
       505.0   0.000000000   0.000000000
       506.0   0.000000000   0.000000000
       507.0   0.000000000   0.000000000
       508.0   0.000000000   0.000000000
       509.0   0.000000000   0.000000000
       510.0   0.000000000   0.000000000
       511.0   0.000000000   0.000000000
       512.0   0.000000000   0.000000000
       513.0   0.000000000   0.000000000
       514.0   0.000000000   0.000000000
       515.0   0.000000000   0.000000000
       516.0   0.000000000   0.000000000
       517.0   0.000000000   0.000000000
       518.0   0.000000000   0.000000000
       519.0   0.000000000   0.000000000
       520.0   0.000000000   0.000000000
       521.0   0.000000000   0.000000000
       522.0   0.000000000   0.000000000
       523.0   0.000000000   0.000000000
       524.0   0.000000000   0.000000000
       525.0   0.000000000   0.000000000
       526.0   0.000000000   0.000000000
       527.0   0.000000000   0.000000000
       528.0   0.000000000   0.000000000
       529.0   0.000000000   0.000000000
       530.0   0.000000000   0.000000000
       531.0   0.000000000   0.000000000
       532.0   0.000000000   0.000000000
       533.0   0.000000000   0.000000000
       534.0   0.000000000   0.000000000
       535.0   0.000000000   0.000000000
       536.0   0.000000000   0.000000000
       537.0   0.000000000   0.000000000
       538.0   0.000000000   0.000000000
       539.0   0.000000000   0.000000000
       540.0   0.000000000   0.000000000
       541.0   0.000000000   0.000000000
       542.0   0.000000000   0.000000000
       543.0   0.000000000   0.000000000
       544.0   0.000000000   0.000000000
       545.0   0.000000000   0.000000000
       546.0   0.000000000   0.000000000
       547.0   0.000000000   0.000000000
       548.0   0.000000000   0.000000000
       549.0   0.000000000   0.000000000
       550.0   0.000000000   0.000000000
       551.0   0.000000000   0.000000000
       552.0   0.000000000   0.000000000
       553.0   0.000000000   0.000000000
       554.0   0.000000000   0.000000000
       555.0   0.000000000   0.000000000
       556.0   0.000000000   0.000000000
       557.0   0.000000000   0.000000000
       558.0   0.000000000   0.000000000
       559.0   0.000000000   0.000000000
       560.0   0.000000000   0.000000000
       561.0   0.000000000   0.000000000
       562.0   0.000000000   0.000000000
       563.0   0.000000000   0.000000000
       564.0   0.000000000   0.000000000
       565.0   0.000000000   0.000000000
       566.0   0.000000000   0.000000000
       567.0   0.000000000   0.000000000
       568.0   0.000000000   0.000000000
       569.0   0.000000000   0.000000000
       570.0   0.000000000   0.000000000
       571.0   0.000000000   0.000000000
       572.0   0.000000000   0.000000000
       573.0   0.000000000   0.000000000
       574.0   0.000000000   0.000000000
       575.0   0.000000000   0.000000000
       576.0   0.000000000   0.000000000
       577.0   0.000000000   0.000000000
       578.0   0.000000000   0.000000000
       579.0   0.000000000   0.000000000
       580.0   0.000000000   0.000000000
       581.0   0.000000000   0.000000000
       582.0   0.000000000   0.000000000
       583.0   0.000000000   0.000000000
       584.0   0.000000000   0.000000000
       585.0   0.000000000   0.000000000
       586.0   0.000000000   0.000000000
       587.0   0.000000000   0.000000000
       588.0   0.000000000   0.000000000
       589.0   0.000000000   0.000000000
       590.0   0.000000000   0.000000000
       591.0   0.000000000   0.000000000
       592.0   0.000000000   0.000000000
       593.0   0.000000000   0.000000000
       594.0   0.000000000   0.000000000
       595.0   0.000000000   0.000000000
       596.0   0.000000000   0.000000000
       597.0   0.000000000   0.000000000
       598.0   0.000000000   0.000000000
       599.0   0.000000000   0.000000000
       600.0   0.000000000   0.000000000
       601.0   0.000000000   0.000000000
       602.0   0.000000000   0.000000000
       603.0   0.000000000   0.000000000
       604.0   0.000000000   0.000000000
       605.0   0.000000000   0.000000000
       606.0   0.000000000   0.000000000
       607.0   0.000000000   0.000000000
       608.0   0.000000000   0.000000000
       609.0   0.000000000   0.000000000
       610.0   0.000000000   0.000000000
       611.0   0.000000000   0.000000000
       612.0   0.000000000   0.000000000
       613.0   0.000000000   0.000000000
       614.0   0.000000000   0.000000000
       615.0   0.000000000   0.000000000
       616.0   0.000000000   0.000000000
       617.0   0.000000000   0.000000000
       618.0   0.000000000   0.000000000
       619.0   0.000000000   0.000000000
       620.0   0.000000000   0.000000000
       621.0   0.000000000   0.000000000
       622.0   0.000000000   0.000000000
       623.0   0.000000000   0.000000000
       624.0   0.000000000   0.000000000
       625.0   0.000000000   0.000000000
       626.0   0.000000000   0.000000000
       627.0   0.000000000   0.000000000
       628.0   0.000000000   0.000000000
       629.0   0.000000000   0.000000000
       630.0   0.000000000   0.000000000
       631.0   0.000000000   0.000000000
       632.0   0.000000000   0.000000000
       633.0   0.000000000   0.000000000
       634.0   0.000000000   0.000000000
       635.0   0.000000000   0.000000000
       636.0   0.000000000   0.000000000
       637.0   0.000000000   0.000000000
       638.0   0.000000000   0.000000000
       639.0   0.000000000   0.000000000
       640.0   0.000000000   0.000000000
       641.0   0.000000000   0.000000000
       642.0   0.000000000   0.000000000
       643.0   0.000000000   0.000000000
       644.0   0.000000000   0.000000000
       645.0   0.000000000   0.000000000
       646.0   0.000000000   0.000000000
       647.0   0.000000000   0.000000000
       648.0   0.000000000   0.000000000
       649.0   0.000000000   0.000000000
       650.0   0.000000000   0.000000000
       651.0   0.000000000   0.000000000
       652.0   0.000000000   0.000000000
       653.0   0.000000000   0.000000000
       654.0   0.000000000   0.000000000
       655.0   0.000000000   0.000000000
       656.0   0.000000000   0.000000000
       657.0   0.000000000   0.000000000
       658.0   0.000000000   0.000000000
       659.0   0.000000000   0.000000000
       660.0   0.000000000   0.000000000
       661.0   0.000000000   0.000000000
       662.0   0.000000000   0.000000000
       663.0   0.000000000   0.000000000
       664.0   0.000000000   0.000000000
       665.0   0.000000000   0.000000000
       666.0   0.000000000   0.000000000
       667.0   0.000000000   0.000000000
       668.0   0.000000000   0.000000000
       669.0   0.000000000   0.000000000
       670.0   0.000000000   0.000000000
       671.0   0.000000000   0.000000000
       672.0   0.000000000   0.000000000
       673.0   0.000000000   0.000000000
       674.0   0.000000000   0.000000000
       675.0   0.000000000   0.000000000
       676.0   0.000000000   0.000000000
       677.0   0.000000000   0.000000000
       678.0   0.000000000   0.000000000
       679.0   0.000000000   0.000000000
       680.0   0.000000000   0.000000000
       681.0   0.000000000   0.000000000
       682.0   0.000000000   0.000000000
       683.0   0.000000000   0.000000000
       684.0   0.000000000   0.000000000
       685.0   0.000000000   0.000000000
       686.0   0.000000000   0.000000000
       687.0   0.000000000   0.000000000
       688.0   0.000000000   0.000000000
       689.0   0.000000000   0.000000000
       690.0   0.000000000   0.000000000
       691.0   0.000000000   0.000000000
       692.0   0.000000000   0.000000000
       693.0   0.000000000   0.000000000
       694.0   0.000000000   0.000000000
       695.0   0.000000000   0.000000000
       696.0   0.000000000   0.000000000
       697.0   0.000000000   0.000000000
       698.0   0.000000000   0.000000000
       699.0   0.000000000   0.000000000
       700.0   0.000000000   0.000000000
       701.0   0.000000000   0.000000000
       702.0   0.000000000   0.000000000
       703.0   0.000000000   0.000000000
       704.0   0.000000000   0.000000000
       705.0   0.000000000   0.000000000
       706.0   0.000000000   0.000000000
       707.0   0.000000000   0.000000000
       708.0   0.000000000   0.000000000
       709.0   0.000000000   0.000000000
       710.0   0.000000000   0.000000000
       711.0   0.000000000   0.000000000
       712.0   0.000000000   0.000000000
       713.0   0.000000000   0.000000000
       714.0   0.000000000   0.000000000
       715.0   0.000000000   0.000000000
       716.0   0.000000000   0.000000000
       717.0   0.000000000   0.000000000
       718.0   0.000000000   0.000000000
       719.0   0.000000000   0.000000000
       720.0   0.000000000   0.000000000
       721.0   0.000000000   0.000000000
       722.0   0.000000000   0.000000000
       723.0   0.000000000   0.000000000
       724.0   0.000000000   0.000000000
       725.0   0.000000000   0.000000000
       726.0   0.000000000   0.000000000
       727.0   0.000000000   0.000000000
       728.0   0.000000000   0.000000000
       729.0   0.000000000   0.000000000
       730.0   0.000000000   0.000000000
       731.0   0.000000000   0.000000000
       732.0   0.000000000   0.000000000
       733.0   0.000000000   0.000000000
       734.0   0.000000000   0.000000000
       735.0   0.000000000   0.000000000
       736.0   0.000000000   0.000000000
       737.0   0.000000000   0.000000000
       738.0   0.000000000   0.000000000
       739.0   0.000000000   0.000000000
       740.0   0.000000000   0.000000000
       741.0   0.000000000   0.000000000
       742.0   0.000000000   0.000000000
       743.0   0.000000000   0.000000000
       744.0   0.000000000   0.000000000
       745.0   0.000000000   0.000000000
       746.0   0.000000000   0.000000000
       747.0   0.000000000   0.000000000
       748.0   0.000000000   0.000000000
       749.0   0.000000000   0.000000000
       750.0   0.000000000   0.000000000
       751.0   0.000000000   0.000000000
       752.0   0.000000000   0.000000000
       753.0   0.000000000   0.000000000
       754.0   0.000000000   0.000000000
       755.0   0.000000000   0.000000000
       756.0   0.000000000   0.000000000
       757.0   0.000000000   0.000000000
       758.0   0.000000000   0.000000000
       759.0   0.000000000   0.000000000
       760.0   0.000000000   0.000000000
       761.0   0.000000000   0.000000000
       762.0   0.000000000   0.000000000
       763.0   0.000000000   0.000000000
       764.0   0.000000000   0.000000000
       765.0   0.000000000   0.000000000
       766.0   0.000000000   0.000000000
       767.0   0.000000000   0.000000000
       768.0   0.000000000   0.000000000
       769.0   0.000000000   0.000000000
       770.0   0.000000000   0.000000000
       771.0   0.000000000   0.000000000
       772.0   0.000000000   0.000000000
       773.0   0.000000000   0.000000000
       774.0   0.000000000   0.000000000
       775.0   0.000000000   0.000000000
       776.0   0.000000000   0.000000000
       777.0   0.000000000   0.000000000
       778.0   0.000000000   0.000000000
       779.0   0.000000000   0.000000000
       780.0   0.000000000   0.000000000
       781.0   0.000000000   0.000000000
       782.0   0.000000000   0.000000000
       783.0   0.000000000   0.000000000
       784.0   0.000000000   0.000000000
       785.0   0.000000000   0.000000000
       786.0   0.000000000   0.000000000
       787.0   0.000000000   0.000000000
       788.0   0.000000000   0.000000000
       789.0   0.000000000   0.000000000
       790.0   0.000000000   0.000000000
       791.0   0.000000000   0.000000000
       792.0   0.000000000   0.000000000
       793.0   0.000000000   0.000000000
       794.0   0.000000000   0.000000000
       795.0   0.000000000   0.000000000
       796.0   0.000000000   0.000000000
       797.0   0.000000000   0.000000000
       798.0   0.000000000   0.000000000
       799.0   0.000000000   0.000000000
       800.0   0.000000000   0.000000000
       801.0   0.000000000   0.000000000
       802.0   0.000000000   0.000000000
       803.0   0.000000000   0.000000000
       804.0   0.000000000   0.000000000
       805.0   0.000000000   0.000000000
       806.0   0.000000000   0.000000000
       807.0   0.000000000   0.000000000
       808.0   0.000000000   0.000000000
       809.0   0.000000000   0.000000000
       810.0   0.000000000   0.000000000
       811.0   0.000000000   0.000000000
       812.0   0.000000000   0.000000000
       813.0   0.000000000   0.000000000
       814.0   0.000000000   0.000000000
       815.0   0.000000000   0.000000000
       816.0   0.000000000   0.000000000
       817.0   0.000000000   0.000000000
       818.0   0.000000000   0.000000000
       819.0   0.000000000   0.000000000
       820.0   0.000000000   0.000000000
       821.0   0.000000000   0.000000000
       822.0   0.000000000   0.000000000
       823.0   0.000000000   0.000000000
       824.0   0.000000001   0.000000000
       825.0   0.000000001   0.000000001
       826.0   0.000000001   0.000000001
       827.0   0.000000001   0.000000001
       828.0   0.000000001   0.000000001
       829.0   0.000000001   0.000000000
       830.0   0.000000000   0.000000000
       831.0   0.000000000   0.000000000
       832.0   0.000000001   0.000000000
       833.0   0.000000005   0.000000002
       834.0   0.000000012   0.000000004
       835.0   0.000000018   0.000000006
       836.0   0.000000035   0.000000012
       837.0   0.000000038   0.000000013
       838.0   0.000000012   0.000000004
       839.0   0.000000030   0.000000011
       840.0   0.000000017   0.000000007
       841.0   0.000000030   0.000000014
       842.0   0.000000020   0.000000010
       843.0   0.000000020   0.000000011
       844.0   0.000000028   0.000000018
       845.0   0.000000034   0.000000024
       846.0   0.000000057   0.000000046
       847.0   0.000000081   0.000000072
       848.0   0.000000116   0.000000112
       849.0   0.000000181   0.000000186
       850.0   0.000000380   0.000000411
       851.0   0.000000999   0.000001106
       852.0   0.000002210   0.000002457
       853.0   0.000002467   0.000002703
       854.0   0.000001112   0.000001185
       855.0   0.000000404   0.000000415
       856.0   0.000000237   0.000000235
       857.0   0.000000162   0.000000157
       858.0   0.000000156   0.000000148
       859.0   0.000000186   0.000000173
       860.0   0.000000666   0.000000609
       861.0   0.000001676   0.000001518
       862.0   0.000001309   0.000001183
       863.0   0.000000273   0.000000249
       864.0   0.000000000   0.000000000
       865.0   0.000000000   0.000000000
       866.0   0.000000000   0.000000000
       867.0   0.000000000   0.000000000
       868.0   0.000000409   0.000000422
       869.0   0.000000270   0.000000288
       870.0   0.000000000   0.000000000
       871.0   0.000002271   0.000002607
       872.0   0.000001713   0.000002033
       873.0   0.000000000   0.000000000
       874.0   0.000000000   0.000000000
       875.0   0.000000275   0.000000353
       876.0   0.000000348   0.000000456
       877.0   0.000000000   0.000000000
       878.0   0.000000428   0.000000576
       879.0   0.000000324   0.000000437
       880.0   0.000000207   0.000000279
       881.0   0.000001762   0.000002376
       882.0   0.000000000   0.000000000
       883.0   0.000000000   0.000000000
       884.0   0.000000002   0.000000002
       885.0   0.000001567   0.000002010
       886.0   0.000000000   0.000000000
       887.0   0.000000000   0.000000000
       888.0   0.000000000   0.000000000
       889.0   0.000001209   0.000001398
       890.0   0.000000610   0.000000686
       891.0   0.000001347   0.000001475
       892.0   0.000000104   0.000000111
       893.0   0.000000327   0.000000347
       894.0   0.000000208   0.000000222
       895.0   0.000000422   0.000000454
       896.0   0.000000165   0.000000182
       897.0   0.000000000   0.000000000
       898.0   0.000000115   0.000000140
       899.0   0.000000325   0.000000423
       900.0   0.000000000   0.000000000
       901.0   0.000000116   0.000000178
       902.0   0.000000096   0.000000162
       903.0   0.000000005   0.000000010
       904.0   0.000000000   0.000000000
       905.0   0.000000037   0.000000082
       906.0   0.000000000   0.000000000
       907.0   0.000000000   0.000000000
       908.0   0.000000045   0.000000120
       909.0   0.000000087   0.000000244
       910.0   0.000000000   0.000000000
       911.0   0.000000000   0.000000000
       912.0   0.000000060   0.000000174
       913.0   0.000000000   0.000000000
       914.0   0.000000000   0.000000000
       915.0   0.000000021   0.000000054
       916.0   0.000000168   0.000000399
       917.0   0.000000120   0.000000258
       918.0   0.000000034   0.000000066
       919.0   0.000000000   0.000000000
       920.0   0.000000000   0.000000000
       921.0   0.000000000   0.000000000
       922.0   0.000000146   0.000000174
       923.0   0.000000151   0.000000169
       924.0   0.000000000   0.000000000
       925.0   0.000000000   0.000000000
       926.0   0.000000000   0.000000000
       927.0   0.000000000   0.000000000
       928.0   0.000000019   0.000000032
       929.0   0.000000000   0.000000000
       930.0   0.000000030   0.000000076
       931.0   0.000000065   0.000000200
       932.0   0.000000053   0.000000197
       933.0   0.000000000   0.000000000
       934.0   0.000000000   0.000000000
       935.0   0.000000022   0.000000133
       936.0   0.000000035   0.000000232
       937.0   0.000000011   0.000000083
       938.0   0.000000014   0.000000110
       939.0   0.000000000   0.000000000
       940.0   0.000000000   0.000000000
       941.0   0.000000014   0.000000138
       942.0   0.000000000   0.000000000
       943.0   0.000000005   0.000000051
       944.0   0.000000000   0.000000000
       945.0   0.000000000   0.000000005
       946.0   0.000000006   0.000000060
       947.0   0.000000009   0.000000100
       948.0   0.000000006   0.000000059
       949.0   0.000000000   0.000000000
       950.0   0.000000000   0.000000000
       951.0   0.000000001   0.000000006
       952.0   0.000000004   0.000000032
       953.0   0.000000007   0.000000049
       954.0   0.000000001   0.000000008
       955.0   0.000000000   0.000000000
       956.0   0.000000003   0.000000012
       957.0   0.000000000   0.000000000
       958.0   0.000000000   0.000000000
       959.0   0.000000045   0.000000078
       960.0   0.000000145   0.000000191
       961.0   0.000000091   0.000000094
       962.0   0.000000018   0.000000016
       963.0   0.000000112   0.000000093
       964.0   0.000000098   0.000000083
       965.0   0.000000052   0.000000049
       966.0   0.000000046   0.000000051
       967.0   0.000000000   0.000000000
       968.0   0.000000000   0.000000000
       969.0   0.000000000   0.000000000
       970.0   0.000000000   0.000000000
       971.0   0.000000000   0.000000000
       972.0   0.000000000   0.000000000
       973.0   0.000000005   0.000000017
       974.0   0.000000028   0.000000100
       975.0   0.000000033   0.000000126
       976.0   0.000000018   0.000000071
       977.0   0.000000000   0.000000000
       978.0   0.000000000   0.000000000
       979.0   0.000000033   0.000000130
       980.0   0.000000124   0.000000454
       981.0   0.000000149   0.000000484
       982.0   0.000000000   0.000000000
       983.0   0.000000000   0.000000000
       984.0   0.000000204   0.000000345
       985.0   0.000000224   0.000000288
       986.0   0.000000000   0.000000000
       987.0   0.000000000   0.000000000
       988.0   0.000000000   0.000000000
       989.0   0.000000669   0.000000515
       990.0   0.000000000   0.000000000
       991.0   0.000000000   0.000000000
       992.0   0.000000324   0.000000367
       993.0   0.000000172   0.000000225
       994.0   0.000000090   0.000000131
       995.0   0.000000153   0.000000245
       996.0   0.000000237   0.000000401
       997.0   0.000000120   0.000000203
       998.0   0.000000136   0.000000227
       999.0   0.000000356   0.000000573
      1000.0   0.000000447   0.000000666
      1001.0   0.000000634   0.000000844
      1002.0   0.000000858   0.000000979
      1003.0   0.000000647   0.000000588
      1004.0   0.000002710   0.000001804
      1005.0   0.000003068   0.000001384
      1006.0   0.000003045   0.000000963
      1007.0   0.000004711   0.000001219
      1008.0   0.000003904   0.000001032
      1009.0   0.000003949   0.000001403
      1010.0   0.000002891   0.000001834
      1011.0   0.000001279   0.000001765
      1012.0   0.000000567   0.000001789
      1013.0   0.000000364   0.000002650
      1014.0   0.000000269   0.000004098
      1015.0   0.000000115   0.000003544
      1016.0   0.000000091   0.000005322
      1017.0   0.000000085   0.000007066
      1018.0   0.000000063   0.000009057
      1019.0   0.000000034   0.000009966
      1020.0   0.000000026   0.000007427
      1021.0   0.000000033   0.000008715
      1022.0   0.000000034   0.000012107
      1023.0   0.000000024   0.000009996
      1024.0   0.000000010   0.000006654
      1025.0   0.000000000   0.000006802
      1026.0   0.000000006   0.000005276
      1027.0   0.000000038   0.000003084
      1028.0   0.000000029   0.000003976
      1029.0   0.000000017   0.000003152
      1030.0   0.000000011   0.000002251
      1031.0   0.000000008   0.000002271
      1032.0   0.000000007   0.000002428
      1033.0   0.000000006   0.000002388
      1034.0   0.000000006   0.000002657
      1035.0   0.000000007   0.000003906
      1036.0   0.000000006   0.000004050
      1037.0   0.000000005   0.000004151
      1038.0   0.000000005   0.000005577
      1039.0   0.000000005   0.000007203
      1040.0   0.000000006   0.000011131
      1041.0   0.000000005   0.000013660
      1042.0   0.000000006   0.000019049
      1043.0   0.000000006   0.000024982
      1044.0   0.000000004   0.000031256
      1045.0   0.000000006   0.000040278
      1046.0   0.000000006   0.000039322
      1047.0   0.000000004   0.000045514
      1048.0   0.000000004   0.000042498
      1049.0   0.000000003   0.000033937
      1050.0   0.000000003   0.000030597
      1051.0   0.000000005   0.000027092
      1052.0   0.000000004   0.000023678
      1053.0   0.000000006   0.000019512
      1054.0   0.000000007   0.000015867
      1055.0   0.000000005   0.000014076
      1056.0   0.000000005   0.000013783
      1057.0   0.000000013   0.000013572
      1058.0   0.000000007   0.000012831
      1059.0   0.000000009   0.000012473
      1060.0   0.000000005   0.000011323
      1061.0   0.000000011   0.000012066
      1062.0   0.000000004   0.000012493
      1063.0   0.000000012   0.000013903
      1064.0   0.000000007   0.000013095
      1065.0   0.000000020   0.000013220
      1066.0   0.000000008   0.000013676
      1067.0   0.000000024   0.000014282
      1068.0   0.000000017   0.000014526
      1069.0   0.000000019   0.000018497
      1070.0   0.000000013   0.000023195
      1071.0   0.000000008   0.000031597
      1072.0   0.000000010   0.000048477
      1073.0   0.000000019   0.000085942
      1074.0   0.000000014   0.000161556
      1075.0   0.000000029   0.000256816
      1076.0   0.000000013   0.000327675
      1077.0   0.000000001   0.000385603
      1078.0   0.000000034   0.000354998
      1079.0   0.000000023   0.000315710
      1080.0   0.000000002   0.000227332
      1081.0   0.000000059   0.000176632
      1082.0   0.000000020   0.000095251
      1083.0   0.000000030   0.000052309
      1084.0   0.000000075   0.000029701
      1085.0   0.000000054   0.000015109
      1086.0   0.000000009   0.000011657
      1087.0   0.000000024   0.000006724
      1088.0   0.000000158   0.000007047
      1089.0   0.000000033   0.000005109
      1090.0   0.000000089   0.000001080
      1091.0   0.000000061   0.000000000
      1092.0   0.000000034   0.000000000
      1093.0   0.000000037   0.000002543
      1094.0   0.000000227   0.000011649
      1095.0   0.000000119   0.000015189
      1096.0   0.000000061   0.000013225
      1097.0   0.000000188   0.000011496
      1098.0   0.000000335   0.000000000
      1099.0   0.000000266   0.000000000
      1100.0   0.000000361   0.000004030
      1101.0   0.000000326   0.000009099
      1102.0   0.000000808   0.000007214
      1103.0   0.000000724   0.000007245
      1104.0   0.000000389   0.000007516
      1105.0   0.000000978   0.000007101
      1106.0   0.000001332   0.000007133
      1107.0   0.000001678   0.000007098
      1108.0   0.000002180   0.000006674
      1109.0   0.000002275   0.000006799
      1110.0   0.000002273   0.000007803
      1111.0   0.000002918   0.000008393
      1112.0   0.000004551   0.000006413
      1113.0   0.000006078   0.000006934
      1114.0   0.000006501   0.000007701
      1115.0   0.000007807   0.000007431
      1116.0   0.000012158   0.000008372
      1117.0   0.000012663   0.000011874
      1118.0   0.000020028   0.000013553
      1119.0   0.000028295   0.000007816
      1120.0   0.000034104   0.000011183
      1121.0   0.000032838   0.000010173
      1122.0   0.000060055   0.000008523
      1123.0   0.000074756   0.000013715
      1124.0   0.000092656   0.000011971
      1125.0   0.000114863   0.000011898
      1126.0   0.000139324   0.000015760
      1127.0   0.000164883   0.000024133
      1128.0   0.000201823   0.000008317
      1129.0   0.000255013   0.000018892
      1130.0   0.000296602   0.000021463
      1131.0   0.000313541   0.000012948
      1132.0   0.000437398   0.000006250
      1133.0   0.000642992   0.000016357
      1134.0   0.000067080   0.000006961
      1135.0   0.000000000   0.000021647
      1136.0   0.000000000   0.000013771
      1137.0   0.000709989   0.000005700
      1138.0   0.000814086   0.000008765
      1139.0   0.000855665   0.000009502
      1140.0   0.001028287   0.000007886
      1141.0   0.002033018   0.000001275
      1142.0   0.002230510   0.000001655
      1143.0   0.001108270   0.000009485
      1144.0   0.001923755   0.000003856
      1145.0   0.002969353   0.000019871
      1146.0   0.002322271   0.000010721
      1147.0   0.002832371   0.000011335
      1148.0   0.003671003   0.000003344
      1149.0   0.005137657   0.000015421
      1150.0   0.007806780   0.000013262
      1151.0   0.010335086   0.000007906
      1152.0   0.012445054   0.000004584
      1153.0   0.016366150   0.000019815
      1154.0   0.019852540   0.000021485
      1155.0   0.025853777   0.000015298
      1156.0   0.034235723   0.000009637
      1157.0   0.043954641   0.000018831
      1158.0   0.056495443   0.000004834
      1159.0   0.075289309   0.000011260
      1160.0   0.100444488   0.000021003
      1161.0   0.135492086   0.000003894
      1162.0   0.184052780   0.000008170
      1163.0   0.248665363   0.000011816
      1164.0   0.333748311   0.000007080
      1165.0   0.432714343   0.000019938
      1166.0   0.542608380   0.000010508
      1167.0   0.650364757   0.000008853
      1168.0   0.744382679   0.000002063
      1169.0   0.812496662   0.000012622
      1170.0   0.852609038   0.000011814
      1171.0   0.868512332   0.000009307
      1172.0   0.868872225   0.000018865
      1173.0   0.861623347   0.000021269
      1174.0   0.851462245   0.000021216
      1175.0   0.841719925   0.000002867
      1176.0   0.833849728   0.000013435
      1177.0   0.830205023   0.000029226
      1178.0   0.829080343   0.000024953
      1179.0   0.830892980   0.000030508
      1180.0   0.834755063   0.000016766
      1181.0   0.840113580   0.000023286
      1182.0   0.846308589   0.000035717
      1183.0   0.851998150   0.000014287
      1184.0   0.858534992   0.000030918
      1185.0   0.863456547   0.000037675
      1186.0   0.867201447   0.000045839
      1187.0   0.869999528   0.000037898
      1188.0   0.871122599   0.000032318
      1189.0   0.871380866   0.000030151
      1190.0   0.870641708   0.000046011
      1191.0   0.868806660   0.000059694
      1192.0   0.866214633   0.000052494
      1193.0   0.863973498   0.000064303
      1194.0   0.862578332   0.000065839
      1195.0   0.862368762   0.000064768
      1196.0   0.863845408   0.000078033
      1197.0   0.866466582   0.000088556
      1198.0   0.871248364   0.000078942
      1199.0   0.876267433   0.000123043
      1200.0   0.880272269   0.000131087
      1201.0   0.880315363   0.000143000
      1202.0   0.871267855   0.000152727
      1203.0   0.847397923   0.000172746
      1204.0   0.804193854   0.000157608
      1205.0   0.740017354   0.000191037
      1206.0   0.655586123   0.000239620
      1207.0   0.561557829   0.000255770
      1208.0   0.459247470   0.000316585
      1209.0   0.366288334   0.000382749
      1210.0   0.285037309   0.000419233
      1211.0   0.218713865   0.000480908
      1212.0   0.164807290   0.000579965
      1213.0   0.124111064   0.000570677
      1214.0   0.095227398   0.000724886
      1215.0   0.072966009   0.001796681
      1216.0   0.055848937   0.002324496
      1217.0   0.044869520   0.001126601
      1218.0   0.034480661   0.000964702
      1219.0   0.028040161   0.002256232
      1220.0   0.022121133   0.001248796
      1221.0   0.016901242   0.000376064
      1222.0   0.012965991   0.000000000
      1223.0   0.009855370   0.000976872
      1224.0   0.008741450   0.003072146
      1225.0   0.006619210   0.002423279
      1226.0   0.005017584   0.005217057
      1227.0   0.005820259   0.005232463
      1228.0   0.003947737   0.006122102
      1229.0   0.003377564   0.008517244
      1230.0   0.003353365   0.011481220
      1231.0   0.002817554   0.013720897
      1232.0   0.002570511   0.017476376
      1233.0   0.002528717   0.020217685
      1234.0   0.002326842   0.023914449
      1235.0   0.001917089   0.030980231
      1236.0   0.001612614   0.039053760
      1237.0   0.001429225   0.050634462
      1238.0   0.001210258   0.067289069
      1239.0   0.001006077   0.086889729
      1240.0   0.000890163   0.114099987
      1241.0   0.000784606   0.150906757
      1242.0   0.000667107   0.193942040
      1243.0   0.000597331   0.249634564
      1244.0   0.000531758   0.315446317
      1245.0   0.000455664   0.392245740
      1246.0   0.000399920   0.472570419
      1247.0   0.000365191   0.551598251
      1248.0   0.000321771   0.626057744
      1249.0   0.000279771   0.691099405
      1250.0   0.000262037   0.742512047
      1251.0   0.000226821   0.781664312
      1252.0   0.000203374   0.807938337
      1253.0   0.000187444   0.824019194
      1254.0   0.000172472   0.833561063
      1255.0   0.000148081   0.838950098
      1256.0   0.000142489   0.841328681
      1257.0   0.000130146   0.843508780
      1258.0   0.000117283   0.846587479
      1259.0   0.000110955   0.850248575
      1260.0   0.000100312   0.853547752
      1261.0   0.000091508   0.858458936
      1262.0   0.000084022   0.864350677
      1263.0   0.000079408   0.870360494
      1264.0   0.000075229   0.875629425
      1265.0   0.000073660   0.880624592
      1266.0   0.000069104   0.884522498
      1267.0   0.000063161   0.886614799
      1268.0   0.000061860   0.887124598
      1269.0   0.000057512   0.886286199
      1270.0   0.000051971   0.884717822
      1271.0   0.000044903   0.882037044
      1272.0   0.000038314   0.878200114
      1273.0   0.000030856   0.874545276
      1274.0   0.000026893   0.870919108
      1275.0   0.000028973   0.867372870
      1276.0   0.000029838   0.865574598
      1277.0   0.000033097   0.864977121
      1278.0   0.000031893   0.866471171
      1279.0   0.000033535   0.871090591
      1280.0   0.000033399   0.878040016
      1281.0   0.000032777   0.886554003
      1282.0   0.000030850   0.895758450
      1283.0   0.000029413   0.903627455
      1284.0   0.000029884   0.907677531
      1285.0   0.000026325   0.903259575
      1286.0   0.000026991   0.886275470
      1287.0   0.000025132   0.852840841
      1288.0   0.000023858   0.802881420
      1289.0   0.000019012   0.737075508
      1290.0   0.000018762   0.658569455
      1291.0   0.000015281   0.570965767
      1292.0   0.000018606   0.483161211
      1293.0   0.000020078   0.399975240
      1294.0   0.000022528   0.324321687
      1295.0   0.000017258   0.256278843
      1296.0   0.000016849   0.199776441
      1297.0   0.000011728   0.154975042
      1298.0   0.000012931   0.119876057
      1299.0   0.000012830   0.092394076
      1300.0   0.000015682   0.072736107
      1301.0   0.000018467   0.055471998
      1302.0   0.000018112   0.041821279
      1303.0   0.000014813   0.033256389
      1304.0   0.000013231   0.026494510
      1305.0   0.000012618   0.020381486
      1306.0   0.000012070   0.017619358
      1307.0   0.000017393   0.014671844
      1308.0   0.000021416   0.011849394
      1309.0   0.000019210   0.010943262
      1310.0   0.000021532   0.009033052
      1311.0   0.000018779   0.006503413
      1312.0   0.000015817   0.005593719
      1313.0   0.000012368   0.006241568
      1314.0   0.000014187   0.004680021
      1315.0   0.000014018   0.003195375
      1316.0   0.000017626   0.002636844
      1317.0   0.000018294   0.002377966
      1318.0   0.000017605   0.001434890
      1319.0   0.000015551   0.001378215
      1320.0   0.000015565   0.002483034
      1321.0   0.000012716   0.002714643
      1322.0   0.000014009   0.001947062
      1323.0   0.000016590   0.001497024
      1324.0   0.000017744   0.001233964
      1325.0   0.000017449   0.001087282
      1326.0   0.000016837   0.000961421
      1327.0   0.000015341   0.000818705
      1328.0   0.000013075   0.000714625
      1329.0   0.000011134   0.000633852
      1330.0   0.000009729   0.000551104
      1331.0   0.000012610   0.000486159
      1332.0   0.000010073   0.000423443
      1333.0   0.000011004   0.000376256
      1334.0   0.000013704   0.000345644
      1335.0   0.000015825   0.000306335
      1336.0   0.000014329   0.000275707
      1337.0   0.000013253   0.000261016
      1338.0   0.000015095   0.000246889
      1339.0   0.000014503   0.000225038
      1340.0   0.000012910   0.000212424
      1341.0   0.000014674   0.000199584
      1342.0   0.000017565   0.000182208
      1343.0   0.000014697   0.000163317
      1344.0   0.000016522   0.000150512
      1345.0   0.000018205   0.000141922
      1346.0   0.000015037   0.000133368
      1347.0   0.000017014   0.000126120
      1348.0   0.000019942   0.000124095
      1349.0   0.000021413   0.000118267
      1350.0   0.000018439   0.000106552
      1351.0   0.000023964   0.000100897
      1352.0   0.000024025   0.000094479
      1353.0   0.000024381   0.000082710
      1354.0   0.000023758   0.000075041
      1355.0   0.000027400   0.000072739
      1356.0   0.000023499   0.000068605
      1357.0   0.000026455   0.000061621
      1358.0   0.000027211   0.000058292
      1359.0   0.000027100   0.000055301
      1360.0   0.000029572   0.000051823
      1361.0   0.000030026   0.000048523
      1362.0   0.000025037   0.000044464
      1363.0   0.000024419   0.000037520
      1364.0   0.000023333   0.000032970
      1365.0   0.000018919   0.000025683
      1366.0   0.000017528   0.000018057
      1367.0   0.000016509   0.000015341
      1368.0   0.000014009   0.000013002
      1369.0   0.000011874   0.000009516
      1370.0   0.000011053   0.000008174
      1371.0   0.000009609   0.000007382
      1372.0   0.000008104   0.000005425
      1373.0   0.000007331   0.000004145
      1374.0   0.000006252   0.000003493
      1375.0   0.000005474   0.000002369
      1376.0   0.000004581   0.000001648
      1377.0   0.000004438   0.000001492
      1378.0   0.000003938   0.000001075
      1379.0   0.000003614   0.000000793
      1380.0   0.000003343   0.000000931
      1381.0   0.000003252   0.000000901
      1382.0   0.000002886   0.000000751
      1383.0   0.000002890   0.000000923
      1384.0   0.000002954   0.000000862
      1385.0   0.000002910   0.000000668
      1386.0   0.000002997   0.000000639
      1387.0   0.000003038   0.000000553
      1388.0   0.000003198   0.000000431
      1389.0   0.000003527   0.000000494
      1390.0   0.000003111   0.000000407
      1391.0   0.000003382   0.000000316
      1392.0   0.000003120   0.000000282
      1393.0   0.000002909   0.000000269
      1394.0   0.000003111   0.000000235
      1395.0   0.000003662   0.000000242
      1396.0   0.000003889   0.000000273
      1397.0   0.000003599   0.000000215
      1398.0   0.000003964   0.000000182
      1399.0   0.000004160   0.000000169
      1400.0   0.000004290   0.000000148
      1401.0   0.000004566   0.000000135
      1402.0   0.000004869   0.000000181
      1403.0   0.000004513   0.000000140
      1404.0   0.000004850   0.000000124
      1405.0   0.000004853   0.000000130
      1406.0   0.000004906   0.000000102
      1407.0   0.000004683   0.000000054
      1408.0   0.000005061   0.000000080
      1409.0   0.000005459   0.000000074
      1410.0   0.000004624   0.000000040
      1411.0   0.000006800   0.000000046
      1412.0   0.000006547   0.000000048
      1413.0   0.000004664   0.000000029
      1414.0   0.000005669   0.000000033
      1415.0   0.000006528   0.000000031
      1416.0   0.000003246   0.000000027
      1417.0   0.000001440   0.000000024
      1418.0   0.000002245   0.000000022
      1419.0   0.000003784   0.000000018
      1420.0   0.000002993   0.000000015
      1421.0   0.000002977   0.000000015
      1422.0   0.000003855   0.000000012
      1423.0   0.000004147   0.000000009
      1424.0   0.000004776   0.000000011
      1425.0   0.000004916   0.000000012
      1426.0   0.000005381   0.000000009
      1427.0   0.000005926   0.000000009
      1428.0   0.000007914   0.000000010
      1429.0   0.000009444   0.000000008
      1430.0   0.000010793   0.000000005
      1431.0   0.000013459   0.000000006
      1432.0   0.000018652   0.000000006
      1433.0   0.000026530   0.000000006
      1434.0   0.000039981   0.000000006
      1435.0   0.000062169   0.000000007
      1436.0   0.000096059   0.000000006
      1437.0   0.000138148   0.000000007
      1438.0   0.000182853   0.000000007
      1439.0   0.000192276   0.000000008
      1440.0   0.000163902   0.000000010
      1441.0   0.000126191   0.000000011
      1442.0   0.000096525   0.000000010
      1443.0   0.000069512   0.000000011
      1444.0   0.000055130   0.000000012
      1445.0   0.000046411   0.000000011
      1446.0   0.000034901   0.000000011
      1447.0   0.000032013   0.000000013
      1448.0   0.000028774   0.000000013
      1449.0   0.000025069   0.000000013
      1450.0   0.000023746   0.000000015
      1451.0   0.000020359   0.000000013
      1452.0   0.000018906   0.000000015
      1453.0   0.000018187   0.000000017
      1454.0   0.000018123   0.000000017
      1455.0   0.000015617   0.000000016
      1456.0   0.000014719   0.000000017
      1457.0   0.000012580   0.000000015
      1458.0   0.000011921   0.000000012
      1459.0   0.000011472   0.000000012
      1460.0   0.000012119   0.000000013
      1461.0   0.000011343   0.000000013
      1462.0   0.000009547   0.000000012
      1463.0   0.000008018   0.000000011
      1464.0   0.000008151   0.000000011
      1465.0   0.000008205   0.000000012
      1466.0   0.000006546   0.000000009
      1467.0   0.000006812   0.000000009
      1468.0   0.000005590   0.000000007
      1469.0   0.000005371   0.000000007
      1470.0   0.000006174   0.000000008
      1471.0   0.000004743   0.000000006
      1472.0   0.000004547   0.000000006
      1473.0   0.000004784   0.000000006
      1474.0   0.000004478   0.000000005
      1475.0   0.000004085   0.000000005
      1476.0   0.000004471   0.000000005
      1477.0   0.000004734   0.000000005
      1478.0   0.000003696   0.000000004
      1479.0   0.000006054   0.000000006
      1480.0   0.000006082   0.000000006
      1481.0   0.000005254   0.000000005
      1482.0   0.000007120   0.000000006
      1483.0   0.000008283   0.000000006
      1484.0   0.000008993   0.000000006
      1485.0   0.000009413   0.000000006
      1486.0   0.000014634   0.000000009
      1487.0   0.000019824   0.000000011
      1488.0   0.000018101   0.000000010
      1489.0   0.000023343   0.000000012
      1490.0   0.000021348   0.000000011
      1491.0   0.000028009   0.000000015
      1492.0   0.000034848   0.000000020
      1493.0   0.000030909   0.000000020
      1494.0   0.000039509   0.000000029
      1495.0   0.000039028   0.000000034
      1496.0   0.000033496   0.000000035
      1497.0   0.000034551   0.000000044
      1498.0   0.000031289   0.000000050
      1499.0   0.000028711   0.000000057
      1500.0   0.000025276   0.000000061
      1501.0   0.000026662   0.000000084
      1502.0   0.000022059   0.000000087
      1503.0   0.000018809   0.000000095
      1504.0   0.000019475   0.000000127
      1505.0   0.000016933   0.000000154
      1506.0   0.000017669   0.000000191
      1507.0   0.000015573   0.000000194
      1508.0   0.000013900   0.000000172
      1509.0   0.000013205   0.000000204
      1510.0   0.000012733   0.000000249
      1511.0   0.000010985   0.000000205
      1512.0   0.000005929   0.000000114
      1513.0   0.000006669   0.000000140
      1514.0   0.000007301   0.000000224
      1515.0   0.000005167   0.000000190
      1516.0   0.000003225   0.000000151
      1517.0   0.000002592   0.000000144
      1518.0   0.000003337   0.000000191
      1519.0   0.000002587   0.000000198
      1520.0   0.000001057   0.000000100
      1521.0   0.000003210   0.000000383
      1522.0   0.000003370   0.000000469
      1523.0   0.000000000   0.000000000
      1524.0   0.000001461   0.000000317
      1525.0   0.000002325   0.000000652
      1526.0   0.000000898   0.000000325
      1527.0   0.000000000   0.000000000
      1528.0   0.000000000   0.000000000
      1529.0   0.000000937   0.000000788
      1530.0   0.000001970   0.000002148
      1531.0   0.000000193   0.000000269
      1532.0   0.000000470   0.000000793
      1533.0   0.000000986   0.000001901
      1534.0   0.000001057   0.000002172
      1535.0   0.000001270   0.000002602
      1536.0   0.000002614   0.000005053
      1537.0   0.000000177   0.000000305
      1538.0   0.000000000   0.000000000
      1539.0   0.000001796   0.000002162
      1540.0   0.000000000   0.000000000
      1541.0   0.000000000   0.000000000
      1542.0   0.000000647   0.000000373
      1543.0   0.000002473   0.000001104
      1544.0   0.000001169   0.000000414
      1545.0   0.000004296   0.000001227
      1546.0   0.000000965   0.000000226
      1547.0   0.000000000   0.000000000
      1548.0   0.000001742   0.000000297
      1549.0   0.000000351   0.000000052
      1550.0   0.000000000   0.000000000
      1551.0   0.000005040   0.000000655
      1552.0   0.000004528   0.000000574
      1553.0   0.000000000   0.000000000
      1554.0   0.000000000   0.000000000
      1555.0   0.000000000   0.000000000
      1556.0   0.000003001   0.000000442
      1557.0   0.000013941   0.000002245
      1558.0   0.000014487   0.000002597
      1559.0   0.000005397   0.000001097
      1560.0   0.000003192   0.000000748
      1561.0   0.000004260   0.000001165
      1562.0   0.000000000   0.000000000
      1563.0   0.000000000   0.000000000
      1564.0   0.000004574   0.000002055
      1565.0   0.000003999   0.000002156
      1566.0   0.000007116   0.000004584
      1567.0   0.000010108   0.000007876
      1568.0   0.000004862   0.000004598
      1569.0   0.000004726   0.000005417
      1570.0   0.000003233   0.000004474
      1571.0   0.000003653   0.000006160
      1572.0   0.000003154   0.000006426
      1573.0   0.000000676   0.000001660
      1574.0   0.000000322   0.000000952
      1575.0   0.000002058   0.000007226
      1576.0   0.000003193   0.000012974
      1577.0   0.000002359   0.000010844
      1578.0   0.000000063   0.000000321
      1579.0   0.000001207   0.000006722
      1580.0   0.000001012   0.000005938
      1581.0   0.000000000   0.000000000
      1582.0   0.000001205   0.000007370
      1583.0   0.000001383   0.000008281
      1584.0   0.000000000   0.000000000
      1585.0   0.000000382   0.000002096
      1586.0   0.000001491   0.000007595
      1587.0   0.000000000   0.000000000
      1588.0   0.000000000   0.000000000
      1589.0   0.000000646   0.000002507
      1590.0   0.000001314   0.000004673
      1591.0   0.000000894   0.000002924
      1592.0   0.000000000   0.000000000
      1593.0   0.000000000   0.000000000
      1594.0   0.000000133   0.000000338
      1595.0   0.000000000   0.000000000
      1596.0   0.000000000   0.000000000
      1597.0   0.000000244   0.000000499
      1598.0   0.000000405   0.000000778
      1599.0   0.000000390   0.000000708
      1600.0   0.000000876   0.000001517
      1601.0   0.000001050   0.000001714
      1602.0   0.000000666   0.000001027
      1603.0   0.000000715   0.000001068
      1604.0   0.000000000   0.000000000
      1605.0   0.000000024   0.000000033
      1606.0   0.000000000   0.000000000
      1607.0   0.000000000   0.000000000
      1608.0   0.000000000   0.000000000
      1609.0   0.000000000   0.000000000
      1610.0   0.000000000   0.000000000
      1611.0   0.000000743   0.000000850
      1612.0   0.000000000   0.000000000
      1613.0   0.000000000   0.000000000
      1614.0   0.000000812   0.000000872
      1615.0   0.000000000   0.000000000
      1616.0   0.000000000   0.000000000
      1617.0   0.000000353   0.000000368
      1618.0   0.000003953   0.000004120
      1619.0   0.000001525   0.000001556
      1620.0   0.000001398   0.000001404
      1621.0   0.000000000   0.000000000
      1622.0   0.000000000   0.000000000
      1623.0   0.000000685   0.000000692
      1624.0   0.000001995   0.000002012
      1625.0   0.000000615   0.000000617
      1626.0   0.000000000   0.000000000
      1627.0   0.000000980   0.000001006
      1628.0   0.000000523   0.000000547
      1629.0   0.000002178   0.000002322
      1630.0   0.000001288   0.000001402
      1631.0   0.000000162   0.000000179
      1632.0   0.000002630   0.000002958
      1633.0   0.000000364   0.000000419
      1634.0   0.000000000   0.000000000
      1635.0   0.000002930   0.000003609
      1636.0   0.000000829   0.000001055
      1637.0   0.000003275   0.000004315
      1638.0   0.000003166   0.000004343
      1639.0   0.000000000   0.000000000
      1640.0   0.000001818   0.000002696
      1641.0   0.000002062   0.000003189
      1642.0   0.000002585   0.000004157
      1643.0   0.000000639   0.000001061
      1644.0   0.000004724   0.000008048
      1645.0   0.000000000   0.000000000
      1646.0   0.000003636   0.000006368
      1647.0   0.000000000   0.000000000
      1648.0   0.000000000   0.000000000
      1649.0   0.000003125   0.000005155
      1650.0   0.000002844   0.000004462
      1651.0   0.000000000   0.000000000
      1652.0   0.000006238   0.000008460
      1653.0   0.000007231   0.000008932
      1654.0   0.000000351   0.000000390
      1655.0   0.000003548   0.000003513
      1656.0   0.000000000   0.000000000
      1657.0   0.000005956   0.000004602
      1658.0   0.000000000   0.000000000
      1659.0   0.000005739   0.000003424
      1660.0   0.000004394   0.000002307
      1661.0   0.000000000   0.000000000
      1662.0   0.000007684   0.000003166
      1663.0   0.000000000   0.000000000
      1664.0   0.000007902   0.000002630
      1665.0   0.000000853   0.000000258
      1666.0   0.000000000   0.000000000
      1667.0   0.000000000   0.000000000
      1668.0   0.000000000   0.000000000
      1669.0   0.000013244   0.000002936
      1670.0   0.000008335   0.000001743
      1671.0   0.000004157   0.000000821
      1672.0   0.000000390   0.000000074
      1673.0   0.000000000   0.000000000
      1674.0   0.000002810   0.000000496
      1675.0   0.000000000   0.000000000
      1676.0   0.000000798   0.000000133
      1677.0   0.000000000   0.000000000
      1678.0   0.000000898   0.000000140
      1679.0   0.000007631   0.000001169
      1680.0   0.000001004   0.000000152
      1681.0   0.000000000   0.000000000
      1682.0   0.000000000   0.000000000
      1683.0   0.000000000   0.000000000
      1684.0   0.000008996   0.000001302
      1685.0   0.000000000   0.000000000
      1686.0   0.000000000   0.000000000
      1687.0   0.000000000   0.000000000
      1688.0   0.000000692   0.000000099
      1689.0   0.000004413   0.000000626
      1690.0   0.000000000   0.000000000
      1691.0   0.000001527   0.000000211
      1692.0   0.000000000   0.000000000
      1693.0   0.000001976   0.000000266
      1694.0   0.000002639   0.000000358
      1695.0   0.000002360   0.000000325
      1696.0   0.000000000   0.000000000
      1697.0   0.000000000   0.000000000
      1698.0   0.000003027   0.000000411
      1699.0   0.000001243   0.000000171
      1700.0   0.000000000   0.000000000
      1701.0   0.000004962   0.000000688
      1702.0   0.000000000   0.000000000
      1703.0   0.000001589   0.000000214
      1704.0   0.000000339   0.000000046
      1705.0   0.000003780   0.000000510
      1706.0   0.000000000   0.000000000
      1707.0   0.000000000   0.000000000
      1708.0   0.000005256   0.000000718
      1709.0   0.000001836   0.000000251
      1710.0   0.000000000   0.000000000
      1711.0   0.000001878   0.000000265
      1712.0   0.000001892   0.000000262
      1713.0   0.000000000   0.000000000
      1714.0   0.000000000   0.000000000
      1715.0   0.000000000   0.000000000
      1716.0   0.000007544   0.000001081
      1717.0   0.000000000   0.000000000
      1718.0   0.000000418   0.000000060
      1719.0   0.000002588   0.000000376
      1720.0   0.000002281   0.000000341
      1721.0   0.000000000   0.000000000
      1722.0   0.000000639   0.000000099
      1723.0   0.000003479   0.000000539
      1724.0   0.000000000   0.000000000
      1725.0   0.000001424   0.000000221
      1726.0   0.000006900   0.000001083
      1727.0   0.000000608   0.000000097
      1728.0   0.000007166   0.000001178
      1729.0   0.000008810   0.000001483
      1730.0   0.000006543   0.000001116
      1731.0   0.000000000   0.000000000
      1732.0   0.000012168   0.000002121
      1733.0   0.000008371   0.000001493
      1734.0   0.000014558   0.000002643
      1735.0   0.000003996   0.000000747
      1736.0   0.000016076   0.000003077
      1737.0   0.000024685   0.000004825
      1738.0   0.000006205   0.000001245
      1739.0   0.000017416   0.000003621
      1740.0   0.000002832   0.000000610
      1741.0   0.000003654   0.000000814
      1742.0   0.000011613   0.000002693
      1743.0   0.000024937   0.000006009
      1744.0   0.000000000   0.000000000
      1745.0   0.000009559   0.000002479
      1746.0   0.000017903   0.000004853
      1747.0   0.000013535   0.000003838
      1748.0   0.000000000   0.000000000
      1749.0   0.000000000   0.000000000
      1750.0   0.000000000   0.000000000
      1751.0   0.000004362   0.000001514
      1752.0   0.000023049   0.000008446
      1753.0   0.000000737   0.000000286
      1754.0   0.000000000   0.000000000
      1755.0   0.000000000   0.000000000
      1756.0   0.000000000   0.000000000
      1757.0   0.000006055   0.000002977
      1758.0   0.000000000   0.000000000
      1759.0   0.000011466   0.000006361
      1760.0   0.000000000   0.000000000
      1761.0   0.000008949   0.000005601
      1762.0   0.000000000   0.000000000
      1763.0   0.000009105   0.000006410
      1764.0   0.000000000   0.000000000
      1765.0   0.000019345   0.000015140
      1766.0   0.000000000   0.000000000
      1767.0   0.000001549   0.000001330
      1768.0   0.000017030   0.000015200
      1769.0   0.000000000   0.000000000
      1770.0   0.000000000   0.000000000
      1771.0   0.000003836   0.000003757
      1772.0   0.000005135   0.000005132
      1773.0   0.000000000   0.000000000
      1774.0   0.000000000   0.000000000
      1775.0   0.000008470   0.000008728
      1776.0   0.000001694   0.000001746
      1777.0   0.000000000   0.000000000
      1778.0   0.000000000   0.000000000
      1779.0   0.000000000   0.000000000
      1780.0   0.000007131   0.000007048
      1781.0   0.000000000   0.000000000
      1782.0   0.000001348   0.000001281
      1783.0   0.000012414   0.000011500
      1784.0   0.000012851   0.000011616
      1785.0   0.000000000   0.000000000
      1786.0   0.000008480   0.000007266
      1787.0   0.000000000   0.000000000
      1788.0   0.000016618   0.000013484
      1789.0   0.000004586   0.000003615
      1790.0   0.000000000   0.000000000
      1791.0   0.000014050   0.000010476
      1792.0   0.000008855   0.000006436
      1793.0   0.000016800   0.000011904
      1794.0   0.000017937   0.000012383
      1795.0   0.000010975   0.000007406
      1796.0   0.000005750   0.000003800
      1797.0   0.000027637   0.000017826
      1798.0   0.000017547   0.000011059
      1799.0   0.000015513   0.000009575
      1800.0   0.000022145   0.000013423
      1801.0   0.000014580   0.000008690
      1802.0   0.000027035   0.000015867
      1803.0   0.000022062   0.000012744
      1804.0   0.000031914   0.000018161
      1805.0   0.000027831   0.000015604
      1806.0   0.000028085   0.000015568
      1807.0   0.000022369   0.000012267
      1808.0   0.000019323   0.000010461
      1809.0   0.000000000   0.000000000
      1810.0   0.000006061   0.000003223
      1811.0   0.000016521   0.000008724
      1812.0   0.000024173   0.000012691
      1813.0   0.000018594   0.000009655
      1814.0   0.000003809   0.000001973
      1815.0   0.000000000   0.000000000
      1816.0   0.000003986   0.000002060
      1817.0   0.000014456   0.000007423
      1818.0   0.000006838   0.000003513
      1819.0   0.000000000   0.000000000
      1820.0   0.000017402   0.000008906
      1821.0   0.000011659   0.000005984
      1822.0   0.000000000   0.000000000
      1823.0   0.000000000   0.000000000
      1824.0   0.000000000   0.000000000
      1825.0   0.000000000   0.000000000
      1826.0   0.000011083   0.000005796
      1827.0   0.000000000   0.000000000
      1828.0   0.000000000   0.000000000
      1829.0   0.000000000   0.000000000
      1830.0   0.000005018   0.000002696
      1831.0   0.000018968   0.000010287
      1832.0   0.000000000   0.000000000
      1833.0   0.000000161   0.000000089
      1834.0   0.000009670   0.000005381
      1835.0   0.000010860   0.000006115
      1836.0   0.000005319   0.000003037
      1837.0   0.000008400   0.000004864
      1838.0   0.000009116   0.000005348
      1839.0   0.000000000   0.000000000
      1840.0   0.000000000   0.000000000
      1841.0   0.000001832   0.000001114
      1842.0   0.000000000   0.000000000
      1843.0   0.000000000   0.000000000
      1844.0   0.000000000   0.000000000
      1845.0   0.000003673   0.000002389
      1846.0   0.000004620   0.000003057
      1847.0   0.000011492   0.000007708
      1848.0   0.000001274   0.000000866
      1849.0   0.000000000   0.000000000
      1850.0   0.000000000   0.000000000
      1851.0   0.000006254   0.000004485
      1852.0   0.000005895   0.000004303
      1853.0   0.000010469   0.000007768
      1854.0   0.000002706   0.000002043
      1855.0   0.000000529   0.000000406
      1856.0   0.000000000   0.000000000
      1857.0   0.000000799   0.000000637
      1858.0   0.000017015   0.000013791
      1859.0   0.000013600   0.000011211
      1860.0   0.000007870   0.000006596
      1861.0   0.000000000   0.000000000
      1862.0   0.000000255   0.000000220
      1863.0   0.000002453   0.000002149
      1864.0   0.000005477   0.000004869
      1865.0   0.000000000   0.000000000
      1866.0   0.000000000   0.000000000
      1867.0   0.000000000   0.000000000
      1868.0   0.000000000   0.000000000
      1869.0   0.000015324   0.000014602
      1870.0   0.000018364   0.000017695
      1871.0   0.000012305   0.000011974
      1872.0   0.000014160   0.000013907
      1873.0   0.000009956   0.000009857
      1874.0   0.000000000   0.000000000
      1875.0   0.000000000   0.000000000
      1876.0   0.000014060   0.000014179
      1877.0   0.000019953   0.000020221
      1878.0   0.000006035   0.000006137
      1879.0   0.000013148   0.000013407
      1880.0   0.000035211   0.000035995
      1881.0   0.000030174   0.000030866
      1882.0   0.000024485   0.000025048
      1883.0   0.000000000   0.000000000
      1884.0   0.000000000   0.000000000
      1885.0   0.000016854   0.000017155
      1886.0   0.000007993   0.000008112
      1887.0   0.000016763   0.000016959
      1888.0   0.000018909   0.000019042
      1889.0   0.000000000   0.000000000
      1890.0   0.000000000   0.000000000
      1891.0   0.000040375   0.000039991
      1892.0   0.000001396   0.000001373
      1893.0   0.000000000   0.000000000
      1894.0   0.000012673   0.000012314
      1895.0   0.000012575   0.000012121
      1896.0   0.000038652   0.000036925
      1897.0   0.000026109   0.000024734
      1898.0   0.000055390   0.000052039
      1899.0   0.000000000   0.000000000
      1900.0   0.000000000   0.000000000
      1901.0   0.000022894   0.000020972
      1902.0   0.000018486   0.000016759
      1903.0   0.000005749   0.000005163
      1904.0   0.000000000   0.000000000
      1905.0   0.000000000   0.000000000
      1906.0   0.000000000   0.000000000
      1907.0   0.000009853   0.000008564
      1908.0   0.000016652   0.000014358
      1909.0   0.000000000   0.000000000
      1910.0   0.000011188   0.000009484
      1911.0   0.000037375   0.000031442
      1912.0   0.000002061   0.000001722
      1913.0   0.000001515   0.000001257
      1914.0   0.000010831   0.000008935
      1915.0   0.000000000   0.000000000
      1916.0   0.000007745   0.000006310
      1917.0   0.000019564   0.000015837
      1918.0   0.000009992   0.000008038
      1919.0   0.000000000   0.000000000
      1920.0   0.000000000   0.000000000
      1921.0   0.000003151   0.000002500
      1922.0   0.000025759   0.000020361
      1923.0   0.000010281   0.000008096
      1924.0   0.000001664   0.000001306
      1925.0   0.000003354   0.000002622
      1926.0   0.000009356   0.000007291
      1927.0   0.000017661   0.000013730
      1928.0   0.000000000   0.000000000
      1929.0   0.000000000   0.000000000
      1930.0   0.000000000   0.000000000
      1931.0   0.000000000   0.000000000
      1932.0   0.000000000   0.000000000
      1933.0   0.000000000   0.000000000
      1934.0   0.000000000   0.000000000
      1935.0   0.000005855   0.000004517
      1936.0   0.000016932   0.000013078
      1937.0   0.000007529   0.000005821
      1938.0   0.000000000   0.000000000
      1939.0   0.000000000   0.000000000
      1940.0   0.000000000   0.000000000
      1941.0   0.000000000   0.000000000
      1942.0   0.000001671   0.000001301
      1943.0   0.000018032   0.000014063
      1944.0   0.000015848   0.000012381
      1945.0   0.000000000   0.000000000
      1946.0   0.000000000   0.000000000
      1947.0   0.000005365   0.000004232
      1948.0   0.000008749   0.000006923
      1949.0   0.000000000   0.000000000
      1950.0   0.000004897   0.000003900
      1951.0   0.000024488   0.000019579
      1952.0   0.000011046   0.000008863
      1953.0   0.000000000   0.000000000
      1954.0   0.000000000   0.000000000
      1955.0   0.000013136   0.000010661
      1956.0   0.000010878   0.000008872
      1957.0   0.000000000   0.000000000
      1958.0   0.000000000   0.000000000
      1959.0   0.000000000   0.000000000
      1960.0   0.000031492   0.000026130
      1961.0   0.000017968   0.000014970
      1962.0   0.000000000   0.000000000
      1963.0   0.000002138   0.000001797
      1964.0   0.000014369   0.000012131
      1965.0   0.000000000   0.000000000
      1966.0   0.000001653   0.000001409
      1967.0   0.000000000   0.000000000
      1968.0   0.000029546   0.000025425
      1969.0   0.000029264   0.000025292
      1970.0   0.000003338   0.000002897
      1971.0   0.000000000   0.000000000
      1972.0   0.000018274   0.000016006
      1973.0   0.000000000   0.000000000
      1974.0   0.000010887   0.000009613
      1975.0   0.000015453   0.000013699
      1976.0   0.000019931   0.000017739
      1977.0   0.000027572   0.000024661
      1978.0   0.000021052   0.000018919
      1979.0   0.000037814   0.000034111
      1980.0   0.000026541   0.000024014
      1981.0   0.000000000   0.000000000
      1982.0   0.000018078   0.000016483
      1983.0   0.000016406   0.000015004
      1984.0   0.000027190   0.000024949
      1985.0   0.000018048   0.000016623
      1986.0   0.000006372   0.000005891
      1987.0   0.000042430   0.000039368
      1988.0   0.000037134   0.000034564
      1989.0   0.000038816   0.000036230
      1990.0   0.000028612   0.000026783
      1991.0   0.000032794   0.000030804
      1992.0   0.000038780   0.000036525
      1993.0   0.000024967   0.000023563
      1994.0   0.000026107   0.000024701
      1995.0   0.000021403   0.000020310
      1996.0   0.000046496   0.000044218
      1997.0   0.000037290   0.000035538
      1998.0   0.000003439   0.000003285
      1999.0   0.000035840   0.000034324
      2000.0   0.000033388   0.000032027
      2001.0   0.000015899   0.000015274
      2002.0   0.000027104   0.000026102
      2003.0   0.000038256   0.000036916
      2004.0   0.000040965   0.000039590
      2005.0   0.000027656   0.000026768
      2006.0   0.000000000   0.000000000
      2007.0   0.000023144   0.000022474
      2008.0   0.000048972   0.000047627
      2009.0   0.000005738   0.000005588
      2010.0   0.000012295   0.000011986
      2011.0   0.000030346   0.000029615
      2012.0   0.000010050   0.000009821
      2013.0   0.000000000   0.000000000
      2014.0   0.000025294   0.000024777
      2015.0   0.000018408   0.000018046
      2016.0   0.000000000   0.000000000
      2017.0   0.000014216   0.000013966
      2018.0   0.000000000   0.000000000
      2019.0   0.000059668   0.000058732
      2020.0   0.000008622   0.000008496
      2021.0   0.000026202   0.000025831
      2022.0   0.000013573   0.000013387
      2023.0   0.000012083   0.000011930
      2024.0   0.000002744   0.000002711
      2025.0   0.000000000   0.000000000
      2026.0   0.000052299   0.000051785
      2027.0   0.000000000   0.000000000
      2028.0   0.000005708   0.000005657
      2029.0   0.000000000   0.000000000
      2030.0   0.000020592   0.000020428
      2031.0   0.000007385   0.000007331
      2032.0   0.000001718   0.000001706
      2033.0   0.000011163   0.000011099
      2034.0   0.000000000   0.000000000
      2035.0   0.000012798   0.000012730
      2036.0   0.000010720   0.000010666
      2037.0   0.000011945   0.000011896
      2038.0   0.000014767   0.000014716
      2039.0   0.000007044   0.000007022
      2040.0   0.000000000   0.000000000
      2041.0   0.000012513   0.000012486
      2042.0   0.000005863   0.000005851
      2043.0   0.000000000   0.000000000
      2044.0   0.000029689   0.000029655
      2045.0   0.000000000   0.000000000
      2046.0   0.000005640   0.000005643
      2047.0   0.000006766   0.000006774
      2048.0   0.000024782   0.000024831
      2049.0   0.000020061   0.000020097
      2050.0   0.000029316   0.000029370
      2051.0   0.000000000   0.000000000
      2052.0   0.000001984   0.000001989
      2053.0   0.000019122   0.000019187
      2054.0   0.000011967   0.000012012
      2055.0   0.000005434   0.000005457
      2056.0   0.000007038   0.000007067
      2057.0   0.000017366   0.000017438
      2058.0   0.000002444   0.000002455
      2059.0   0.000000000   0.000000000
      2060.0   0.000007291   0.000007330
      2061.0   0.000037229   0.000037416
      2062.0   0.000034240   0.000034417
      2063.0   0.000000000   0.000000000
      2064.0   0.000035701   0.000035900
      2065.0   0.000003567   0.000003588
      2066.0   0.000000000   0.000000000
      2067.0   0.000018437   0.000018547
      2068.0   0.000031845   0.000032029
      2069.0   0.000000000   0.000000000
      2070.0   0.000000000   0.000000000
      2071.0   0.000014416   0.000014494
      2072.0   0.000039832   0.000040025
      2073.0   0.000012958   0.000013025
      2074.0   0.000006714   0.000006751
      2075.0   0.000038325   0.000038505
      2076.0   0.000000000   0.000000000
      2077.0   0.000000000   0.000000000
      2078.0   0.000061960   0.000062206
      2079.0   0.000055197   0.000055393
      2080.0   0.000041514   0.000041684
      2081.0   0.000021328   0.000021386
      2082.0   0.000042137   0.000042236
      2083.0   0.000026782   0.000026827
      2084.0   0.000027785   0.000027827
      2085.0   0.000035352   0.000035375
      2086.0   0.000037396   0.000037394
      2087.0   0.000060884   0.000060848
      2088.0   0.000068331   0.000068246
      2089.0   0.000062606   0.000062464
      2090.0   0.000042104   0.000041980
      2091.0   0.000104377   0.000104028
      2092.0   0.000090068   0.000089674
      2093.0   0.000066996   0.000066677
      2094.0   0.000129190   0.000128438
      2095.0   0.000108129   0.000107431
      2096.0   0.000089096   0.000088427
      2097.0   0.000091442   0.000090700
      2098.0   0.000132212   0.000131102
      2099.0   0.000167500   0.000165801
      2100.0   0.000151566   0.000149845
      2101.0   0.000175773   0.000173730
      2102.0   0.000175496   0.000173257
      2103.0   0.000127025   0.000125293
      2104.0   0.000195326   0.000192461
      2105.0   0.000219811   0.000216478
      2106.0   0.000189292   0.000186227
      2107.0   0.000170799   0.000167796
      2108.0   0.000227257   0.000223061
      2109.0   0.000225277   0.000220972
      2110.0   0.000203202   0.000199176
      2111.0   0.000192412   0.000188363
      2112.0   0.000207082   0.000202306
      2113.0   0.000270407   0.000264084
      2114.0   0.000222137   0.000216872
      2115.0   0.000221995   0.000216657
      2116.0   0.000143068   0.000139366
      2117.0   0.000193688   0.000188524
      2118.0   0.000181054   0.000176188
      2119.0   0.000192766   0.000187409
      2120.0   0.000221218   0.000215059
      2121.0   0.000198913   0.000193083
      2122.0   0.000150415   0.000145914
      2123.0   0.000165823   0.000160740
      2124.0   0.000188054   0.000182063
      2125.0   0.000189060   0.000183116
      2126.0   0.000144589   0.000139869
      2127.0   0.000130455   0.000126131
      2128.0   0.000139407   0.000134795
      2129.0   0.000148224   0.000143152
      2130.0   0.000096322   0.000093046
      2131.0   0.000122834   0.000118556
      2132.0   0.000175728   0.000169501
      2133.0   0.000134470   0.000129686
      2134.0   0.000126796   0.000122327
      2135.0   0.000101404   0.000097922
      2136.0   0.000149767   0.000144543
      2137.0   0.000138990   0.000134141
      2138.0   0.000093178   0.000089886
      2139.0   0.000118283   0.000114163
      2140.0   0.000134416   0.000129909
      2141.0   0.000136023   0.000131430
      2142.0   0.000116013   0.000112089
      2143.0   0.000109289   0.000105667
      2144.0   0.000138043   0.000133490
      2145.0   0.000116500   0.000112773
      2146.0   0.000035045   0.000033975
      2147.0   0.000100262   0.000097248
      2148.0   0.000143218   0.000139142
      2149.0   0.000164794   0.000160266
      2150.0   0.000111694   0.000108683
      2151.0   0.000112982   0.000110027
      2152.0   0.000118396   0.000115573
      2153.0   0.000116345   0.000113748
      2154.0   0.000111187   0.000108811
      2155.0   0.000080437   0.000078872
      2156.0   0.000104346   0.000102497
      2157.0   0.000172809   0.000170084
      2158.0   0.000187778   0.000185106
      2159.0   0.000184051   0.000181860
      2160.0   0.000180153   0.000178451
      2161.0   0.000177817   0.000176537
      2162.0   0.000195316   0.000194252
      2163.0   0.000188023   0.000187489
      2164.0   0.000164525   0.000164554
      2165.0   0.000187894   0.000188387
      2166.0   0.000238784   0.000240233
      2167.0   0.000235007   0.000236978
      2168.0   0.000192224   0.000194432
      2169.0   0.000209969   0.000213001
      2170.0   0.000293889   0.000299293
      2171.0   0.000253927   0.000259346
      2172.0   0.000276639   0.000283539
      2173.0   0.000286914   0.000295120
      2174.0   0.000319398   0.000329492
      2175.0   0.000372879   0.000385868
      2176.0   0.000413299   0.000429356
      2177.0   0.000394635   0.000411871
      2178.0   0.000423657   0.000443851
      2179.0   0.000481803   0.000506807
      2180.0   0.000488330   0.000515643
      2181.0   0.000458110   0.000485575
      2182.0   0.000520347   0.000554227
      2183.0   0.000562306   0.000601069
      2184.0   0.000577887   0.000620136
      2185.0   0.000640827   0.000690992
      2186.0   0.000660761   0.000715690
      2187.0   0.000656606   0.000713572
      2188.0   0.000718252   0.000784325
      2189.0   0.000767372   0.000842205
      2190.0   0.000718033   0.000791377
      2191.0   0.000719116   0.000795974
      2192.0   0.000809957   0.000900703
      2193.0   0.000806234   0.000900498
      2194.0   0.000793459   0.000890050
      2195.0   0.000846848   0.000953810
      2196.0   0.000810162   0.000916053
      2197.0   0.000764721   0.000869326
      2198.0   0.000810612   0.000926070
      2199.0   0.000853638   0.000980176
      2200.0   0.000820748   0.000945887
      2201.0   0.000767395   0.000888237
      2202.0   0.000753774   0.000877011
      2203.0   0.000740186   0.000865966
      2204.0   0.000655487   0.000769598
      2205.0   0.000660462   0.000778632
      2206.0   0.000715397   0.000846996
      2207.0   0.000668974   0.000795584
      2208.0   0.000597365   0.000713735
      2209.0   0.000597631   0.000717257
      2210.0   0.000572407   0.000690147
      2211.0   0.000526002   0.000637129
      2212.0   0.000499564   0.000607966
      2213.0   0.000516560   0.000631284
      2214.0   0.000480525   0.000589339
      2215.0   0.000403777   0.000496936
      2216.0   0.000402099   0.000496998
      2217.0   0.000431503   0.000535603
      2218.0   0.000421798   0.000525900
      2219.0   0.000372124   0.000465897
      2220.0   0.000308236   0.000387045
      2221.0   0.000310552   0.000391492
      2222.0   0.000321010   0.000406299
      2223.0   0.000299594   0.000380376
      2224.0   0.000289412   0.000368624
      2225.0   0.000260196   0.000332623
      2226.0   0.000249775   0.000320768
      2227.0   0.000258918   0.000333642
      2228.0   0.000263730   0.000340791
      2229.0   0.000264381   0.000342885
      2230.0   0.000222132   0.000288887
      2231.0   0.000195558   0.000255033
      2232.0   0.000229497   0.000300171
      2233.0   0.000215607   0.000282831
      2234.0   0.000195886   0.000257843
      2235.0   0.000229549   0.000302907
      2236.0   0.000202037   0.000267240
      2237.0   0.000146234   0.000193979
      2238.0   0.000187088   0.000248923
      2239.0   0.000165871   0.000221207
      2240.0   0.000184424   0.000246510
      2241.0   0.000235725   0.000315766
      2242.0   0.000197468   0.000265185
      2243.0   0.000175024   0.000235454
      2244.0   0.000141877   0.000191213
      2245.0   0.000147675   0.000199485
      2246.0   0.000180843   0.000244598
      2247.0   0.000161367   0.000218490
      2248.0   0.000133197   0.000180647
      2249.0   0.000156409   0.000212480
      2250.0   0.000173892   0.000236560
      2251.0   0.000163275   0.000222448
      2252.0   0.000172474   0.000235366
      2253.0   0.000148395   0.000202818
      2254.0   0.000137457   0.000188032
      2255.0   0.000141964   0.000194353
      2256.0   0.000145890   0.000199825
      2257.0   0.000150581   0.000206253
      2258.0   0.000113763   0.000155873
      2259.0   0.000124628   0.000170910
      2260.0   0.000169510   0.000232506
      2261.0   0.000152987   0.000209727
      2262.0   0.000201756   0.000276628
      2263.0   0.000172889   0.000237192
      2264.0   0.000143650   0.000197078
      2265.0   0.000191559   0.000262642
      2266.0   0.000134923   0.000184804
      2267.0   0.000127122   0.000174045
      2268.0   0.000144427   0.000197544
      2269.0   0.000120726   0.000164884
      2270.0   0.000134437   0.000183439
      2271.0   0.000133067   0.000181434
      2272.0   0.000162817   0.000221710
      2273.0   0.000131945   0.000179405
      2274.0   0.000121960   0.000165618
      2275.0   0.000174623   0.000236801
      2276.0   0.000124791   0.000168853
      2277.0   0.000154077   0.000207904
      2278.0   0.000175205   0.000235791
      2279.0   0.000100855   0.000135375
      2280.0   0.000151702   0.000203185
      2281.0   0.000162374   0.000217046
      2282.0   0.000158961   0.000211799
      2283.0   0.000198011   0.000262830
      2284.0   0.000145460   0.000192418
      2285.0   0.000120046   0.000158419
      2286.0   0.000073185   0.000096307
      2287.0   0.000178658   0.000234248
      2288.0   0.000134655   0.000175860
      2289.0   0.000129722   0.000168635
      2290.0   0.000165525   0.000214256
      2291.0   0.000198422   0.000255812
      2292.0   0.000195648   0.000250984
      2293.0   0.000202545   0.000258641
      2294.0   0.000125655   0.000159646
      2295.0   0.000124379   0.000157145
      2296.0   0.000125842   0.000158109
      2297.0   0.000242351   0.000303004
      2298.0   0.000200865   0.000249830
      2299.0   0.000086209   0.000106597
      2300.0   0.000120967   0.000148659
      2301.0   0.000116281   0.000142071
      2302.0   0.000223150   0.000270914
      2303.0   0.000176777   0.000213184
      2304.0   0.000128234   0.000153635
      2305.0   0.000164192   0.000195421
      2306.0   0.000098654   0.000116700
      2307.0   0.000099963   0.000117509
      2308.0   0.000213109   0.000248762
      2309.0   0.000174174   0.000201818
      2310.0   0.000154403   0.000177654
      2311.0   0.000152564   0.000174304
      2312.0   0.000136985   0.000155386
      2313.0   0.000083419   0.000093885
      2314.0   0.000223836   0.000250084
      2315.0   0.000166449   0.000184720
      2316.0   0.000153050   0.000168507
      2317.0   0.000142908   0.000156094
      2318.0   0.000103230   0.000111917
      2319.0   0.000073757   0.000079304
      2320.0   0.000219452   0.000234274
      2321.0   0.000167719   0.000177754
      2322.0   0.000115678   0.000121667
      2323.0   0.000149880   0.000156465
      2324.0   0.000166898   0.000172964
      2325.0   0.000215337   0.000221650
      2326.0   0.000091946   0.000093930
      2327.0   0.000162931   0.000165210
      2328.0   0.000113118   0.000113843
      2329.0   0.000060550   0.000060489
      2330.0   0.000197014   0.000195508
      2331.0   0.000214490   0.000211409
      2332.0   0.000132497   0.000129801
      2333.0   0.000126135   0.000122693
      2334.0   0.000147928   0.000142906
      2335.0   0.000187690   0.000180257
      2336.0   0.000196555   0.000187736
      2337.0   0.000132949   0.000126279
      2338.0   0.000146865   0.000138655
      2339.0   0.000237551   0.000222997
      2340.0   0.000211879   0.000197881
      2341.0   0.000075967   0.000070656
      2342.0   0.000188542   0.000174443
      2343.0   0.000137378   0.000126578
      2344.0   0.000197980   0.000181581
      2345.0   0.000135950   0.000124248
      2346.0   0.000136365   0.000124260
      2347.0   0.000173971   0.000158085
      2348.0   0.000209361   0.000189531
      2349.0   0.000142713   0.000128890
      2350.0   0.000230811   0.000208197
      2351.0   0.000163301   0.000147086
      2352.0   0.000149778   0.000134808
      2353.0   0.000172052   0.000154649
      2354.0   0.000177571   0.000159411
      2355.0   0.000113967   0.000102255
      2356.0   0.000158369   0.000142150
      2357.0   0.000238795   0.000214654
      2358.0   0.000158551   0.000142651
      2359.0   0.000129792   0.000116791
      2360.0   0.000271106   0.000244355
      2361.0   0.000151850   0.000137133
      2362.0   0.000145300   0.000131508
      2363.0   0.000156092   0.000141716
      2364.0   0.000105279   0.000095807
      2365.0   0.000186597   0.000170372
      2366.0   0.000094190   0.000086409
      2367.0   0.000105923   0.000097411
      2368.0   0.000140430   0.000129639
      2369.0   0.000243652   0.000226092
      2370.0   0.000174568   0.000162828
      2371.0   0.000127413   0.000119411
      2372.0   0.000098929   0.000093208
      2373.0   0.000139432   0.000132168
      2374.0   0.000140402   0.000133869
      2375.0   0.000033365   0.000032027
      2376.0   0.000162542   0.000156967
      2377.0   0.000135153   0.000131450
      2378.0   0.000131192   0.000128563
      2379.0   0.000084179   0.000083186
      2380.0   0.000107146   0.000106625
      2381.0   0.000084033   0.000084283
      2382.0   0.000069907   0.000070816
      2383.0   0.000072898   0.000074384
      2384.0   0.000110125   0.000113388
      2385.0   0.000120284   0.000124895
      2386.0   0.000085809   0.000090003
      2387.0   0.000062860   0.000066440
      2388.0   0.000040984   0.000043725
      2389.0   0.000080324   0.000086668
      2390.0   0.000086264   0.000093952
      2391.0   0.000100896   0.000111095
      2392.0   0.000047511   0.000052777
      2393.0   0.000134834   0.000150940
      2394.0   0.000061129   0.000069253
      2395.0   0.000115667   0.000132394
      2396.0   0.000023379   0.000027077
      2397.0   0.000017367   0.000020321
      2398.0   0.000039192   0.000046369
      2399.0   0.000066921   0.000080185
      2400.0   0.000002500   0.000003020
      2401.0   0.000062234   0.000076063
      2402.0   0.000066747   0.000082441
      2403.0   0.000058118   0.000072545
      2404.0   0.000008404   0.000010627
      2405.0   0.000031211   0.000039990
      2406.0   0.000053028   0.000068688
      2407.0   0.000079646   0.000104359
      2408.0   0.000036284   0.000048019
      2409.0   0.000032008   0.000042892
      2410.0   0.000000000   0.000000000
      2411.0   0.000065081   0.000089563
      2412.0   0.000024205   0.000033624
      2413.0   0.000047617   0.000066978
      2414.0   0.000007958   0.000011338
      2415.0   0.000036783   0.000053051
      2416.0   0.000079435   0.000115943
      2417.0   0.000000000   0.000000000
      2418.0   0.000028907   0.000043131
      2419.0   0.000006497   0.000009800
      2420.0   0.000034961   0.000053502
      2421.0   0.000027780   0.000043162
      2422.0   0.000043350   0.000068215
      2423.0   0.000018230   0.000028983
      2424.0   0.000000000   0.000000000
      2425.0   0.000025623   0.000041768
      2426.0   0.000000000   0.000000000
      2427.0   0.000018969   0.000031745
      2428.0   0.000025976   0.000043969
      2429.0   0.000002963   0.000005066
      2430.0   0.000013503   0.000023422
      2431.0   0.000000000   0.000000000
      2432.0   0.000019226   0.000034088
      2433.0   0.000001615   0.000002905
      2434.0   0.000047725   0.000086972
      2435.0   0.000015040   0.000027766
      2436.0   0.000000000   0.000000000
      2437.0   0.000000000   0.000000000
      2438.0   0.000022379   0.000042779
      2439.0   0.000064437   0.000124836
      2440.0   0.000039686   0.000077604
      2441.0   0.000029482   0.000058390
      2442.0   0.000000000   0.000000000
      2443.0   0.000038200   0.000077826
      2444.0   0.000011877   0.000024371
      2445.0   0.000040795   0.000084615
      2446.0   0.000000000   0.000000000
      2447.0   0.000000000   0.000000000
      2448.0   0.000002238   0.000004815
      2449.0   0.000023911   0.000051789
      2450.0   0.000041431   0.000091323
      2451.0   0.000004028   0.000008988
      2452.0   0.000000000   0.000000000
      2453.0   0.000014389   0.000032775
      2454.0   0.000000000   0.000000000
      2455.0   0.000000000   0.000000000
      2456.0   0.000034500   0.000081253
      2457.0   0.000046397   0.000110305
      2458.0   0.000007457   0.000017920
      2459.0   0.000000000   0.000000000
      2460.0   0.000007715   0.000018952
      2461.0   0.000046694   0.000115833
      2462.0   0.000021116   0.000052863
      2463.0   0.000000771   0.000001949
      2464.0   0.000038051   0.000097480
      2465.0   0.000016117   0.000041635
      2466.0   0.000000000   0.000000000
      2467.0   0.000007989   0.000021020
      2468.0   0.000009761   0.000025937
      2469.0   0.000006524   0.000017491
      2470.0   0.000000000   0.000000000
      2471.0   0.000006533   0.000017819
      2472.0   0.000000000   0.000000000
      2473.0   0.000000000   0.000000000
      2474.0   0.000020734   0.000057807
      2475.0   0.000000000   0.000000000
      2476.0   0.000014708   0.000041630
      2477.0   0.000007005   0.000019964
      2478.0   0.000000000   0.000000000
      2479.0   0.000012889   0.000037113
      2480.0   0.000000000   0.000000000
      2481.0   0.000000000   0.000000000
      2482.0   0.000018523   0.000054354
      2483.0   0.000013743   0.000040504
      2484.0   0.000000000   0.000000000
      2485.0   0.000016063   0.000047830
      2486.0   0.000009183   0.000027412
      2487.0   0.000044327   0.000132864
      2488.0   0.000028870   0.000086923
      2489.0   0.000009327   0.000028100
      2490.0   0.000000000   0.000000000
      2491.0   0.000015828   0.000047914
      2492.0   0.000020892   0.000063410
      2493.0   0.000055628   0.000168746
      2494.0   0.000010934   0.000033212
      2495.0   0.000001431   0.000004345
      2496.0   0.000000000   0.000000000
      2497.0   0.000012148   0.000036849
      2498.0   0.000000000   0.000000000
      2499.0   0.000019886   0.000060339
      2500.0   0.000003346   0.000010140
      2501.0   0.000000000   0.000000000
      2502.0   0.000009120   0.000027390
      2503.0   0.000000000   0.000000000
      2504.0   0.000000000   0.000000000
      2505.0   0.000013549   0.000040261
      2506.0   0.000068456   0.000202767
      2507.0   0.000015637   0.000046204
      2508.0   0.000000000   0.000000000
      2509.0   0.000000000   0.000000000
      2510.0   0.000002130   0.000006164
      2511.0   0.000024162   0.000069517
      2512.0   0.000000000   0.000000000
      2513.0   0.000000000   0.000000000
      2514.0   0.000004147   0.000011618
      2515.0   0.000021894   0.000060943
      2516.0   0.000000000   0.000000000
      2517.0   0.000000000   0.000000000
      2518.0   0.000024717   0.000066865
      2519.0   0.000072508   0.000193895
      2520.0   0.000000000   0.000000000
      2521.0   0.000000000   0.000000000
      2522.0   0.000000000   0.000000000
      2523.0   0.000030073   0.000077086
      2524.0   0.000037644   0.000095377
      2525.0   0.000000000   0.000000000
      2526.0   0.000000000   0.000000000
      2527.0   0.000000000   0.000000000
      2528.0   0.000019259   0.000046040
      2529.0   0.000000000   0.000000000
      2530.0   0.000000000   0.000000000
      2531.0   0.000000000   0.000000000
      2532.0   0.000010485   0.000023585
      2533.0   0.000046488   0.000102844
      2534.0   0.000018779   0.000040889
      2535.0   0.000002098   0.000004491
      2536.0   0.000000000   0.000000000
      2537.0   0.000042269   0.000087644
      2538.0   0.000076558   0.000156189
      2539.0   0.000004606   0.000009239
      2540.0   0.000000000   0.000000000
      2541.0   0.000000000   0.000000000
      2542.0   0.000000000   0.000000000
      2543.0   0.000028672   0.000053423
      2544.0   0.000049422   0.000090027
      2545.0   0.000046022   0.000082057
      2546.0   0.000000000   0.000000000
      2547.0   0.000000000   0.000000000
      2548.0   0.000000000   0.000000000
      2549.0   0.000000000   0.000000000
      2550.0   0.000000000   0.000000000
      2551.0   0.000031126   0.000049344
      2552.0   0.000006625   0.000010345
      2553.0   0.000020653   0.000031756
      2554.0   0.000053756   0.000081208
      2555.0   0.000040043   0.000059560
      2556.0   0.000016243   0.000023778
      2557.0   0.000005349   0.000007675
      2558.0   0.000000000   0.000000000
      2559.0   0.000000000   0.000000000
      2560.0   0.000058638   0.000078710
      2561.0   0.000000106   0.000000140
      2562.0   0.000017103   0.000021961
      2563.0   0.000040098   0.000050280
      2564.0   0.000000000   0.000000000
      2565.0   0.000000000   0.000000000
      2566.0   0.000003457   0.000004037
      2567.0   0.000000000   0.000000000
      2568.0   0.000054119   0.000060400
      2569.0   0.000034747   0.000037986
      2570.0   0.000010205   0.000010957
      2571.0   0.000000000   0.000000000
      2572.0   0.000000000   0.000000000
      2573.0   0.000012398   0.000012585
      2574.0   0.000029592   0.000029472
      2575.0   0.000017063   0.000016671
      2576.0   0.000095117   0.000091316
      2577.0   0.000097508   0.000092046
      2578.0   0.000000000   0.000000000
      2579.0   0.000000000   0.000000000
      2580.0   0.000057877   0.000051501
      2581.0   0.000000000   0.000000000
      2582.0   0.000000000   0.000000000
      2583.0   0.000002330   0.000001947
      2584.0   0.000036939   0.000030237
      2585.0   0.000070153   0.000056172
      2586.0   0.000041970   0.000032819
      2587.0   0.000001297   0.000000991
      2588.0   0.000085472   0.000063897
      2589.0   0.000000000   0.000000000
      2590.0   0.000100350   0.000072327
      2591.0   0.000123664   0.000087290
      2592.0   0.000150419   0.000103706
      2593.0   0.000000000   0.000000000
      2594.0   0.000000000   0.000000000
      2595.0   0.000000000   0.000000000
      2596.0   0.000000000   0.000000000
      2597.0   0.000073640   0.000046157
      2598.0   0.000207718   0.000127796
      2599.0   0.000123549   0.000074626
      2600.0   0.000000000   0.000000000
      2601.0   0.000000000   0.000000000
      2602.0   0.000000000   0.000000000
      2603.0   0.000000000   0.000000000
      2604.0   0.000140687   0.000078167
      2605.0   0.000000000   0.000000000
      2606.0   0.000144281   0.000077506
      2607.0   0.000052668   0.000027819
      2608.0   0.000159764   0.000082967
      2609.0   0.000032490   0.000016596
      2610.0   0.000000000   0.000000000
      2611.0   0.000033851   0.000016646
      2612.0   0.000000000   0.000000000
      2613.0   0.000004349   0.000002079
      2614.0   0.000035980   0.000016971
      2615.0   0.000000000   0.000000000
      2616.0   0.000155878   0.000071489
      2617.0   0.000000000   0.000000000
      2618.0   0.000000000   0.000000000
      2619.0   0.000000000   0.000000000
      2620.0   0.000074357   0.000032492
      2621.0   0.000000000   0.000000000
      2622.0   0.000051058   0.000021752
      2623.0   0.000263118   0.000110528
      2624.0   0.000091073   0.000037732
      2625.0   0.000000000   0.000000000
      2626.0   0.000000000   0.000000000
      2627.0   0.000000000   0.000000000
      2628.0   0.000268759   0.000106689
      2629.0   0.000098523   0.000038656
      2630.0   0.000065730   0.000025542
      2631.0   0.000000000   0.000000000
      2632.0   0.000122728   0.000046831
      2633.0   0.000000000   0.000000000
      2634.0   0.000042686   0.000015987
      2635.0   0.000136428   0.000050773
      2636.0   0.000103716   0.000038244
      2637.0   0.000000000   0.000000000
      2638.0   0.000000000   0.000000000
      2639.0   0.000313011   0.000113888
      2640.0   0.000143338   0.000052010
      2641.0   0.000114970   0.000041529
      2642.0   0.000000000   0.000000000
      2643.0   0.000000000   0.000000000
      2644.0   0.000003072   0.000001093
      2645.0   0.000000000   0.000000000
      2646.0   0.000211692   0.000074682
      2647.0   0.000360271   0.000126539
      2648.0   0.000000000   0.000000000
      2649.0   0.000000000   0.000000000
      2650.0   0.000033448   0.000011611
      2651.0   0.000096926   0.000033538
      2652.0   0.000000000   0.000000000
      2653.0   0.000000000   0.000000000
      2654.0   0.000246917   0.000084581
      2655.0   0.000295425   0.000100993
      2656.0   0.000000000   0.000000000
      2657.0   0.000000000   0.000000000
      2658.0   0.000118700   0.000040352
      2659.0   0.000000000   0.000000000
      2660.0   0.000189910   0.000064441
      2661.0   0.000149230   0.000050769
      2662.0   0.000000000   0.000000000
      2663.0   0.000000000   0.000000000
      2664.0   0.000060762   0.000020767
      2665.0   0.000048278   0.000016642
      2666.0   0.000000000   0.000000000
      2667.0   0.031418338   0.010796724
      2668.0   0.000000000   0.000000000
      2669.0   0.000024160   0.000008220
      2670.0   0.000008781   0.000002990
      2671.0   0.013158411   0.004494376
      2672.0   0.000000000   0.000000000
      2673.0   0.000000388   0.000000136
      2674.0   0.004178311   0.001473401
      2675.0   0.000000000   0.000000000
      2676.0   0.006320828   0.002192830
      2677.0   0.006281780   0.002187242
      2678.0   0.006299902   0.002233966
      2679.0   0.006280487   0.002221229
      2680.0   0.006262468   0.002206286
      2681.0   0.006235454   0.002219571
      2682.0   0.006199804   0.002180577
      2683.0   0.006160329   0.002156224
      2684.0   0.006166450   0.002162626
      2685.0   0.006137208   0.002160111
      2686.0   0.006121869   0.002241694
      2687.0   0.006053613   0.002215778
      2688.0   0.006005413   0.002232421
      2689.0   0.006008438   0.002271546
      2690.0   0.006016551   0.002190172
      2691.0   0.005971367   0.002204801
      2692.0   0.006014015   0.002244699
      2693.0   0.005997750   0.002207046
      2694.0   0.006007311   0.002224796
      2695.0   0.005923972   0.002037716
      2696.0   0.005965705   0.001824530
      2697.0   0.006080327   0.001624185
      2698.0   0.005965839   0.001370352
      2699.0   0.006139919   0.001188124
      2700.0   0.006396767   0.001013801
