#                                                          
# SPHERE/IRDIS NB N_CntH filter transmission               
#                                                          
# Updated with final values on 2015-04-16 by Arthur Vigan  
# For any information, please contact <arthur.vigan@lam.fr>
#                                                          
# wavelength   N_CntH                                      
#                                                          
       400.0   0.000000000
       401.0   0.000000000
       402.0   0.000000027
       403.0   0.000000036
       404.0   0.000000034
       405.0   0.000000051
       406.0   0.000000009
       407.0   0.000000028
       408.0   0.000000037
       409.0   0.000000000
       410.0   0.000000000
       411.0   0.000000000
       412.0   0.000000000
       413.0   0.000000072
       414.0   0.000000095
       415.0   0.000000033
       416.0   0.000000043
       417.0   0.000000000
       418.0   0.000000000
       419.0   0.000000000
       420.0   0.000000000
       421.0   0.000000000
       422.0   0.000000071
       423.0   0.000000161
       424.0   0.000000088
       425.0   0.000000000
       426.0   0.000000000
       427.0   0.000000000
       428.0   0.000000000
       429.0   0.000000020
       430.0   0.000000026
       431.0   0.000000029
       432.0   0.000000038
       433.0   0.000000000
       434.0   0.000000003
       435.0   0.000000004
       436.0   0.000000000
       437.0   0.000000005
       438.0   0.000000054
       439.0   0.000000063
       440.0   0.000000021
       441.0   0.000000027
       442.0   0.000000040
       443.0   0.000000054
       444.0   0.000000000
       445.0   0.000000000
       446.0   0.000000047
       447.0   0.000000113
       448.0   0.000000067
       449.0   0.000000018
       450.0   0.000000024
       451.0   0.000000000
       452.0   0.000000000
       453.0   0.000000000
       454.0   0.000000000
       455.0   0.000000027
       456.0   0.000000035
       457.0   0.000000000
       458.0   0.000000019
       459.0   0.000000025
       460.0   0.000000025
       461.0   0.000000064
       462.0   0.000000042
       463.0   0.000000006
       464.0   0.000000008
       465.0   0.000000000
       466.0   0.000000000
       467.0   0.000000000
       468.0   0.000000000
       469.0   0.000000000
       470.0   0.000000011
       471.0   0.000000015
       472.0   0.000000030
       473.0   0.000000040
       474.0   0.000000000
       475.0   0.000000000
       476.0   0.000000036
       477.0   0.000000080
       478.0   0.000000046
       479.0   0.000000005
       480.0   0.000000000
       481.0   0.000000014
       482.0   0.000000033
       483.0   0.000000035
       484.0   0.000000021
       485.0   0.000000025
       486.0   0.000000033
       487.0   0.000000029
       488.0   0.000000048
       489.0   0.000000033
       490.0   0.000000027
       491.0   0.000000000
       492.0   0.000000000
       493.0   0.000000004
       494.0   0.000000005
       495.0   0.000000000
       496.0   0.000000041
       497.0   0.000000054
       498.0   0.000000000
       499.0   0.000000006
       500.0   0.000000008
       501.0   0.000000008
       502.0   0.000000010
       503.0   0.000000000
       504.0   0.000000017
       505.0   0.000000041
       506.0   0.000000024
       507.0   0.000000000
       508.0   0.000000000
       509.0   0.000000023
       510.0   0.000000035
       511.0   0.000000035
       512.0   0.000000039
       513.0   0.000000008
       514.0   0.000000011
       515.0   0.000000000
       516.0   0.000000000
       517.0   0.000000000
       518.0   0.000000000
       519.0   0.000000009
       520.0   0.000000051
       521.0   0.000000088
       522.0   0.000000070
       523.0   0.000000033
       524.0   0.000000004
       525.0   0.000000029
       526.0   0.000000077
       527.0   0.000000051
       528.0   0.000000038
       529.0   0.000000071
       530.0   0.000000037
       531.0   0.000000028
       532.0   0.000000030
       533.0   0.000000012
       534.0   0.000000024
       535.0   0.000000032
       536.0   0.000000035
       537.0   0.000000080
       538.0   0.000000044
       539.0   0.000000057
       540.0   0.000000076
       541.0   0.000000000
       542.0   0.000000003
       543.0   0.000000004
       544.0   0.000000000
       545.0   0.000000000
       546.0   0.000000059
       547.0   0.000000138
       548.0   0.000000080
       549.0   0.000000000
       550.0   0.000000000
       551.0   0.000000015
       552.0   0.000000020
       553.0   0.000000049
       554.0   0.000000065
       555.0   0.000000006
       556.0   0.000000009
       557.0   0.000000000
       558.0   0.000000038
       559.0   0.000000050
       560.0   0.000000000
       561.0   0.000000000
       562.0   0.000000000
       563.0   0.000000000
       564.0   0.000000000
       565.0   0.000000000
       566.0   0.000000048
       567.0   0.000000064
       568.0   0.000000000
       569.0   0.000000032
       570.0   0.000000043
       571.0   0.000000000
       572.0   0.000000000
       573.0   0.000000000
       574.0   0.000000000
       575.0   0.000000000
       576.0   0.000000009
       577.0   0.000000109
       578.0   0.000000127
       579.0   0.000000001
       580.0   0.000000001
       581.0   0.000000000
       582.0   0.000000028
       583.0   0.000000038
       584.0   0.000000000
       585.0   0.000000003
       586.0   0.000000004
       587.0   0.000000000
       588.0   0.000000000
       589.0   0.000000000
       590.0   0.000000035
       591.0   0.000000047
       592.0   0.000000005
       593.0   0.000000024
       594.0   0.000000023
       595.0   0.000000000
       596.0   0.000000028
       597.0   0.000000037
       598.0   0.000000045
       599.0   0.000000060
       600.0   0.000000000
       601.0   0.000000012
       602.0   0.000000035
       603.0   0.000000046
       604.0   0.000000027
       605.0   0.000000000
       606.0   0.000000000
       607.0   0.000000000
       608.0   0.000000000
       609.0   0.000000013
       610.0   0.000000026
       611.0   0.000000031
       612.0   0.000000049
       613.0   0.000000072
       614.0   0.000000054
       615.0   0.000000003
       616.0   0.000000003
       617.0   0.000000027
       618.0   0.000000036
       619.0   0.000000064
       620.0   0.000000238
       621.0   0.000000438
       622.0   0.000000401
       623.0   0.000000202
       624.0   0.000000113
       625.0   0.000000024
       626.0   0.000000085
       627.0   0.000000071
       628.0   0.000000016
       629.0   0.000000021
       630.0   0.000000040
       631.0   0.000000054
       632.0   0.000000009
       633.0   0.000000218
       634.0   0.000000864
       635.0   0.000001879
       636.0   0.000002513
       637.0   0.000001921
       638.0   0.000000914
       639.0   0.000000496
       640.0   0.000000393
       641.0   0.000000360
       642.0   0.000000420
       643.0   0.000000396
       644.0   0.000000383
       645.0   0.000000441
       646.0   0.000000562
       647.0   0.000000884
       648.0   0.000001000
       649.0   0.000000771
       650.0   0.000000522
       651.0   0.000000303
       652.0   0.000000114
       653.0   0.000000028
       654.0   0.000000037
       655.0   0.000000034
       656.0   0.000000057
       657.0   0.000000049
       658.0   0.000000074
       659.0   0.000000054
       660.0   0.000000054
       661.0   0.000000085
       662.0   0.000000103
       663.0   0.000000130
       664.0   0.000000078
       665.0   0.000000000
       666.0   0.000000000
       667.0   0.000000034
       668.0   0.000000072
       669.0   0.000000035
       670.0   0.000000000
       671.0   0.000000028
       672.0   0.000000038
       673.0   0.000000000
       674.0   0.000000059
       675.0   0.000000093
       676.0   0.000000095
       677.0   0.000000099
       678.0   0.000000000
       679.0   0.000000000
       680.0   0.000000000
       681.0   0.000000000
       682.0   0.000000017
       683.0   0.000000029
       684.0   0.000000009
       685.0   0.000000000
       686.0   0.000000000
       687.0   0.000000004
       688.0   0.000000005
       689.0   0.000000000
       690.0   0.000000000
       691.0   0.000000003
       692.0   0.000000049
       693.0   0.000000060
       694.0   0.000000000
       695.0   0.000000000
       696.0   0.000000000
       697.0   0.000000000
       698.0   0.000000057
       699.0   0.000000075
       700.0   0.000000023
       701.0   0.000000100
       702.0   0.000000091
       703.0   0.000000022
       704.0   0.000000029
       705.0   0.000000000
       706.0   0.000000002
       707.0   0.000000014
       708.0   0.000000016
       709.0   0.000000024
       710.0   0.000000032
       711.0   0.000000000
       712.0   0.000000000
       713.0   0.000000000
       714.0   0.000000025
       715.0   0.000000033
       716.0   0.000000000
       717.0   0.000000000
       718.0   0.000000000
       719.0   0.000000000
       720.0   0.000000025
       721.0   0.000000052
       722.0   0.000000025
       723.0   0.000000000
       724.0   0.000000000
       725.0   0.000000039
       726.0   0.000000052
       727.0   0.000000000
       728.0   0.000000033
       729.0   0.000000043
       730.0   0.000000000
       731.0   0.000000000
       732.0   0.000000053
       733.0   0.000000070
       734.0   0.000000000
       735.0   0.000000000
       736.0   0.000000000
       737.0   0.000000000
       738.0   0.000000000
       739.0   0.000000085
       740.0   0.000000112
       741.0   0.000000027
       742.0   0.000000036
       743.0   0.000000000
       744.0   0.000000000
       745.0   0.000000037
       746.0   0.000000049
       747.0   0.000000000
       748.0   0.000000000
       749.0   0.000000004
       750.0   0.000000033
       751.0   0.000000037
       752.0   0.000000028
       753.0   0.000000037
       754.0   0.000000000
       755.0   0.000000046
       756.0   0.000000079
       757.0   0.000000024
       758.0   0.000000000
       759.0   0.000000001
       760.0   0.000000075
       761.0   0.000000101
       762.0   0.000000005
       763.0   0.000000066
       764.0   0.000000087
       765.0   0.000000019
       766.0   0.000000055
       767.0   0.000000039
       768.0   0.000000000
       769.0   0.000000000
       770.0   0.000000032
       771.0   0.000000042
       772.0   0.000000000
       773.0   0.000000000
       774.0   0.000000044
       775.0   0.000000058
       776.0   0.000000048
       777.0   0.000000063
       778.0   0.000000000
       779.0   0.000000017
       780.0   0.000000023
       781.0   0.000000000
       782.0   0.000000033
       783.0   0.000000060
       784.0   0.000000071
       785.0   0.000000065
       786.0   0.000000000
       787.0   0.000000000
       788.0   0.000000000
       789.0   0.000000000
       790.0   0.000000091
       791.0   0.000000120
       792.0   0.000000000
       793.0   0.000000001
       794.0   0.000000001
       795.0   0.000000012
       796.0   0.000000016
       797.0   0.000000000
       798.0   0.000000000
       799.0   0.000000000
       800.0   0.000000022
       801.0   0.000000029
       802.0   0.000000000
       803.0   0.000000000
       804.0   0.000000000
       805.0   0.000000000
       806.0   0.000000035
       807.0   0.000000065
       808.0   0.000000025
       809.0   0.000000091
       810.0   0.000000176
       811.0   0.000000075
       812.0   0.000000039
       813.0   0.000000073
       814.0   0.000000089
       815.0   0.000000143
       816.0   0.000000084
       817.0   0.000000051
       818.0   0.000000068
       819.0   0.000000011
       820.0   0.000000014
       821.0   0.000000000
       822.0   0.000000000
       823.0   0.000000000
       824.0   0.000000000
       825.0   0.000000000
       826.0   0.000000000
       827.0   0.000000007
       828.0   0.000000067
       829.0   0.000000076
       830.0   0.000000000
       831.0   0.000000048
       832.0   0.000000087
       833.0   0.000000030
       834.0   0.000000002
       835.0   0.000000025
       836.0   0.000000073
       837.0   0.000000058
       838.0   0.000000000
       839.0   0.000000039
       840.0   0.000000114
       841.0   0.000000083
       842.0   0.000000000
       843.0   0.000000078
       844.0   0.000000104
       845.0   0.000000000
       846.0   0.000000000
       847.0   0.000000242
       848.0   0.000000402
       849.0   0.000000256
       850.0   0.000000195
       851.0   0.000000000
       852.0   0.000000000
       853.0   0.000000000
       854.0   0.000000014
       855.0   0.000000019
       856.0   0.000000000
       857.0   0.000000061
       858.0   0.000000081
       859.0   0.000000000
       860.0   0.000000000
       861.0   0.000000000
       862.0   0.000000000
       863.0   0.000000000
       864.0   0.000000000
       865.0   0.000000000
       866.0   0.000000212
       867.0   0.000000482
       868.0   0.000000267
       869.0   0.000000000
       870.0   0.000000445
       871.0   0.000000590
       872.0   0.000000552
       873.0   0.000000732
       874.0   0.000000921
       875.0   0.000001221
       876.0   0.000000000
       877.0   0.000000000
       878.0   0.000000000
       879.0   0.000001184
       880.0   0.000001569
       881.0   0.000000199
       882.0   0.000001267
       883.0   0.000002476
       884.0   0.000002088
       885.0   0.000000754
       886.0   0.000000000
       887.0   0.000000000
       888.0   0.000000898
       889.0   0.000001733
       890.0   0.000002088
       891.0   0.000002069
       892.0   0.000000337
       893.0   0.000000000
       894.0   0.000000000
       895.0   0.000002112
       896.0   0.000006763
       897.0   0.000008307
       898.0   0.000004047
       899.0   0.000002222
       900.0   0.000004932
       901.0   0.000007193
       902.0   0.000009534
       903.0   0.000004628
       904.0   0.000000000
       905.0   0.000000000
       906.0   0.000002468
       907.0   0.000003272
       908.0   0.000002376
       909.0   0.000003150
       910.0   0.000000000
       911.0   0.000001409
       912.0   0.000002290
       913.0   0.000000559
       914.0   0.000000000
       915.0   0.000000000
       916.0   0.000001642
       917.0   0.000002177
       918.0   0.000000000
       919.0   0.000000000
       920.0   0.000000000
       921.0   0.000000000
       922.0   0.000001304
       923.0   0.000006054
       924.0   0.000005734
       925.0   0.000000000
       926.0   0.000005251
       927.0   0.000007205
       928.0   0.000000325
       929.0   0.000000000
       930.0   0.000000000
       931.0   0.000000000
       932.0   0.000000000
       933.0   0.000000000
       934.0   0.000000452
       935.0   0.000004597
       936.0   0.000005300
       937.0   0.000004017
       938.0   0.000005326
       939.0   0.000000034
       940.0   0.000000045
       941.0   0.000003118
       942.0   0.000005112
       943.0   0.000001298
       944.0   0.000000959
       945.0   0.000003619
       946.0   0.000003113
       947.0   0.000000298
       948.0   0.000000395
       949.0   0.000000000
       950.0   0.000000169
       951.0   0.000002521
       952.0   0.000003045
       953.0   0.000001800
       954.0   0.000002386
       955.0   0.000001591
       956.0   0.000003316
       957.0   0.000001600
       958.0   0.000000000
       959.0   0.000001860
       960.0   0.000003221
       961.0   0.000001003
       962.0   0.000000535
       963.0   0.000000709
       964.0   0.000003465
       965.0   0.000004593
       966.0   0.000001606
       967.0   0.000002129
       968.0   0.000000000
       969.0   0.000000000
       970.0   0.000000667
       971.0   0.000004551
       972.0   0.000004861
       973.0   0.000000000
       974.0   0.000003701
       975.0   0.000004906
       976.0   0.000005661
       977.0   0.000007504
       978.0   0.000000000
       979.0   0.000002179
       980.0   0.000002889
       981.0   0.000000000
       982.0   0.000003377
       983.0   0.000004857
       984.0   0.000002856
       985.0   0.000003757
       986.0   0.000002980
       987.0   0.000005804
       988.0   0.000003948
       989.0   0.000000000
       990.0   0.000000000
       991.0   0.000000000
       992.0   0.000000000
       993.0   0.000000620
       994.0   0.000000822
       995.0   0.000000000
       996.0   0.000001132
       997.0   0.000001501
       998.0   0.000004659
       999.0   0.000006176
      1000.0   0.000000000
      1001.0   0.000002508
      1002.0   0.000003488
      1003.0   0.000002562
      1004.0   0.000005597
      1005.0   0.000003299
      1006.0   0.000000000
      1007.0   0.000002177
      1008.0   0.000002886
      1009.0   0.000000000
      1010.0   0.000001737
      1011.0   0.000002303
      1012.0   0.000000000
      1013.0   0.000000259
      1014.0   0.000003532
      1015.0   0.000004228
      1016.0   0.000004065
      1017.0   0.000005388
      1018.0   0.000000000
      1019.0   0.000000000
      1020.0   0.000004308
      1021.0   0.000005711
      1022.0   0.000004850
      1023.0   0.000009180
      1024.0   0.000003647
      1025.0   0.000004424
      1026.0   0.000005863
      1027.0   0.000001794
      1028.0   0.000002378
      1029.0   0.000000000
      1030.0   0.000002141
      1031.0   0.000005457
      1032.0   0.000003472
      1033.0   0.000000000
      1034.0   0.000001563
      1035.0   0.000004006
      1036.0   0.000002565
      1037.0   0.000000855
      1038.0   0.000001133
      1039.0   0.000005363
      1040.0   0.000008281
      1041.0   0.000001669
      1042.0   0.000000151
      1043.0   0.000000000
      1044.0   0.000002474
      1045.0   0.000007769
      1046.0   0.000007619
      1047.0   0.000002212
      1048.0   0.000000000
      1049.0   0.000001326
      1050.0   0.000005333
      1051.0   0.000004739
      1052.0   0.000000610
      1053.0   0.000004795
      1054.0   0.000005590
      1055.0   0.000000928
      1056.0   0.000000695
      1057.0   0.000000000
      1058.0   0.000001245
      1059.0   0.000001651
      1060.0   0.000000000
      1061.0   0.000000000
      1062.0   0.000000000
      1063.0   0.000002801
      1064.0   0.000006758
      1065.0   0.000007049
      1066.0   0.000004802
      1067.0   0.000003292
      1068.0   0.000002938
      1069.0   0.000000397
      1070.0   0.000000527
      1071.0   0.000000000
      1072.0   0.000003916
      1073.0   0.000005189
      1074.0   0.000000679
      1075.0   0.000000910
      1076.0   0.000000165
      1077.0   0.000000202
      1078.0   0.000000000
      1079.0   0.000004567
      1080.0   0.000007469
      1081.0   0.000003469
      1082.0   0.000003659
      1083.0   0.000002496
      1084.0   0.000000586
      1085.0   0.000000000
      1086.0   0.000000000
      1087.0   0.000002060
      1088.0   0.000007485
      1089.0   0.000006302
      1090.0   0.000001365
      1091.0   0.000001809
      1092.0   0.000000503
      1093.0   0.000001367
      1094.0   0.000003315
      1095.0   0.000003163
      1096.0   0.000000000
      1097.0   0.000000000
      1098.0   0.000002368
      1099.0   0.000004786
      1100.0   0.000003721
      1101.0   0.000002036
      1102.0   0.000001785
      1103.0   0.000002366
      1104.0   0.000000000
      1105.0   0.000000000
      1106.0   0.000000000
      1107.0   0.000000523
      1108.0   0.000001315
      1109.0   0.000000824
      1110.0   0.000002353
      1111.0   0.000005229
      1112.0   0.000004325
      1113.0   0.000002026
      1114.0   0.000000000
      1115.0   0.000001620
      1116.0   0.000005475
      1117.0   0.000004411
      1118.0   0.000002570
      1119.0   0.000003405
      1120.0   0.000000000
      1121.0   0.000001687
      1122.0   0.000002236
      1123.0   0.000004445
      1124.0   0.000005891
      1125.0   0.000000000
      1126.0   0.000000000
      1127.0   0.000000000
      1128.0   0.000001113
      1129.0   0.000001475
      1130.0   0.000000000
      1131.0   0.000000009
      1132.0   0.000002414
      1133.0   0.000003685
      1134.0   0.000000664
      1135.0   0.000000000
      1136.0   0.000002099
      1137.0   0.000004362
      1138.0   0.000002094
      1139.0   0.000000011
      1140.0   0.000000014
      1141.0   0.000000000
      1142.0   0.000000000
      1143.0   0.000000000
      1144.0   0.000001128
      1145.0   0.000001495
      1146.0   0.000000000
      1147.0   0.000000257
      1148.0   0.000002090
      1149.0   0.000002318
      1150.0   0.000000000
      1151.0   0.000000000
      1152.0   0.000003410
      1153.0   0.000004519
      1154.0   0.000000494
      1155.0   0.000001541
      1156.0   0.000001947
      1157.0   0.000002212
      1158.0   0.000001578
      1159.0   0.000005387
      1160.0   0.000007139
      1161.0   0.000000840
      1162.0   0.000001113
      1163.0   0.000001535
      1164.0   0.000002034
      1165.0   0.000000000
      1166.0   0.000001463
      1167.0   0.000001939
      1168.0   0.000000000
      1169.0   0.000004329
      1170.0   0.000008039
      1171.0   0.000003051
      1172.0   0.000000000
      1173.0   0.000002518
      1174.0   0.000003338
      1175.0   0.000001328
      1176.0   0.000001760
      1177.0   0.000001779
      1178.0   0.000002357
      1179.0   0.000000322
      1180.0   0.000000951
      1181.0   0.000000695
      1182.0   0.000000000
      1183.0   0.000000000
      1184.0   0.000002671
      1185.0   0.000003540
      1186.0   0.000001262
      1187.0   0.000001673
      1188.0   0.000003784
      1189.0   0.000006368
      1190.0   0.000004953
      1191.0   0.000005073
      1192.0   0.000001173
      1193.0   0.000000847
      1194.0   0.000001123
      1195.0   0.000000374
      1196.0   0.000000496
      1197.0   0.000000000
      1198.0   0.000001099
      1199.0   0.000005028
      1200.0   0.000007137
      1201.0   0.000003440
      1202.0   0.000002274
      1203.0   0.000002566
      1204.0   0.000001350
      1205.0   0.000002025
      1206.0   0.000000664
      1207.0   0.000000465
      1208.0   0.000000913
      1209.0   0.000001210
      1210.0   0.000000000
      1211.0   0.000000320
      1212.0   0.000000425
      1213.0   0.000002985
      1214.0   0.000003956
      1215.0   0.000002446
      1216.0   0.000006556
      1217.0   0.000004394
      1218.0   0.000003300
      1219.0   0.000008391
      1220.0   0.000008164
      1221.0   0.000003809
      1222.0   0.000000059
      1223.0   0.000001957
      1224.0   0.000002594
      1225.0   0.000002787
      1226.0   0.000003693
      1227.0   0.000001464
      1228.0   0.000001940
      1229.0   0.000000321
      1230.0   0.000002809
      1231.0   0.000003158
      1232.0   0.000000000
      1233.0   0.000003385
      1234.0   0.000004486
      1235.0   0.000003056
      1236.0   0.000007768
      1237.0   0.000004927
      1238.0   0.000000000
      1239.0   0.000000712
      1240.0   0.000002803
      1241.0   0.000002464
      1242.0   0.000002763
      1243.0   0.000005002
      1244.0   0.000006778
      1245.0   0.000006628
      1246.0   0.000000000
      1247.0   0.000002984
      1248.0   0.000005559
      1249.0   0.000004042
      1250.0   0.000005129
      1251.0   0.000003433
      1252.0   0.000000000
      1253.0   0.000002966
      1254.0   0.000003930
      1255.0   0.000000151
      1256.0   0.000002094
      1257.0   0.000002510
      1258.0   0.000003425
      1259.0   0.000004540
      1260.0   0.000001995
      1261.0   0.000002643
      1262.0   0.000001057
      1263.0   0.000002945
      1264.0   0.000002047
      1265.0   0.000004540
      1266.0   0.000006017
      1267.0   0.000001077
      1268.0   0.000005906
      1269.0   0.000006136
      1270.0   0.000000266
      1271.0   0.000000000
      1272.0   0.000000000
      1273.0   0.000000191
      1274.0   0.000000253
      1275.0   0.000002440
      1276.0   0.000004141
      1277.0   0.000001331
      1278.0   0.000001022
      1279.0   0.000001870
      1280.0   0.000000979
      1281.0   0.000000000
      1282.0   0.000004579
      1283.0   0.000006069
      1284.0   0.000000000
      1285.0   0.000002381
      1286.0   0.000003481
      1287.0   0.000000431
      1288.0   0.000002374
      1289.0   0.000007026
      1290.0   0.000005141
      1291.0   0.000000547
      1292.0   0.000006066
      1293.0   0.000008117
      1294.0   0.000001376
      1295.0   0.000000000
      1296.0   0.000000000
      1297.0   0.000000000
      1298.0   0.000001519
      1299.0   0.000003768
      1300.0   0.000002325
      1301.0   0.000000094
      1302.0   0.000001122
      1303.0   0.000004389
      1304.0   0.000004489
      1305.0   0.000005304
      1306.0   0.000008263
      1307.0   0.000002624
      1308.0   0.000000000
      1309.0   0.000000467
      1310.0   0.000000974
      1311.0   0.000003558
      1312.0   0.000004092
      1313.0   0.000001457
      1314.0   0.000005349
      1315.0   0.000004529
      1316.0   0.000000000
      1317.0   0.000000000
      1318.0   0.000000000
      1319.0   0.000000000
      1320.0   0.000000934
      1321.0   0.000001238
      1322.0   0.000000311
      1323.0   0.000004962
      1324.0   0.000007107
      1325.0   0.000003920
      1326.0   0.000006392
      1327.0   0.000005384
      1328.0   0.000005513
      1329.0   0.000009082
      1330.0   0.000005993
      1331.0   0.000000844
      1332.0   0.000003174
      1333.0   0.000012104
      1334.0   0.000013786
      1335.0   0.000008853
      1336.0   0.000008641
      1337.0   0.000003631
      1338.0   0.000000000
      1339.0   0.000002470
      1340.0   0.000005686
      1341.0   0.000005666
      1342.0   0.000003273
      1343.0   0.000000000
      1344.0   0.000001220
      1345.0   0.000001617
      1346.0   0.000000000
      1347.0   0.000000000
      1348.0   0.000000000
      1349.0   0.000000000
      1350.0   0.000000181
      1351.0   0.000000389
      1352.0   0.000001840
      1353.0   0.000002600
      1354.0   0.000001334
      1355.0   0.000001027
      1356.0   0.000000636
      1357.0   0.000000843
      1358.0   0.000005701
      1359.0   0.000007555
      1360.0   0.000000358
      1361.0   0.000000474
      1362.0   0.000000000
      1363.0   0.000000000
      1364.0   0.000000000
      1365.0   0.000000000
      1366.0   0.000001321
      1367.0   0.000001914
      1368.0   0.000000494
      1369.0   0.000000368
      1370.0   0.000000162
      1371.0   0.000000215
      1372.0   0.000000000
      1373.0   0.000000000
      1374.0   0.000000936
      1375.0   0.000001240
      1376.0   0.000000000
      1377.0   0.000000000
      1378.0   0.000000013
      1379.0   0.000001436
      1380.0   0.000004299
      1381.0   0.000005652
      1382.0   0.000006694
      1383.0   0.000004574
      1384.0   0.000001232
      1385.0   0.000004139
      1386.0   0.000004044
      1387.0   0.000000994
      1388.0   0.000001870
      1389.0   0.000003155
      1390.0   0.000004738
      1391.0   0.000004976
      1392.0   0.000000000
      1393.0   0.000001416
      1394.0   0.000004804
      1395.0   0.000003879
      1396.0   0.000000707
      1397.0   0.000002776
      1398.0   0.000002436
      1399.0   0.000000000
      1400.0   0.000000000
      1401.0   0.000000000
      1402.0   0.000000000
      1403.0   0.000002076
      1404.0   0.000002751
      1405.0   0.000000000
      1406.0   0.000002250
      1407.0   0.000004099
      1408.0   0.000001768
      1409.0   0.000004474
      1410.0   0.000005426
      1411.0   0.000000000
      1412.0   0.000003703
      1413.0   0.000006820
      1414.0   0.000002535
      1415.0   0.000005438
      1416.0   0.000007207
      1417.0   0.000000000
      1418.0   0.000000000
      1419.0   0.000000297
      1420.0   0.000000394
      1421.0   0.000000156
      1422.0   0.000001670
      1423.0   0.000003325
      1424.0   0.000002871
      1425.0   0.000001371
      1426.0   0.000000000
      1427.0   0.000000000
      1428.0   0.000000000
      1429.0   0.000000000
      1430.0   0.000001081
      1431.0   0.000001432
      1432.0   0.000001594
      1433.0   0.000002112
      1434.0   0.000000096
      1435.0   0.000000127
      1436.0   0.000000000
      1437.0   0.000000700
      1438.0   0.000005150
      1439.0   0.000005597
      1440.0   0.000000000
      1441.0   0.000000000
      1442.0   0.000000000
      1443.0   0.000002175
      1444.0   0.000002883
      1445.0   0.000001361
      1446.0   0.000004984
      1447.0   0.000004215
      1448.0   0.000002403
      1449.0   0.000005120
      1450.0   0.000007858
      1451.0   0.000009174
      1452.0   0.000007113
      1453.0   0.000005635
      1454.0   0.000006028
      1455.0   0.000007989
      1456.0   0.000000000
      1457.0   0.000001803
      1458.0   0.000004265
      1459.0   0.000004431
      1460.0   0.000002577
      1461.0   0.000000000
      1462.0   0.000000000
      1463.0   0.000000000
      1464.0   0.000000000
      1465.0   0.000000000
      1466.0   0.000000000
      1467.0   0.000000563
      1468.0   0.000001705
      1469.0   0.000001800
      1470.0   0.000002400
      1471.0   0.000004938
      1472.0   0.000006569
      1473.0   0.000005255
      1474.0   0.000001677
      1475.0   0.000004689
      1476.0   0.000007403
      1477.0   0.000002045
      1478.0   0.000002266
      1479.0   0.000009496
      1480.0   0.000013943
      1481.0   0.000007954
      1482.0   0.000004497
      1483.0   0.000007401
      1484.0   0.000009241
      1485.0   0.000005371
      1486.0   0.000009588
      1487.0   0.000012924
      1488.0   0.000014380
      1489.0   0.000017001
      1490.0   0.000013023
      1491.0   0.000005217
      1492.0   0.000004711
      1493.0   0.000011446
      1494.0   0.000013105
      1495.0   0.000013143
      1496.0   0.000016104
      1497.0   0.000013509
      1498.0   0.000008308
      1499.0   0.000012909
      1500.0   0.000014499
      1501.0   0.000012111
      1502.0   0.000013594
      1503.0   0.000019909
      1504.0   0.000021433
      1505.0   0.000018845
      1506.0   0.000022377
      1507.0   0.000024241
      1508.0   0.000023721
      1509.0   0.000028343
      1510.0   0.000029037
      1511.0   0.000031389
      1512.0   0.000037002
      1513.0   0.000034663
      1514.0   0.000039148
      1515.0   0.000051300
      1516.0   0.000052258
      1517.0   0.000059086
      1518.0   0.000066795
      1519.0   0.000071859
      1520.0   0.000077372
      1521.0   0.000085788
      1522.0   0.000094451
      1523.0   0.000098522
      1524.0   0.000116341
      1525.0   0.000132075
      1526.0   0.000147456
      1527.0   0.000167358
      1528.0   0.000190533
      1529.0   0.000221138
      1530.0   0.000260424
      1531.0   0.000295737
      1532.0   0.000340139
      1533.0   0.000397946
      1534.0   0.000464339
      1535.0   0.000544139
      1536.0   0.000642508
      1537.0   0.000765646
      1538.0   0.000909518
      1539.0   0.001092040
      1540.0   0.001314450
      1541.0   0.001586760
      1542.0   0.001938670
      1543.0   0.002397970
      1544.0   0.002992500
      1545.0   0.003748310
      1546.0   0.004724240
      1547.0   0.006015020
      1548.0   0.007772580
      1549.0   0.010205000
      1550.0   0.013565600
      1551.0   0.018190701
      1552.0   0.024659300
      1553.0   0.033833198
      1554.0   0.045329999
      1555.0   0.058673300
      1556.0   0.077251099
      1557.0   0.103997998
      1558.0   0.141646996
      1559.0   0.194849998
      1560.0   0.266259015
      1561.0   0.360819012
      1562.0   0.471756011
      1563.0   0.581125975
      1564.0   0.675495982
      1565.0   0.739039004
      1566.0   0.771282971
      1567.0   0.785345018
      1568.0   0.790576994
      1569.0   0.790371001
      1570.0   0.788569987
      1571.0   0.786394000
      1572.0   0.783814013
      1573.0   0.780695021
      1574.0   0.776916981
      1575.0   0.772352993
      1576.0   0.767780006
      1577.0   0.763975978
      1578.0   0.760461986
      1579.0   0.755541980
      1580.0   0.745024025
      1581.0   0.723297000
      1582.0   0.682439983
      1583.0   0.613444984
      1584.0   0.521681011
      1585.0   0.421135992
      1586.0   0.324295998
      1587.0   0.242746994
      1588.0   0.178632006
      1589.0   0.132514000
      1590.0   0.100088000
      1591.0   0.076446101
      1592.0   0.060063802
      1593.0   0.046708900
      1594.0   0.033838399
      1595.0   0.024901500
      1596.0   0.018656900
      1597.0   0.014122600
      1598.0   0.010846700
      1599.0   0.008398420
      1600.0   0.006516260
      1601.0   0.005178720
      1602.0   0.004167420
      1603.0   0.003369420
      1604.0   0.002754610
      1605.0   0.002260100
      1606.0   0.001864010
      1607.0   0.001555170
      1608.0   0.001307850
      1609.0   0.001102480
      1610.0   0.000936877
      1611.0   0.000793952
      1612.0   0.000677284
      1613.0   0.000586530
      1614.0   0.000507610
      1615.0   0.000440467
      1616.0   0.000379618
      1617.0   0.000335772
      1618.0   0.000297178
      1619.0   0.000259025
      1620.0   0.000226496
      1621.0   0.000202064
      1622.0   0.000181324
      1623.0   0.000156157
      1624.0   0.000140702
      1625.0   0.000136267
      1626.0   0.000122762
      1627.0   0.000100461
      1628.0   0.000087161
      1629.0   0.000083347
      1630.0   0.000075706
      1631.0   0.000069711
      1632.0   0.000060979
      1633.0   0.000057209
      1634.0   0.000054667
      1635.0   0.000050908
      1636.0   0.000047137
      1637.0   0.000038837
      1638.0   0.000032780
      1639.0   0.000031040
      1640.0   0.000032576
      1641.0   0.000033353
      1642.0   0.000026297
      1643.0   0.000018623
      1644.0   0.000018653
      1645.0   0.000017451
      1646.0   0.000022683
      1647.0   0.000024333
      1648.0   0.000022403
      1649.0   0.000019963
      1650.0   0.000016689
      1651.0   0.000010013
      1652.0   0.000004629
      1653.0   0.000010555
      1654.0   0.000012463
      1655.0   0.000012395
      1656.0   0.000018694
      1657.0   0.000014191
      1658.0   0.000010642
      1659.0   0.000009625
      1660.0   0.000009930
      1661.0   0.000010257
      1662.0   0.000007094
      1663.0   0.000010631
      1664.0   0.000007721
      1665.0   0.000007036
      1666.0   0.000007882
      1667.0   0.000003421
      1668.0   0.000002317
      1669.0   0.000001533
      1670.0   0.000005890
      1671.0   0.000009227
      1672.0   0.000006764
      1673.0   0.000003289
      1674.0   0.000004842
      1675.0   0.000003691
      1676.0   0.000003685
      1677.0   0.000004884
      1678.0   0.000006168
      1679.0   0.000008174
      1680.0   0.000000000
      1681.0   0.000003027
      1682.0   0.000004857
      1683.0   0.000001228
      1684.0   0.000000850
      1685.0   0.000000936
      1686.0   0.000001145
      1687.0   0.000002575
      1688.0   0.000001402
      1689.0   0.000000000
      1690.0   0.000008114
      1691.0   0.000011935
      1692.0   0.000001566
      1693.0   0.000000000
      1694.0   0.000001530
      1695.0   0.000004287
      1696.0   0.000005179
      1697.0   0.000002897
      1698.0   0.000000000
      1699.0   0.000002912
      1700.0   0.000010941
      1701.0   0.000010089
      1702.0   0.000002914
      1703.0   0.000002626
      1704.0   0.000004072
      1705.0   0.000005416
      1706.0   0.000001107
      1707.0   0.000001431
      1708.0   0.000006022
      1709.0   0.000007981
      1710.0   0.000000085
      1711.0   0.000003857
      1712.0   0.000007829
      1713.0   0.000007544
      1714.0   0.000006977
      1715.0   0.000006328
      1716.0   0.000006122
      1717.0   0.000001685
      1718.0   0.000000000
      1719.0   0.000001480
      1720.0   0.000003103
      1721.0   0.000002116
      1722.0   0.000000799
      1723.0   0.000000000
      1724.0   0.000003282
      1725.0   0.000004349
      1726.0   0.000000000
      1727.0   0.000000000
      1728.0   0.000003788
      1729.0   0.000005989
      1730.0   0.000001284
      1731.0   0.000000000
      1732.0   0.000000000
      1733.0   0.000000000
      1734.0   0.000000000
      1735.0   0.000000000
      1736.0   0.000002205
      1737.0   0.000002922
      1738.0   0.000000000
      1739.0   0.000003603
      1740.0   0.000005038
      1741.0   0.000000349
      1742.0   0.000003622
      1743.0   0.000004909
      1744.0   0.000000144
      1745.0   0.000000000
      1746.0   0.000001183
      1747.0   0.000001568
      1748.0   0.000000000
      1749.0   0.000002741
      1750.0   0.000003632
      1751.0   0.000000000
      1752.0   0.000000401
      1753.0   0.000002226
      1754.0   0.000002245
      1755.0   0.000000000
      1756.0   0.000000000
      1757.0   0.000000565
      1758.0   0.000003359
      1759.0   0.000003864
      1760.0   0.000001998
      1761.0   0.000003303
      1762.0   0.000002815
      1763.0   0.000005041
      1764.0   0.000005319
      1765.0   0.000000529
      1766.0   0.000003001
      1767.0   0.000005902
      1768.0   0.000002551
      1769.0   0.000000000
      1770.0   0.000002460
      1771.0   0.000004622
      1772.0   0.000003532
      1773.0   0.000002291
      1774.0   0.000004207
      1775.0   0.000005576
      1776.0   0.000001737
      1777.0   0.000004578
      1778.0   0.000004042
      1779.0   0.000001359
      1780.0   0.000002212
      1781.0   0.000003062
      1782.0   0.000000174
      1783.0   0.000003307
      1784.0   0.000004382
      1785.0   0.000003799
      1786.0   0.000006076
      1787.0   0.000001381
      1788.0   0.000000000
      1789.0   0.000000000
      1790.0   0.000000000
      1791.0   0.000000000
      1792.0   0.000002078
      1793.0   0.000007888
      1794.0   0.000006804
      1795.0   0.000001264
      1796.0   0.000003423
      1797.0   0.000002316
      1798.0   0.000000000
      1799.0   0.000000000
      1800.0   0.000000000
      1801.0   0.000001514
      1802.0   0.000002006
      1803.0   0.000000181
      1804.0   0.000000291
      1805.0   0.000001140
      1806.0   0.000001423
      1807.0   0.000002573
      1808.0   0.000004468
      1809.0   0.000001402
      1810.0   0.000000547
      1811.0   0.000002988
      1812.0   0.000003699
      1813.0   0.000000925
      1814.0   0.000000000
      1815.0   0.000000000
      1816.0   0.000000000
      1817.0   0.000002977
      1818.0   0.000005915
      1819.0   0.000002610
      1820.0   0.000003039
      1821.0   0.000005455
      1822.0   0.000001891
      1823.0   0.000000000
      1824.0   0.000001917
      1825.0   0.000002579
      1826.0   0.000004441
      1827.0   0.000005817
      1828.0   0.000004679
      1829.0   0.000006201
      1830.0   0.000000000
      1831.0   0.000000880
      1832.0   0.000001167
      1833.0   0.000000630
      1834.0   0.000000835
      1835.0   0.000000000
      1836.0   0.000000560
      1837.0   0.000001274
      1838.0   0.000002533
      1839.0   0.000005101
      1840.0   0.000003550
      1841.0   0.000000000
      1842.0   0.000002521
      1843.0   0.000003341
      1844.0   0.000000000
      1845.0   0.000001070
      1846.0   0.000002871
      1847.0   0.000004466
      1848.0   0.000004537
      1849.0   0.000003084
      1850.0   0.000005156
      1851.0   0.000007877
      1852.0   0.000005425
      1853.0   0.000000752
      1854.0   0.000000167
      1855.0   0.000000000
      1856.0   0.000001768
      1857.0   0.000003621
      1858.0   0.000001694
      1859.0   0.000000000
      1860.0   0.000000000
      1861.0   0.000000000
      1862.0   0.000000000
      1863.0   0.000000000
      1864.0   0.000004485
      1865.0   0.000007262
      1866.0   0.000001747
      1867.0   0.000000000
      1868.0   0.000003178
      1869.0   0.000007365
      1870.0   0.000004178
      1871.0   0.000000711
      1872.0   0.000001250
      1873.0   0.000001977
      1874.0   0.000002078
      1875.0   0.000000707
      1876.0   0.000001700
      1877.0   0.000001012
      1878.0   0.000000000
      1879.0   0.000001826
      1880.0   0.000004088
      1881.0   0.000002212
      1882.0   0.000000000
      1883.0   0.000000000
      1884.0   0.000000000
      1885.0   0.000001893
      1886.0   0.000002508
      1887.0   0.000000262
      1888.0   0.000000347
      1889.0   0.000000000
      1890.0   0.000000000
      1891.0   0.000003205
      1892.0   0.000004248
      1893.0   0.000000756
      1894.0   0.000005752
      1895.0   0.000006513
      1896.0   0.000002813
      1897.0   0.000006280
      1898.0   0.000003888
      1899.0   0.000001128
      1900.0   0.000002228
      1901.0   0.000000972
      1902.0   0.000000000
      1903.0   0.000000000
      1904.0   0.000000055
      1905.0   0.000000851
      1906.0   0.000001031
      1907.0   0.000000000
      1908.0   0.000002646
      1909.0   0.000003507
      1910.0   0.000000000
      1911.0   0.000000136
      1912.0   0.000000181
      1913.0   0.000000000
      1914.0   0.000000000
      1915.0   0.000001180
      1916.0   0.000004716
      1917.0   0.000005606
      1918.0   0.000003635
      1919.0   0.000002308
      1920.0   0.000000000
      1921.0   0.000000000
      1922.0   0.000001617
      1923.0   0.000002143
      1924.0   0.000001107
      1925.0   0.000001467
      1926.0   0.000000000
      1927.0   0.000000000
      1928.0   0.000000870
      1929.0   0.000001502
      1930.0   0.000003286
      1931.0   0.000006374
      1932.0   0.000003997
      1933.0   0.000000674
      1934.0   0.000000000
      1935.0   0.000000000
      1936.0   0.000001895
      1937.0   0.000003641
      1938.0   0.000001498
      1939.0   0.000002087
      1940.0   0.000002766
      1941.0   0.000000000
      1942.0   0.000000062
      1943.0   0.000000161
      1944.0   0.000000562
      1945.0   0.000000605
      1946.0   0.000000000
      1947.0   0.000001344
      1948.0   0.000003639
      1949.0   0.000007758
      1950.0   0.000007461
      1951.0   0.000004493
      1952.0   0.000006364
      1953.0   0.000001574
      1954.0   0.000000330
      1955.0   0.000004275
      1956.0   0.000005086
      1957.0   0.000003328
      1958.0   0.000004411
      1959.0   0.000000000
      1960.0   0.000000283
      1961.0   0.000000375
      1962.0   0.000000296
      1963.0   0.000000392
      1964.0   0.000003175
      1965.0   0.000004208
      1966.0   0.000006428
      1967.0   0.000010372
      1968.0   0.000002456
      1969.0   0.000000250
      1970.0   0.000000732
      1971.0   0.000002596
      1972.0   0.000006005
      1973.0   0.000004331
      1974.0   0.000000000
      1975.0   0.000000681
      1976.0   0.000004619
      1977.0   0.000004926
      1978.0   0.000000000
      1979.0   0.000000997
      1980.0   0.000005185
      1981.0   0.000005120
      1982.0   0.000000000
      1983.0   0.000000000
      1984.0   0.000001323
      1985.0   0.000001753
      1986.0   0.000003279
      1987.0   0.000004346
      1988.0   0.000000948
      1989.0   0.000001864
      1990.0   0.000001975
      1991.0   0.000001551
      1992.0   0.000001432
      1993.0   0.000001897
      1994.0   0.000001381
      1995.0   0.000003008
      1996.0   0.000001561
      1997.0   0.000000000
      1998.0   0.000000000
      1999.0   0.000000967
      2000.0   0.000001282
      2001.0   0.000000000
      2002.0   0.000000000
      2003.0   0.000000000
      2004.0   0.000003578
      2005.0   0.000004742
      2006.0   0.000001856
      2007.0   0.000002460
      2008.0   0.000000000
      2009.0   0.000000000
      2010.0   0.000000000
      2011.0   0.000001167
      2012.0   0.000002794
      2013.0   0.000001652
      2014.0   0.000000000
      2015.0   0.000000000
      2016.0   0.000000000
      2017.0   0.000000590
      2018.0   0.000000782
      2019.0   0.000000000
      2020.0   0.000000000
      2021.0   0.000000000
      2022.0   0.000000000
      2023.0   0.000003346
      2024.0   0.000005428
      2025.0   0.000001317
      2026.0   0.000000338
      2027.0   0.000002296
      2028.0   0.000002450
      2029.0   0.000000000
      2030.0   0.000000897
      2031.0   0.000001189
      2032.0   0.000003398
      2033.0   0.000005459
      2034.0   0.000003189
      2035.0   0.000005171
      2036.0   0.000003695
      2037.0   0.000000290
      2038.0   0.000001713
      2039.0   0.000005887
      2040.0   0.000004794
      2041.0   0.000002988
      2042.0   0.000003960
      2043.0   0.000000000
      2044.0   0.000000000
      2045.0   0.000000000
      2046.0   0.000001114
      2047.0   0.000001476
      2048.0   0.000000000
      2049.0   0.000000000
      2050.0   0.000002852
      2051.0   0.000004493
      2052.0   0.000000943
      2053.0   0.000000000
      2054.0   0.000000230
      2055.0   0.000002710
      2056.0   0.000006723
      2057.0   0.000004686
      2058.0   0.000000000
      2059.0   0.000003329
      2060.0   0.000005510
      2061.0   0.000002385
      2062.0   0.000001236
      2063.0   0.000000000
      2064.0   0.000002067
      2065.0   0.000008265
      2066.0   0.000008120
      2067.0   0.000001055
      2068.0   0.000000000
      2069.0   0.000001204
      2070.0   0.000001596
      2071.0   0.000000000
      2072.0   0.000000000
      2073.0   0.000000000
      2074.0   0.000000000
      2075.0   0.000000000
      2076.0   0.000000000
      2077.0   0.000000000
      2078.0   0.000000000
      2079.0   0.000001871
      2080.0   0.000002481
      2081.0   0.000000000
      2082.0   0.000000000
      2083.0   0.000000000
      2084.0   0.000000000
      2085.0   0.000004261
      2086.0   0.000005649
      2087.0   0.000000000
      2088.0   0.000000000
      2089.0   0.000000000
      2090.0   0.000000906
      2091.0   0.000003732
      2092.0   0.000003357
      2093.0   0.000000279
      2094.0   0.000003142
      2095.0   0.000004592
      2096.0   0.000003332
      2097.0   0.000002808
      2098.0   0.000000000
      2099.0   0.000000000
      2100.0   0.000003602
      2101.0   0.000005430
      2102.0   0.000000868
      2103.0   0.000000000
      2104.0   0.000000000
      2105.0   0.000001548
      2106.0   0.000002052
      2107.0   0.000003044
      2108.0   0.000004097
      2109.0   0.000001366
      2110.0   0.000001704
      2111.0   0.000003476
      2112.0   0.000007273
      2113.0   0.000005222
      2114.0   0.000003172
      2115.0   0.000006197
      2116.0   0.000006580
      2117.0   0.000000000
      2118.0   0.000001695
      2119.0   0.000002247
      2120.0   0.000001117
      2121.0   0.000004982
      2122.0   0.000004770
      2123.0   0.000000168
      2124.0   0.000000133
      2125.0   0.000000177
      2126.0   0.000000000
      2127.0   0.000000000
      2128.0   0.000000000
      2129.0   0.000002185
      2130.0   0.000002897
      2131.0   0.000000000
      2132.0   0.000000362
      2133.0   0.000000479
      2134.0   0.000000000
      2135.0   0.000001150
      2136.0   0.000001525
      2137.0   0.000000188
      2138.0   0.000000795
      2139.0   0.000002396
      2140.0   0.000002217
      2141.0   0.000000615
      2142.0   0.000000815
      2143.0   0.000000000
      2144.0   0.000000451
      2145.0   0.000000908
      2146.0   0.000002505
      2147.0   0.000005342
      2148.0   0.000005781
      2149.0   0.000003155
      2150.0   0.000003171
      2151.0   0.000004205
      2152.0   0.000003182
      2153.0   0.000009507
      2154.0   0.000007847
      2155.0   0.000001106
      2156.0   0.000000000
      2157.0   0.000000000
      2158.0   0.000000641
      2159.0   0.000004391
      2160.0   0.000006170
      2161.0   0.000001955
      2162.0   0.000000000
      2163.0   0.000001086
      2164.0   0.000001440
      2165.0   0.000002728
      2166.0   0.000003617
      2167.0   0.000000000
      2168.0   0.000000000
      2169.0   0.000000000
      2170.0   0.000001526
      2171.0   0.000002024
      2172.0   0.000000000
      2173.0   0.000000000
      2174.0   0.000000000
      2175.0   0.000000000
      2176.0   0.000002988
      2177.0   0.000005318
      2178.0   0.000006609
      2179.0   0.000006945
      2180.0   0.000000753
      2181.0   0.000000000
      2182.0   0.000000000
      2183.0   0.000000287
      2184.0   0.000000906
      2185.0   0.000002364
      2186.0   0.000004229
      2187.0   0.000005879
      2188.0   0.000007723
      2189.0   0.000004607
      2190.0   0.000002597
      2191.0   0.000003444
      2192.0   0.000000000
      2193.0   0.000001870
      2194.0   0.000002480
      2195.0   0.000000000
      2196.0   0.000000000
      2197.0   0.000000000
      2198.0   0.000000480
      2199.0   0.000003976
      2200.0   0.000006276
      2201.0   0.000005679
      2202.0   0.000006979
      2203.0   0.000003579
      2204.0   0.000000000
      2205.0   0.000000000
      2206.0   0.000000000
      2207.0   0.000000000
      2208.0   0.000000000
      2209.0   0.000000000
      2210.0   0.000002797
      2211.0   0.000003708
      2212.0   0.000000000
      2213.0   0.000000998
      2214.0   0.000001323
      2215.0   0.000001107
      2216.0   0.000003275
      2217.0   0.000003012
      2218.0   0.000000815
      2219.0   0.000000000
      2220.0   0.000000600
      2221.0   0.000004752
      2222.0   0.000009684
      2223.0   0.000005885
      2224.0   0.000000000
      2225.0   0.000001288
      2226.0   0.000001708
      2227.0   0.000003070
      2228.0   0.000004071
      2229.0   0.000004321
      2230.0   0.000005730
      2231.0   0.000000000
      2232.0   0.000002029
      2233.0   0.000003322
      2234.0   0.000002399
      2235.0   0.000002071
      2236.0   0.000000000
      2237.0   0.000002062
      2238.0   0.000002746
      2239.0   0.000003624
      2240.0   0.000004785
      2241.0   0.000000000
      2242.0   0.000000471
      2243.0   0.000002718
      2244.0   0.000002777
      2245.0   0.000000000
      2246.0   0.000000000
      2247.0   0.000004160
      2248.0   0.000005516
      2249.0   0.000000233
      2250.0   0.000000309
      2251.0   0.000000000
      2252.0   0.000006934
      2253.0   0.000009194
      2254.0   0.000000000
      2255.0   0.000000495
      2256.0   0.000000656
      2257.0   0.000000000
      2258.0   0.000000000
      2259.0   0.000000000
      2260.0   0.000000000
      2261.0   0.000000000
      2262.0   0.000000000
      2263.0   0.000000000
      2264.0   0.000000436
      2265.0   0.000003647
      2266.0   0.000005640
      2267.0   0.000002083
      2268.0   0.000000000
      2269.0   0.000000000
      2270.0   0.000000748
      2271.0   0.000002716
      2272.0   0.000002287
      2273.0   0.000001620
      2274.0   0.000002148
      2275.0   0.000000428
      2276.0   0.000000568
      2277.0   0.000000433
      2278.0   0.000001475
      2279.0   0.000002140
      2280.0   0.000004411
      2281.0   0.000005213
      2282.0   0.000004341
      2283.0   0.000004638
      2284.0   0.000001127
      2285.0   0.000000291
      2286.0   0.000000955
      2287.0   0.000004564
      2288.0   0.000004372
      2289.0   0.000000000
      2290.0   0.000000969
      2291.0   0.000001285
      2292.0   0.000000650
      2293.0   0.000005192
      2294.0   0.000006137
      2295.0   0.000000525
      2296.0   0.000002216
      2297.0   0.000002938
      2298.0   0.000001407
      2299.0   0.000003959
      2300.0   0.000002777
      2301.0   0.000000000
      2302.0   0.000001114
      2303.0   0.000001943
      2304.0   0.000000618
      2305.0   0.000001582
      2306.0   0.000002635
      2307.0   0.000003009
      2308.0   0.000003046
      2309.0   0.000002749
      2310.0   0.000006369
      2311.0   0.000003612
      2312.0   0.000000000
      2313.0   0.000003451
      2314.0   0.000007772
      2315.0   0.000004238
      2316.0   0.000001098
      2317.0   0.000001456
      2318.0   0.000000000
      2319.0   0.000000000
      2320.0   0.000000051
      2321.0   0.000000637
      2322.0   0.000000755
      2323.0   0.000001200
      2324.0   0.000001592
      2325.0   0.000000000
      2326.0   0.000000000
      2327.0   0.000000849
      2328.0   0.000003351
      2329.0   0.000003494
      2330.0   0.000002695
      2331.0   0.000002617
      2332.0   0.000001549
      2333.0   0.000003297
      2334.0   0.000001647
      2335.0   0.000000440
      2336.0   0.000005017
      2337.0   0.000007159
      2338.0   0.000001696
      2339.0   0.000003266
      2340.0   0.000004330
      2341.0   0.000000000
      2342.0   0.000000000
      2343.0   0.000000000
      2344.0   0.000000000
      2345.0   0.000000000
      2346.0   0.000001341
      2347.0   0.000004743
      2348.0   0.000003997
      2349.0   0.000001653
      2350.0   0.000002707
      2351.0   0.000000836
      2352.0   0.000000000
      2353.0   0.000001263
      2354.0   0.000001674
      2355.0   0.000000000
      2356.0   0.000001653
      2357.0   0.000002192
      2358.0   0.000004296
      2359.0   0.000005697
      2360.0   0.000000134
      2361.0   0.000000178
      2362.0   0.000001421
      2363.0   0.000001885
      2364.0   0.000000000
      2365.0   0.000000000
      2366.0   0.000000000
      2367.0   0.000002982
      2368.0   0.000004319
      2369.0   0.000000485
      2370.0   0.000002470
      2371.0   0.000008077
      2372.0   0.000006366
      2373.0   0.000000000
      2374.0   0.000000000
      2375.0   0.000000000
      2376.0   0.000000000
      2377.0   0.000001580
      2378.0   0.000002095
      2379.0   0.000000000
      2380.0   0.000000000
      2381.0   0.000001201
      2382.0   0.000005204
      2383.0   0.000010598
      2384.0   0.000007856
      2385.0   0.000000206
      2386.0   0.000000000
      2387.0   0.000002004
      2388.0   0.000002657
      2389.0   0.000000000
      2390.0   0.000000000
      2391.0   0.000000000
      2392.0   0.000000000
      2393.0   0.000001628
      2394.0   0.000002159
      2395.0   0.000001665
      2396.0   0.000002208
      2397.0   0.000002217
      2398.0   0.000002939
      2399.0   0.000006296
      2400.0   0.000008387
      2401.0   0.000002569
      2402.0   0.000006121
      2403.0   0.000003688
      2404.0   0.000002095
      2405.0   0.000004240
      2406.0   0.000001940
      2407.0   0.000000000
      2408.0   0.000000000
      2409.0   0.000003536
      2410.0   0.000004688
      2411.0   0.000000000
      2412.0   0.000000471
      2413.0   0.000000624
      2414.0   0.000000181
      2415.0   0.000004087
      2416.0   0.000005101
      2417.0   0.000000240
      2418.0   0.000000318
      2419.0   0.000000000
      2420.0   0.000000000
      2421.0   0.000003337
      2422.0   0.000004425
      2423.0   0.000000000
      2424.0   0.000000000
      2425.0   0.000002217
      2426.0   0.000004293
      2427.0   0.000001795
      2428.0   0.000001194
      2429.0   0.000001584
      2430.0   0.000000000
      2431.0   0.000000000
      2432.0   0.000005762
      2433.0   0.000010668
      2434.0   0.000004015
      2435.0   0.000001132
      2436.0   0.000001501
      2437.0   0.000000000
      2438.0   0.000000000
      2439.0   0.000004100
      2440.0   0.000006086
      2441.0   0.000000861
      2442.0   0.000000814
      2443.0   0.000001080
      2444.0   0.000000000
      2445.0   0.000000000
      2446.0   0.000000000
      2447.0   0.000000504
      2448.0   0.000000997
      2449.0   0.000000436
      2450.0   0.000000000
      2451.0   0.000000361
      2452.0   0.000000742
      2453.0   0.000000350
      2454.0   0.000000000
      2455.0   0.000000306
      2456.0   0.000000405
      2457.0   0.000000000
      2458.0   0.000000000
      2459.0   0.000000747
      2460.0   0.000000991
      2461.0   0.000000737
      2462.0   0.000004669
      2463.0   0.000004896
      2464.0   0.000000000
      2465.0   0.000000000
      2466.0   0.000000227
      2467.0   0.000001740
      2468.0   0.000005531
      2469.0   0.000007228
      2470.0   0.000004993
      2471.0   0.000002604
      2472.0   0.000000323
      2473.0   0.000004122
      2474.0   0.000006729
      2475.0   0.000005099
      2476.0   0.000005377
      2477.0   0.000001110
      2478.0   0.000000361
      2479.0   0.000000478
      2480.0   0.000002435
      2481.0   0.000005847
      2482.0   0.000003472
      2483.0   0.000001277
      2484.0   0.000001693
      2485.0   0.000000212
      2486.0   0.000003344
      2487.0   0.000004061
      2488.0   0.000000000
      2489.0   0.000002681
      2490.0   0.000003555
      2491.0   0.000000000
      2492.0   0.000001340
      2493.0   0.000004539
      2494.0   0.000006343
      2495.0   0.000003554
      2496.0   0.000003404
      2497.0   0.000010334
      2498.0   0.000008257
      2499.0   0.000004629
      2500.0   0.000007589
      2501.0   0.000003183
      2502.0   0.000001675
      2503.0   0.000002221
      2504.0   0.000000000
      2505.0   0.000004307
      2506.0   0.000005711
      2507.0   0.000000000
      2508.0   0.000000000
      2509.0   0.000000000
      2510.0   0.000001884
      2511.0   0.000002889
      2512.0   0.000000518
      2513.0   0.000000000
      2514.0   0.000003771
      2515.0   0.000006590
      2516.0   0.000004651
      2517.0   0.000004887
      2518.0   0.000002008
      2519.0   0.000000000
      2520.0   0.000000015
      2521.0   0.000004998
      2522.0   0.000006954
      2523.0   0.000000469
      2524.0   0.000000000
      2525.0   0.000002556
      2526.0   0.000004230
      2527.0   0.000003156
      2528.0   0.000003075
      2529.0   0.000002307
      2530.0   0.000002518
      2531.0   0.000000141
      2532.0   0.000000679
      2533.0   0.000003359
      2534.0   0.000003259
      2535.0   0.000000000
      2536.0   0.000002962
      2537.0   0.000003927
      2538.0   0.000001096
      2539.0   0.000003710
      2540.0   0.000002993
      2541.0   0.000001088
      2542.0   0.000005836
      2543.0   0.000005826
      2544.0   0.000000000
      2545.0   0.000000379
      2546.0   0.000001519
      2547.0   0.000002437
      2548.0   0.000009114
      2549.0   0.000010171
      2550.0   0.000003906
      2551.0   0.000011099
      2552.0   0.000007849
      2553.0   0.000002344
      2554.0   0.000003148
      2555.0   0.000000054
      2556.0   0.000003956
      2557.0   0.000011190
      2558.0   0.000007883
      2559.0   0.000000000
      2560.0   0.000000000
      2561.0   0.000000000
      2562.0   0.000000000
      2563.0   0.000004055
      2564.0   0.000010258
      2565.0   0.000009551
      2566.0   0.000008132
      2567.0   0.000005371
      2568.0   0.000000000
      2569.0   0.000000491
      2570.0   0.000003433
      2571.0   0.000005617
      2572.0   0.000003006
      2573.0   0.000000596
      2574.0   0.000000540
      2575.0   0.000000716
      2576.0   0.000006007
      2577.0   0.000007965
      2578.0   0.000001563
      2579.0   0.000002073
      2580.0   0.000000000
      2581.0   0.000000000
      2582.0   0.000001033
      2583.0   0.000001370
      2584.0   0.000000000
      2585.0   0.000002710
      2586.0   0.000010446
      2587.0   0.000009086
      2588.0   0.000002435
      2589.0   0.000003228
      2590.0   0.000000000
      2591.0   0.000002235
      2592.0   0.000002963
      2593.0   0.000000384
      2594.0   0.000002972
      2595.0   0.000003266
      2596.0   0.000000000
      2597.0   0.000001115
      2598.0   0.000012039
      2599.0   0.000017023
      2600.0   0.000006734
      2601.0   0.000003618
      2602.0   0.000000000
      2603.0   0.000000000
      2604.0   0.000004078
      2605.0   0.000010982
      2606.0   0.000010863
      2607.0   0.000009748
      2608.0   0.000006823
      2609.0   0.000007299
      2610.0   0.000014699
      2611.0   0.000019108
      2612.0   0.000018865
      2613.0   0.000003122
      2614.0   0.000005953
      2615.0   0.000017812
      2616.0   0.000015137
      2617.0   0.000003277
      2618.0   0.000000853
      2619.0   0.000009855
      2620.0   0.000015860
      2621.0   0.000016214
      2622.0   0.000016591
      2623.0   0.000004205
      2624.0   0.000005576
      2625.0   0.000007859
      2626.0   0.000014201
      2627.0   0.000010445
      2628.0   0.000007203
      2629.0   0.000010698
      2630.0   0.000023668
      2631.0   0.000024131
      2632.0   0.000020854
      2633.0   0.000011685
      2634.0   0.000007063
      2635.0   0.000006532
      2636.0   0.000021425
      2637.0   0.000024796
      2638.0   0.000011084
      2639.0   0.000015042
      2640.0   0.000024261
      2641.0   0.000031064
      2642.0   0.000034068
      2643.0   0.000038025
      2644.0   0.000036769
      2645.0   0.000027717
      2646.0   0.000030230
      2647.0   0.000020244
      2648.0   0.000008461
      2649.0   0.000015639
      2650.0   0.000020669
      2651.0   0.000019635
      2652.0   0.000000000
      2653.0   0.000000000
      2654.0   0.000000000
      2655.0   0.000000000
      2656.0   0.000000000
      2657.0   0.000000000
      2658.0   0.000000000
      2659.0   0.000000000
      2660.0   0.000000000
      2661.0   0.000000000
      2662.0   0.000000000
      2663.0   0.000000000
      2664.0   0.000000000
      2665.0   0.000000000
      2666.0   0.000000000
      2667.0   0.000000000
      2668.0   0.000000000
      2669.0   0.000000000
      2670.0   0.000000000
      2671.0   0.000000000
      2672.0   0.000000000
      2673.0   0.000000000
      2674.0   0.000000000
      2675.0   0.000000000
      2676.0   0.000000000
      2677.0   0.000000000
      2678.0   0.000000000
      2679.0   0.000000000
      2680.0   0.000000000
      2681.0   0.000000000
      2682.0   0.000000000
      2683.0   0.000000000
      2684.0   0.000000000
      2685.0   0.000000000
      2686.0   0.000000000
      2687.0   0.000000000
      2688.0   0.000000000
      2689.0   0.000000000
      2690.0   0.000000000
      2691.0   0.000000000
      2692.0   0.000000000
      2693.0   0.000000000
      2694.0   0.000000000
      2695.0   0.000000000
      2696.0   0.000000000
      2697.0   0.000000000
      2698.0   0.000000000
      2699.0   0.000000000
      2700.0   0.000000000
