#                                                          
# SPHERE/IRDIS NB N_BrG filter transmission                
#                                                          
# Updated with final values on 2015-04-16 by Arthur Vigan  
# For any information, please contact <arthur.vigan@lam.fr>
#                                                          
# wavelength   N_BrG                                       
#                                                          
       400.0   0.000000216
       401.0   0.000000434
       402.0   0.000000611
       403.0   0.000000633
       404.0   0.000000738
       405.0   0.000000814
       406.0   0.000000847
       407.0   0.000000855
       408.0   0.000000979
       409.0   0.000000918
       410.0   0.000000560
       411.0   0.000000193
       412.0   0.000000038
       413.0   0.000000096
       414.0   0.000000221
       415.0   0.000000816
       416.0   0.000001887
       417.0   0.000002643
       418.0   0.000002543
       419.0   0.000001869
       420.0   0.000001328
       421.0   0.000001021
       422.0   0.000000462
       423.0   0.000000100
       424.0   0.000000086
       425.0   0.000000127
       426.0   0.000000547
       427.0   0.000001119
       428.0   0.000001215
       429.0   0.000000681
       430.0   0.000000285
       431.0   0.000000107
       432.0   0.000000000
       433.0   0.000000000
       434.0   0.000000027
       435.0   0.000000036
       436.0   0.000000000
       437.0   0.000000000
       438.0   0.000000000
       439.0   0.000000000
       440.0   0.000000000
       441.0   0.000000005
       442.0   0.000000025
       443.0   0.000000024
       444.0   0.000000025
       445.0   0.000000049
       446.0   0.000000022
       447.0   0.000000000
       448.0   0.000000000
       449.0   0.000000000
       450.0   0.000000000
       451.0   0.000000000
       452.0   0.000000000
       453.0   0.000000000
       454.0   0.000000000
       455.0   0.000000151
       456.0   0.000000813
       457.0   0.000001534
       458.0   0.000001362
       459.0   0.000000587
       460.0   0.000000068
       461.0   0.000000000
       462.0   0.000000000
       463.0   0.000000000
       464.0   0.000000026
       465.0   0.000000034
       466.0   0.000000021
       467.0   0.000000027
       468.0   0.000000000
       469.0   0.000000000
       470.0   0.000000000
       471.0   0.000000000
       472.0   0.000000000
       473.0   0.000000000
       474.0   0.000000007
       475.0   0.000000056
       476.0   0.000000062
       477.0   0.000000009
       478.0   0.000000183
       479.0   0.000000766
       480.0   0.000002090
       481.0   0.000003455
       482.0   0.000003513
       483.0   0.000002788
       484.0   0.000002340
       485.0   0.000002373
       486.0   0.000002187
       487.0   0.000001460
       488.0   0.000000599
       489.0   0.000000369
       490.0   0.000000798
       491.0   0.000001555
       492.0   0.000002139
       493.0   0.000002395
       494.0   0.000002525
       495.0   0.000002057
       496.0   0.000000955
       497.0   0.000000326
       498.0   0.000000513
       499.0   0.000000999
       500.0   0.000001183
       501.0   0.000000959
       502.0   0.000001348
       503.0   0.000002902
       504.0   0.000003732
       505.0   0.000002598
       506.0   0.000001102
       507.0   0.000000533
       508.0   0.000000482
       509.0   0.000000856
       510.0   0.000001361
       511.0   0.000001067
       512.0   0.000000328
       513.0   0.000000013
       514.0   0.000000000
       515.0   0.000000000
       516.0   0.000000000
       517.0   0.000000000
       518.0   0.000000028
       519.0   0.000000037
       520.0   0.000000000
       521.0   0.000000000
       522.0   0.000000000
       523.0   0.000000000
       524.0   0.000000014
       525.0   0.000000026
       526.0   0.000000010
       527.0   0.000000000
       528.0   0.000000000
       529.0   0.000000000
       530.0   0.000000013
       531.0   0.000000017
       532.0   0.000000000
       533.0   0.000000000
       534.0   0.000000000
       535.0   0.000000000
       536.0   0.000000000
       537.0   0.000000005
       538.0   0.000000006
       539.0   0.000000000
       540.0   0.000000000
       541.0   0.000000000
       542.0   0.000000000
       543.0   0.000000000
       544.0   0.000000000
       545.0   0.000000000
       546.0   0.000000000
       547.0   0.000000000
       548.0   0.000000010
       549.0   0.000000013
       550.0   0.000000000
       551.0   0.000000010
       552.0   0.000000018
       553.0   0.000000032
       554.0   0.000000033
       555.0   0.000000000
       556.0   0.000000000
       557.0   0.000000000
       558.0   0.000000000
       559.0   0.000000000
       560.0   0.000000000
       561.0   0.000000000
       562.0   0.000000000
       563.0   0.000000033
       564.0   0.000000044
       565.0   0.000000000
       566.0   0.000000000
       567.0   0.000000000
       568.0   0.000000000
       569.0   0.000000000
       570.0   0.000000011
       571.0   0.000000018
       572.0   0.000000004
       573.0   0.000000016
       574.0   0.000000022
       575.0   0.000000000
       576.0   0.000000010
       577.0   0.000000013
       578.0   0.000000000
       579.0   0.000000000
       580.0   0.000000000
       581.0   0.000000000
       582.0   0.000000000
       583.0   0.000000000
       584.0   0.000000015
       585.0   0.000000019
       586.0   0.000000000
       587.0   0.000000000
       588.0   0.000000013
       589.0   0.000000017
       590.0   0.000000000
       591.0   0.000000000
       592.0   0.000000043
       593.0   0.000000057
       594.0   0.000000000
       595.0   0.000000010
       596.0   0.000000014
       597.0   0.000000000
       598.0   0.000000000
       599.0   0.000000000
       600.0   0.000000000
       601.0   0.000000000
       602.0   0.000000000
       603.0   0.000000000
       604.0   0.000000118
       605.0   0.000000647
       606.0   0.000001650
       607.0   0.000002352
       608.0   0.000002009
       609.0   0.000001288
       610.0   0.000001031
       611.0   0.000001219
       612.0   0.000001775
       613.0   0.000002754
       614.0   0.000003933
       615.0   0.000004635
       616.0   0.000004195
       617.0   0.000003044
       618.0   0.000002161
       619.0   0.000001712
       620.0   0.000001484
       621.0   0.000001641
       622.0   0.000002306
       623.0   0.000003269
       624.0   0.000004186
       625.0   0.000005186
       626.0   0.000005956
       627.0   0.000005954
       628.0   0.000004980
       629.0   0.000004137
       630.0   0.000003993
       631.0   0.000004079
       632.0   0.000004124
       633.0   0.000004370
       634.0   0.000004708
       635.0   0.000004890
       636.0   0.000005370
       637.0   0.000006465
       638.0   0.000006997
       639.0   0.000006262
       640.0   0.000004984
       641.0   0.000004076
       642.0   0.000003408
       643.0   0.000002495
       644.0   0.000001648
       645.0   0.000001230
       646.0   0.000001272
       647.0   0.000001609
       648.0   0.000001788
       649.0   0.000001787
       650.0   0.000001808
       651.0   0.000001861
       652.0   0.000001841
       653.0   0.000001640
       654.0   0.000001264
       655.0   0.000001182
       656.0   0.000001745
       657.0   0.000002595
       658.0   0.000003700
       659.0   0.000004746
       660.0   0.000005274
       661.0   0.000005356
       662.0   0.000005379
       663.0   0.000005604
       664.0   0.000005823
       665.0   0.000006244
       666.0   0.000007089
       667.0   0.000008278
       668.0   0.000009133
       669.0   0.000008647
       670.0   0.000006546
       671.0   0.000003838
       672.0   0.000001866
       673.0   0.000001052
       674.0   0.000000849
       675.0   0.000000796
       676.0   0.000000769
       677.0   0.000000723
       678.0   0.000000803
       679.0   0.000000848
       680.0   0.000000580
       681.0   0.000000216
       682.0   0.000000018
       683.0   0.000000004
       684.0   0.000000006
       685.0   0.000000001
       686.0   0.000000000
       687.0   0.000000000
       688.0   0.000000000
       689.0   0.000000000
       690.0   0.000000000
       691.0   0.000000000
       692.0   0.000000000
       693.0   0.000000000
       694.0   0.000000000
       695.0   0.000000011
       696.0   0.000000014
       697.0   0.000000021
       698.0   0.000000028
       699.0   0.000000009
       700.0   0.000000012
       701.0   0.000000011
       702.0   0.000000032
       703.0   0.000000023
       704.0   0.000000006
       705.0   0.000000008
       706.0   0.000000000
       707.0   0.000000000
       708.0   0.000000000
       709.0   0.000000000
       710.0   0.000000000
       711.0   0.000000004
       712.0   0.000000005
       713.0   0.000000000
       714.0   0.000000000
       715.0   0.000000000
       716.0   0.000000000
       717.0   0.000000036
       718.0   0.000000048
       719.0   0.000000000
       720.0   0.000000024
       721.0   0.000000032
       722.0   0.000000000
       723.0   0.000000000
       724.0   0.000000000
       725.0   0.000000000
       726.0   0.000000020
       727.0   0.000000044
       728.0   0.000000024
       729.0   0.000000084
       730.0   0.000000765
       731.0   0.000002658
       732.0   0.000005258
       733.0   0.000007070
       734.0   0.000006941
       735.0   0.000004732
       736.0   0.000001964
       737.0   0.000000451
       738.0   0.000000035
       739.0   0.000000047
       740.0   0.000000062
       741.0   0.000000000
       742.0   0.000000002
       743.0   0.000000016
       744.0   0.000000017
       745.0   0.000000000
       746.0   0.000000038
       747.0   0.000000050
       748.0   0.000000000
       749.0   0.000000000
       750.0   0.000000000
       751.0   0.000000000
       752.0   0.000000000
       753.0   0.000000000
       754.0   0.000000048
       755.0   0.000000063
       756.0   0.000000013
       757.0   0.000000017
       758.0   0.000000000
       759.0   0.000000000
       760.0   0.000000000
       761.0   0.000000000
       762.0   0.000000000
       763.0   0.000000000
       764.0   0.000000000
       765.0   0.000000000
       766.0   0.000000000
       767.0   0.000000000
       768.0   0.000000000
       769.0   0.000000000
       770.0   0.000000000
       771.0   0.000000003
       772.0   0.000000004
       773.0   0.000000000
       774.0   0.000000015
       775.0   0.000000032
       776.0   0.000000016
       777.0   0.000000000
       778.0   0.000000000
       779.0   0.000000019
       780.0   0.000000028
       781.0   0.000000003
       782.0   0.000000000
       783.0   0.000000020
       784.0   0.000000171
       785.0   0.000000191
       786.0   0.000000000
       787.0   0.000000000
       788.0   0.000000001
       789.0   0.000000001
       790.0   0.000000095
       791.0   0.000000126
       792.0   0.000000104
       793.0   0.000000183
       794.0   0.000000060
       795.0   0.000000000
       796.0   0.000000078
       797.0   0.000000213
       798.0   0.000000145
       799.0   0.000000060
       800.0   0.000000184
       801.0   0.000000181
       802.0   0.000000056
       803.0   0.000000000
       804.0   0.000000182
       805.0   0.000000244
       806.0   0.000000003
       807.0   0.000000031
       808.0   0.000000208
       809.0   0.000000423
       810.0   0.000000502
       811.0   0.000000895
       812.0   0.000001921
       813.0   0.000003305
       814.0   0.000005291
       815.0   0.000007846
       816.0   0.000009612
       817.0   0.000009981
       818.0   0.000009330
       819.0   0.000008471
       820.0   0.000008231
       821.0   0.000008235
       822.0   0.000007834
       823.0   0.000007730
       824.0   0.000007605
       825.0   0.000006703
       826.0   0.000006111
       827.0   0.000005442
       828.0   0.000004399
       829.0   0.000003059
       830.0   0.000002126
       831.0   0.000001574
       832.0   0.000001036
       833.0   0.000000832
       834.0   0.000000955
       835.0   0.000001131
       836.0   0.000000860
       837.0   0.000001013
       838.0   0.000000886
       839.0   0.000000837
       840.0   0.000001294
       841.0   0.000001774
       842.0   0.000002200
       843.0   0.000002893
       844.0   0.000003738
       845.0   0.000005620
       846.0   0.000007431
       847.0   0.000009519
       848.0   0.000010988
       849.0   0.000009416
       850.0   0.000007319
       851.0   0.000007071
       852.0   0.000006269
       853.0   0.000004945
       854.0   0.000004873
       855.0   0.000004435
       856.0   0.000004339
       857.0   0.000003699
       858.0   0.000003189
       859.0   0.000003331
       860.0   0.000003364
       861.0   0.000004100
       862.0   0.000004467
       863.0   0.000005329
       864.0   0.000005752
       865.0   0.000004122
       866.0   0.000004008
       867.0   0.000005539
       868.0   0.000004402
       869.0   0.000003796
       870.0   0.000005102
       871.0   0.000005751
       872.0   0.000007746
       873.0   0.000010159
       874.0   0.000008555
       875.0   0.000006077
       876.0   0.000005785
       877.0   0.000003920
       878.0   0.000004352
       879.0   0.000008506
       880.0   0.000008317
       881.0   0.000006550
       882.0   0.000006503
       883.0   0.000006674
       884.0   0.000005510
       885.0   0.000000171
       886.0   0.000000000
       887.0   0.000000377
       888.0   0.000006336
       889.0   0.000007785
       890.0   0.000007378
       891.0   0.000012121
       892.0   0.000008082
       893.0   0.000008513
       894.0   0.000007079
       895.0   0.000008224
       896.0   0.000006275
       897.0   0.000009234
       898.0   0.000011749
       899.0   0.000010575
       900.0   0.000005572
       901.0   0.000002401
       902.0   0.000010591
       903.0   0.000012402
       904.0   0.000012331
       905.0   0.000014122
       906.0   0.000012921
       907.0   0.000019860
       908.0   0.000015736
       909.0   0.000017477
       910.0   0.000013235
       911.0   0.000009664
       912.0   0.000016821
       913.0   0.000015508
       914.0   0.000014502
       915.0   0.000017325
       916.0   0.000014204
       917.0   0.000007141
       918.0   0.000008320
       919.0   0.000007018
       920.0   0.000006547
       921.0   0.000013772
       922.0   0.000013890
       923.0   0.000010060
       924.0   0.000007933
       925.0   0.000008087
       926.0   0.000006199
       927.0   0.000007419
       928.0   0.000010662
       929.0   0.000011316
       930.0   0.000014524
       931.0   0.000009672
       932.0   0.000012154
       933.0   0.000016250
       934.0   0.000010731
       935.0   0.000006660
       936.0   0.000006974
       937.0   0.000014995
       938.0   0.000018025
       939.0   0.000021630
       940.0   0.000018440
       941.0   0.000016949
       942.0   0.000025223
       943.0   0.000022813
       944.0   0.000020380
       945.0   0.000017567
       946.0   0.000018428
       947.0   0.000016982
       948.0   0.000018310
       949.0   0.000016126
       950.0   0.000005883
       951.0   0.000010816
       952.0   0.000014644
       953.0   0.000009511
       954.0   0.000007165
       955.0   0.000007332
       956.0   0.000007124
       957.0   0.000006635
       958.0   0.000006997
       959.0   0.000003843
       960.0   0.000001776
       961.0   0.000009817
       962.0   0.000015769
       963.0   0.000009676
       964.0   0.000007986
       965.0   0.000005060
       966.0   0.000013284
       967.0   0.000014169
       968.0   0.000009920
       969.0   0.000009663
       970.0   0.000012628
       971.0   0.000015396
       972.0   0.000019729
       973.0   0.000018363
       974.0   0.000021023
       975.0   0.000021082
       976.0   0.000018132
       977.0   0.000016901
       978.0   0.000018401
       979.0   0.000019504
       980.0   0.000018334
       981.0   0.000019444
       982.0   0.000021782
       983.0   0.000019895
       984.0   0.000015934
       985.0   0.000014885
       986.0   0.000024932
       987.0   0.000024525
       988.0   0.000023792
       989.0   0.000025233
       990.0   0.000020585
       991.0   0.000019029
       992.0   0.000017889
       993.0   0.000020254
       994.0   0.000020343
       995.0   0.000015181
       996.0   0.000012441
       997.0   0.000016583
       998.0   0.000023290
       999.0   0.000018317
      1000.0   0.000021460
      1001.0   0.000021795
      1002.0   0.000016205
      1003.0   0.000011408
      1004.0   0.000004737
      1005.0   0.000002449
      1006.0   0.000010335
      1007.0   0.000011090
      1008.0   0.000002275
      1009.0   0.000011032
      1010.0   0.000018554
      1011.0   0.000015340
      1012.0   0.000014682
      1013.0   0.000015415
      1014.0   0.000011063
      1015.0   0.000012868
      1016.0   0.000015576
      1017.0   0.000022362
      1018.0   0.000022881
      1019.0   0.000019433
      1020.0   0.000021506
      1021.0   0.000020145
      1022.0   0.000023269
      1023.0   0.000018916
      1024.0   0.000015195
      1025.0   0.000015036
      1026.0   0.000015179
      1027.0   0.000019537
      1028.0   0.000023315
      1029.0   0.000020744
      1030.0   0.000018017
      1031.0   0.000019167
      1032.0   0.000020820
      1033.0   0.000019857
      1034.0   0.000013624
      1035.0   0.000010982
      1036.0   0.000013223
      1037.0   0.000015042
      1038.0   0.000016024
      1039.0   0.000015458
      1040.0   0.000012253
      1041.0   0.000007704
      1042.0   0.000007338
      1043.0   0.000012803
      1044.0   0.000012786
      1045.0   0.000012313
      1046.0   0.000009195
      1047.0   0.000008365
      1048.0   0.000014998
      1049.0   0.000017709
      1050.0   0.000012150
      1051.0   0.000007030
      1052.0   0.000010555
      1053.0   0.000016990
      1054.0   0.000018488
      1055.0   0.000017750
      1056.0   0.000022057
      1057.0   0.000017170
      1058.0   0.000014796
      1059.0   0.000015716
      1060.0   0.000015867
      1061.0   0.000020265
      1062.0   0.000021102
      1063.0   0.000017144
      1064.0   0.000018280
      1065.0   0.000020196
      1066.0   0.000025115
      1067.0   0.000022211
      1068.0   0.000016816
      1069.0   0.000020670
      1070.0   0.000021874
      1071.0   0.000018637
      1072.0   0.000015670
      1073.0   0.000019741
      1074.0   0.000018348
      1075.0   0.000021583
      1076.0   0.000020359
      1077.0   0.000012131
      1078.0   0.000016306
      1079.0   0.000018359
      1080.0   0.000011044
      1081.0   0.000016190
      1082.0   0.000015613
      1083.0   0.000009815
      1084.0   0.000005824
      1085.0   0.000005574
      1086.0   0.000015410
      1087.0   0.000011356
      1088.0   0.000000000
      1089.0   0.000000198
      1090.0   0.000003858
      1091.0   0.000011978
      1092.0   0.000014516
      1093.0   0.000011637
      1094.0   0.000009424
      1095.0   0.000003592
      1096.0   0.000005544
      1097.0   0.000007348
      1098.0   0.000004454
      1099.0   0.000005903
      1100.0   0.000000639
      1101.0   0.000004016
      1102.0   0.000004199
      1103.0   0.000005160
      1104.0   0.000006838
      1105.0   0.000002887
      1106.0   0.000010162
      1107.0   0.000010099
      1108.0   0.000006329
      1109.0   0.000009556
      1110.0   0.000013702
      1111.0   0.000013035
      1112.0   0.000006686
      1113.0   0.000009581
      1114.0   0.000011684
      1115.0   0.000010318
      1116.0   0.000008481
      1117.0   0.000009487
      1118.0   0.000010285
      1119.0   0.000009753
      1120.0   0.000010756
      1121.0   0.000018263
      1122.0   0.000012744
      1123.0   0.000012848
      1124.0   0.000019656
      1125.0   0.000019473
      1126.0   0.000011509
      1127.0   0.000002302
      1128.0   0.000009777
      1129.0   0.000017430
      1130.0   0.000008906
      1131.0   0.000002296
      1132.0   0.000009107
      1133.0   0.000013697
      1134.0   0.000012026
      1135.0   0.000009825
      1136.0   0.000008582
      1137.0   0.000005625
      1138.0   0.000006384
      1139.0   0.000014130
      1140.0   0.000012233
      1141.0   0.000010287
      1142.0   0.000015115
      1143.0   0.000008927
      1144.0   0.000007183
      1145.0   0.000008153
      1146.0   0.000005541
      1147.0   0.000008381
      1148.0   0.000006322
      1149.0   0.000007466
      1150.0   0.000004959
      1151.0   0.000003735
      1152.0   0.000008194
      1153.0   0.000008085
      1154.0   0.000010615
      1155.0   0.000015359
      1156.0   0.000012792
      1157.0   0.000007784
      1158.0   0.000004294
      1159.0   0.000000109
      1160.0   0.000002455
      1161.0   0.000008738
      1162.0   0.000011083
      1163.0   0.000007482
      1164.0   0.000003664
      1165.0   0.000003890
      1166.0   0.000009141
      1167.0   0.000009845
      1168.0   0.000006363
      1169.0   0.000006125
      1170.0   0.000010493
      1171.0   0.000011422
      1172.0   0.000016857
      1173.0   0.000015834
      1174.0   0.000012175
      1175.0   0.000010530
      1176.0   0.000012962
      1177.0   0.000011641
      1178.0   0.000009724
      1179.0   0.000008626
      1180.0   0.000013172
      1181.0   0.000013977
      1182.0   0.000007931
      1183.0   0.000003597
      1184.0   0.000009598
      1185.0   0.000015105
      1186.0   0.000015265
      1187.0   0.000010769
      1188.0   0.000006338
      1189.0   0.000001173
      1190.0   0.000007251
      1191.0   0.000015547
      1192.0   0.000015619
      1193.0   0.000015902
      1194.0   0.000011197
      1195.0   0.000011761
      1196.0   0.000014986
      1197.0   0.000014599
      1198.0   0.000015579
      1199.0   0.000013702
      1200.0   0.000011434
      1201.0   0.000011948
      1202.0   0.000016297
      1203.0   0.000019933
      1204.0   0.000013509
      1205.0   0.000008796
      1206.0   0.000015133
      1207.0   0.000019766
      1208.0   0.000017837
      1209.0   0.000017152
      1210.0   0.000017147
      1211.0   0.000018762
      1212.0   0.000009090
      1213.0   0.000009088
      1214.0   0.000017247
      1215.0   0.000012818
      1216.0   0.000016098
      1217.0   0.000018340
      1218.0   0.000018172
      1219.0   0.000015723
      1220.0   0.000006421
      1221.0   0.000007484
      1222.0   0.000008397
      1223.0   0.000008103
      1224.0   0.000006166
      1225.0   0.000007356
      1226.0   0.000010808
      1227.0   0.000014033
      1228.0   0.000010959
      1229.0   0.000016165
      1230.0   0.000017685
      1231.0   0.000012313
      1232.0   0.000018946
      1233.0   0.000018588
      1234.0   0.000013627
      1235.0   0.000013317
      1236.0   0.000019902
      1237.0   0.000020870
      1238.0   0.000020160
      1239.0   0.000014045
      1240.0   0.000017824
      1241.0   0.000021959
      1242.0   0.000022018
      1243.0   0.000016168
      1244.0   0.000013668
      1245.0   0.000017058
      1246.0   0.000017154
      1247.0   0.000021370
      1248.0   0.000025711
      1249.0   0.000023152
      1250.0   0.000021202
      1251.0   0.000020986
      1252.0   0.000011316
      1253.0   0.000008427
      1254.0   0.000012073
      1255.0   0.000017516
      1256.0   0.000015435
      1257.0   0.000012052
      1258.0   0.000017172
      1259.0   0.000017814
      1260.0   0.000007105
      1261.0   0.000010700
      1262.0   0.000010159
      1263.0   0.000007025
      1264.0   0.000006360
      1265.0   0.000001812
      1266.0   0.000003534
      1267.0   0.000003843
      1268.0   0.000004407
      1269.0   0.000002961
      1270.0   0.000007185
      1271.0   0.000009522
      1272.0   0.000004096
      1273.0   0.000005429
      1274.0   0.000002782
      1275.0   0.000003686
      1276.0   0.000000850
      1277.0   0.000001126
      1278.0   0.000001727
      1279.0   0.000006007
      1280.0   0.000006305
      1281.0   0.000003584
      1282.0   0.000004387
      1283.0   0.000003190
      1284.0   0.000002921
      1285.0   0.000006990
      1286.0   0.000006547
      1287.0   0.000003607
      1288.0   0.000003030
      1289.0   0.000005361
      1290.0   0.000007482
      1291.0   0.000006176
      1292.0   0.000011659
      1293.0   0.000014926
      1294.0   0.000017378
      1295.0   0.000017462
      1296.0   0.000019854
      1297.0   0.000024316
      1298.0   0.000022484
      1299.0   0.000018894
      1300.0   0.000016096
      1301.0   0.000020200
      1302.0   0.000020704
      1303.0   0.000017474
      1304.0   0.000018174
      1305.0   0.000014576
      1306.0   0.000012577
      1307.0   0.000013653
      1308.0   0.000014306
      1309.0   0.000011760
      1310.0   0.000013452
      1311.0   0.000013697
      1312.0   0.000009901
      1313.0   0.000009529
      1314.0   0.000011682
      1315.0   0.000008241
      1316.0   0.000008675
      1317.0   0.000004672
      1318.0   0.000004263
      1319.0   0.000007857
      1320.0   0.000011074
      1321.0   0.000005477
      1322.0   0.000002666
      1323.0   0.000004149
      1324.0   0.000006773
      1325.0   0.000010150
      1326.0   0.000015896
      1327.0   0.000007867
      1328.0   0.000010993
      1329.0   0.000017907
      1330.0   0.000011421
      1331.0   0.000006718
      1332.0   0.000004261
      1333.0   0.000001395
      1334.0   0.000006329
      1335.0   0.000012867
      1336.0   0.000010646
      1337.0   0.000013196
      1338.0   0.000013983
      1339.0   0.000012331
      1340.0   0.000010565
      1341.0   0.000009566
      1342.0   0.000015387
      1343.0   0.000015686
      1344.0   0.000014465
      1345.0   0.000021121
      1346.0   0.000027375
      1347.0   0.000022140
      1348.0   0.000022444
      1349.0   0.000025345
      1350.0   0.000016891
      1351.0   0.000011593
      1352.0   0.000011852
      1353.0   0.000005578
      1354.0   0.000001241
      1355.0   0.000002953
      1356.0   0.000003863
      1357.0   0.000000749
      1358.0   0.000001541
      1359.0   0.000003300
      1360.0   0.000001667
      1361.0   0.000003419
      1362.0   0.000004532
      1363.0   0.000001291
      1364.0   0.000002133
      1365.0   0.000002117
      1366.0   0.000002139
      1367.0   0.000000100
      1368.0   0.000001955
      1369.0   0.000002591
      1370.0   0.000000000
      1371.0   0.000000000
      1372.0   0.000000032
      1373.0   0.000000885
      1374.0   0.000001117
      1375.0   0.000000000
      1376.0   0.000000000
      1377.0   0.000000000
      1378.0   0.000000000
      1379.0   0.000000000
      1380.0   0.000000000
      1381.0   0.000000608
      1382.0   0.000004116
      1383.0   0.000004387
      1384.0   0.000000563
      1385.0   0.000005708
      1386.0   0.000006953
      1387.0   0.000000500
      1388.0   0.000002175
      1389.0   0.000002883
      1390.0   0.000000000
      1391.0   0.000000791
      1392.0   0.000001048
      1393.0   0.000000843
      1394.0   0.000001117
      1395.0   0.000000547
      1396.0   0.000001362
      1397.0   0.000004863
      1398.0   0.000006700
      1399.0   0.000001821
      1400.0   0.000001041
      1401.0   0.000002291
      1402.0   0.000001605
      1403.0   0.000000527
      1404.0   0.000001907
      1405.0   0.000002977
      1406.0   0.000003209
      1407.0   0.000003464
      1408.0   0.000000000
      1409.0   0.000000000
      1410.0   0.000000000
      1411.0   0.000000000
      1412.0   0.000005180
      1413.0   0.000006864
      1414.0   0.000001725
      1415.0   0.000002286
      1416.0   0.000000330
      1417.0   0.000001884
      1418.0   0.000001917
      1419.0   0.000000782
      1420.0   0.000001037
      1421.0   0.000000000
      1422.0   0.000000000
      1423.0   0.000001134
      1424.0   0.000002473
      1425.0   0.000001286
      1426.0   0.000000142
      1427.0   0.000000189
      1428.0   0.000002553
      1429.0   0.000005200
      1430.0   0.000003221
      1431.0   0.000001216
      1432.0   0.000001829
      1433.0   0.000003114
      1434.0   0.000001521
      1435.0   0.000001863
      1436.0   0.000001974
      1437.0   0.000000000
      1438.0   0.000000000
      1439.0   0.000003004
      1440.0   0.000004574
      1441.0   0.000000786
      1442.0   0.000000570
      1443.0   0.000000755
      1444.0   0.000000000
      1445.0   0.000002576
      1446.0   0.000003415
      1447.0   0.000000000
      1448.0   0.000000000
      1449.0   0.000001499
      1450.0   0.000001987
      1451.0   0.000000000
      1452.0   0.000000000
      1453.0   0.000000112
      1454.0   0.000000148
      1455.0   0.000000000
      1456.0   0.000001709
      1457.0   0.000003836
      1458.0   0.000002082
      1459.0   0.000001340
      1460.0   0.000001775
      1461.0   0.000000000
      1462.0   0.000000229
      1463.0   0.000000304
      1464.0   0.000003770
      1465.0   0.000006677
      1466.0   0.000003159
      1467.0   0.000001234
      1468.0   0.000000902
      1469.0   0.000002942
      1470.0   0.000002314
      1471.0   0.000000000
      1472.0   0.000001705
      1473.0   0.000002859
      1474.0   0.000002128
      1475.0   0.000002044
      1476.0   0.000002962
      1477.0   0.000003439
      1478.0   0.000000800
      1479.0   0.000001061
      1480.0   0.000000000
      1481.0   0.000000883
      1482.0   0.000005260
      1483.0   0.000005421
      1484.0   0.000000312
      1485.0   0.000001402
      1486.0   0.000003300
      1487.0   0.000002637
      1488.0   0.000000000
      1489.0   0.000002740
      1490.0   0.000003632
      1491.0   0.000000000
      1492.0   0.000000000
      1493.0   0.000001212
      1494.0   0.000001606
      1495.0   0.000000000
      1496.0   0.000000000
      1497.0   0.000000000
      1498.0   0.000000000
      1499.0   0.000003446
      1500.0   0.000006930
      1501.0   0.000003132
      1502.0   0.000001320
      1503.0   0.000001750
      1504.0   0.000000000
      1505.0   0.000001808
      1506.0   0.000003811
      1507.0   0.000002402
      1508.0   0.000001397
      1509.0   0.000002871
      1510.0   0.000004286
      1511.0   0.000004523
      1512.0   0.000002997
      1513.0   0.000000874
      1514.0   0.000001159
      1515.0   0.000000000
      1516.0   0.000000000
      1517.0   0.000003118
      1518.0   0.000004366
      1519.0   0.000003093
      1520.0   0.000003688
      1521.0   0.000000105
      1522.0   0.000000139
      1523.0   0.000001536
      1524.0   0.000003849
      1525.0   0.000002403
      1526.0   0.000000000
      1527.0   0.000000695
      1528.0   0.000002608
      1529.0   0.000002236
      1530.0   0.000000559
      1531.0   0.000004879
      1532.0   0.000005485
      1533.0   0.000000418
      1534.0   0.000000554
      1535.0   0.000003045
      1536.0   0.000004036
      1537.0   0.000000514
      1538.0   0.000000681
      1539.0   0.000000000
      1540.0   0.000000981
      1541.0   0.000001300
      1542.0   0.000001362
      1543.0   0.000001805
      1544.0   0.000000000
      1545.0   0.000000000
      1546.0   0.000002177
      1547.0   0.000002885
      1548.0   0.000000000
      1549.0   0.000003460
      1550.0   0.000005352
      1551.0   0.000001162
      1552.0   0.000000193
      1553.0   0.000001265
      1554.0   0.000003009
      1555.0   0.000003329
      1556.0   0.000002072
      1557.0   0.000001925
      1558.0   0.000002551
      1559.0   0.000000277
      1560.0   0.000000367
      1561.0   0.000000000
      1562.0   0.000000000
      1563.0   0.000002232
      1564.0   0.000005684
      1565.0   0.000003612
      1566.0   0.000000000
      1567.0   0.000000000
      1568.0   0.000002066
      1569.0   0.000006895
      1570.0   0.000005510
      1571.0   0.000002687
      1572.0   0.000004544
      1573.0   0.000002247
      1574.0   0.000002004
      1575.0   0.000001897
      1576.0   0.000002519
      1577.0   0.000001758
      1578.0   0.000001675
      1579.0   0.000002895
      1580.0   0.000000896
      1581.0   0.000004539
      1582.0   0.000008385
      1583.0   0.000003141
      1584.0   0.000004037
      1585.0   0.000009942
      1586.0   0.000006905
      1587.0   0.000001087
      1588.0   0.000003448
      1589.0   0.000004570
      1590.0   0.000000000
      1591.0   0.000002135
      1592.0   0.000004318
      1593.0   0.000001972
      1594.0   0.000001771
      1595.0   0.000002348
      1596.0   0.000002431
      1597.0   0.000003222
      1598.0   0.000003261
      1599.0   0.000004321
      1600.0   0.000000206
      1601.0   0.000001463
      1602.0   0.000001577
      1603.0   0.000000000
      1604.0   0.000000000
      1605.0   0.000000000
      1606.0   0.000001720
      1607.0   0.000002280
      1608.0   0.000000000
      1609.0   0.000003481
      1610.0   0.000006817
      1611.0   0.000002920
      1612.0   0.000000000
      1613.0   0.000002382
      1614.0   0.000003786
      1615.0   0.000001410
      1616.0   0.000000862
      1617.0   0.000001780
      1618.0   0.000002186
      1619.0   0.000001888
      1620.0   0.000002502
      1621.0   0.000000000
      1622.0   0.000002681
      1623.0   0.000005433
      1624.0   0.000002900
      1625.0   0.000003559
      1626.0   0.000004001
      1627.0   0.000000000
      1628.0   0.000000000
      1629.0   0.000001442
      1630.0   0.000001911
      1631.0   0.000001890
      1632.0   0.000005305
      1633.0   0.000004478
      1634.0   0.000001713
      1635.0   0.000000925
      1636.0   0.000000000
      1637.0   0.000001700
      1638.0   0.000002253
      1639.0   0.000000170
      1640.0   0.000004805
      1641.0   0.000008502
      1642.0   0.000003223
      1643.0   0.000000000
      1644.0   0.000000000
      1645.0   0.000000000
      1646.0   0.000000000
      1647.0   0.000000000
      1648.0   0.000001122
      1649.0   0.000001488
      1650.0   0.000001368
      1651.0   0.000002534
      1652.0   0.000001300
      1653.0   0.000000458
      1654.0   0.000000000
      1655.0   0.000001029
      1656.0   0.000003831
      1657.0   0.000003270
      1658.0   0.000005347
      1659.0   0.000007086
      1660.0   0.000002108
      1661.0   0.000002794
      1662.0   0.000000756
      1663.0   0.000001122
      1664.0   0.000000159
      1665.0   0.000000000
      1666.0   0.000003663
      1667.0   0.000004855
      1668.0   0.000000000
      1669.0   0.000000000
      1670.0   0.000000906
      1671.0   0.000001862
      1672.0   0.000000877
      1673.0   0.000000000
      1674.0   0.000000000
      1675.0   0.000000000
      1676.0   0.000002247
      1677.0   0.000002978
      1678.0   0.000000000
      1679.0   0.000000000
      1680.0   0.000000000
      1681.0   0.000000956
      1682.0   0.000002598
      1683.0   0.000003178
      1684.0   0.000001874
      1685.0   0.000002831
      1686.0   0.000005632
      1687.0   0.000003709
      1688.0   0.000003160
      1689.0   0.000002052
      1690.0   0.000000000
      1691.0   0.000001323
      1692.0   0.000002948
      1693.0   0.000002728
      1694.0   0.000002325
      1695.0   0.000001071
      1696.0   0.000000000
      1697.0   0.000001131
      1698.0   0.000001499
      1699.0   0.000001868
      1700.0   0.000003729
      1701.0   0.000004629
      1702.0   0.000003935
      1703.0   0.000000000
      1704.0   0.000000000
      1705.0   0.000002213
      1706.0   0.000002933
      1707.0   0.000000000
      1708.0   0.000001315
      1709.0   0.000003156
      1710.0   0.000001873
      1711.0   0.000000000
      1712.0   0.000001234
      1713.0   0.000004367
      1714.0   0.000004825
      1715.0   0.000001625
      1716.0   0.000000040
      1717.0   0.000005046
      1718.0   0.000007016
      1719.0   0.000003137
      1720.0   0.000003581
      1721.0   0.000000750
      1722.0   0.000000994
      1723.0   0.000001196
      1724.0   0.000001586
      1725.0   0.000000702
      1726.0   0.000002348
      1727.0   0.000001879
      1728.0   0.000000000
      1729.0   0.000002610
      1730.0   0.000008395
      1731.0   0.000006542
      1732.0   0.000001668
      1733.0   0.000002944
      1734.0   0.000002336
      1735.0   0.000001807
      1736.0   0.000000000
      1737.0   0.000000000
      1738.0   0.000000000
      1739.0   0.000001304
      1740.0   0.000001728
      1741.0   0.000000067
      1742.0   0.000001489
      1743.0   0.000003387
      1744.0   0.000002842
      1745.0   0.000002001
      1746.0   0.000003230
      1747.0   0.000003685
      1748.0   0.000001357
      1749.0   0.000001970
      1750.0   0.000003090
      1751.0   0.000000634
      1752.0   0.000002162
      1753.0   0.000002866
      1754.0   0.000000000
      1755.0   0.000002801
      1756.0   0.000005353
      1757.0   0.000002188
      1758.0   0.000000018
      1759.0   0.000001023
      1760.0   0.000001356
      1761.0   0.000002438
      1762.0   0.000003231
      1763.0   0.000000000
      1764.0   0.000000000
      1765.0   0.000002634
      1766.0   0.000006065
      1767.0   0.000003412
      1768.0   0.000000000
      1769.0   0.000000255
      1770.0   0.000000338
      1771.0   0.000000000
      1772.0   0.000000396
      1773.0   0.000000524
      1774.0   0.000000415
      1775.0   0.000000549
      1776.0   0.000000549
      1777.0   0.000001605
      1778.0   0.000001606
      1779.0   0.000000589
      1780.0   0.000000000
      1781.0   0.000000281
      1782.0   0.000000372
      1783.0   0.000000000
      1784.0   0.000000635
      1785.0   0.000000841
      1786.0   0.000000000
      1787.0   0.000001863
      1788.0   0.000002709
      1789.0   0.000000319
      1790.0   0.000000000
      1791.0   0.000000000
      1792.0   0.000000966
      1793.0   0.000002260
      1794.0   0.000001297
      1795.0   0.000002766
      1796.0   0.000003961
      1797.0   0.000004353
      1798.0   0.000006544
      1799.0   0.000001713
      1800.0   0.000000000
      1801.0   0.000000000
      1802.0   0.000002838
      1803.0   0.000004939
      1804.0   0.000004695
      1805.0   0.000007434
      1806.0   0.000004381
      1807.0   0.000002230
      1808.0   0.000005580
      1809.0   0.000004956
      1810.0   0.000003222
      1811.0   0.000004795
      1812.0   0.000005445
      1813.0   0.000004826
      1814.0   0.000005086
      1815.0   0.000001722
      1816.0   0.000000000
      1817.0   0.000000000
      1818.0   0.000002389
      1819.0   0.000003166
      1820.0   0.000000331
      1821.0   0.000002147
      1822.0   0.000002265
      1823.0   0.000002124
      1824.0   0.000002815
      1825.0   0.000001327
      1826.0   0.000003620
      1827.0   0.000006554
      1828.0   0.000005417
      1829.0   0.000001732
      1830.0   0.000002295
      1831.0   0.000000000
      1832.0   0.000000000
      1833.0   0.000000000
      1834.0   0.000003281
      1835.0   0.000005242
      1836.0   0.000001198
      1837.0   0.000000017
      1838.0   0.000000392
      1839.0   0.000001994
      1840.0   0.000004676
      1841.0   0.000003609
      1842.0   0.000001340
      1843.0   0.000001776
      1844.0   0.000000000
      1845.0   0.000000390
      1846.0   0.000000517
      1847.0   0.000000000
      1848.0   0.000002016
      1849.0   0.000002671
      1850.0   0.000000000
      1851.0   0.000001859
      1852.0   0.000004265
      1853.0   0.000003477
      1854.0   0.000001445
      1855.0   0.000000000
      1856.0   0.000000000
      1857.0   0.000000000
      1858.0   0.000002679
      1859.0   0.000004038
      1860.0   0.000000647
      1861.0   0.000001295
      1862.0   0.000001716
      1863.0   0.000000569
      1864.0   0.000000754
      1865.0   0.000002710
      1866.0   0.000008137
      1867.0   0.000006025
      1868.0   0.000003427
      1869.0   0.000005886
      1870.0   0.000001782
      1871.0   0.000000000
      1872.0   0.000000000
      1873.0   0.000000000
      1874.0   0.000000137
      1875.0   0.000000182
      1876.0   0.000000000
      1877.0   0.000002539
      1878.0   0.000006185
      1879.0   0.000005866
      1880.0   0.000005147
      1881.0   0.000005232
      1882.0   0.000003302
      1883.0   0.000000602
      1884.0   0.000000719
      1885.0   0.000002721
      1886.0   0.000004678
      1887.0   0.000003095
      1888.0   0.000001516
      1889.0   0.000002010
      1890.0   0.000001219
      1891.0   0.000007542
      1892.0   0.000010645
      1893.0   0.000003726
      1894.0   0.000000435
      1895.0   0.000000526
      1896.0   0.000000000
      1897.0   0.000002679
      1898.0   0.000006860
      1899.0   0.000007256
      1900.0   0.000004398
      1901.0   0.000000789
      1902.0   0.000000000
      1903.0   0.000001119
      1904.0   0.000001877
      1905.0   0.000000522
      1906.0   0.000000727
      1907.0   0.000001537
      1908.0   0.000000760
      1909.0   0.000002747
      1910.0   0.000006380
      1911.0   0.000003631
      1912.0   0.000001284
      1913.0   0.000001701
      1914.0   0.000000596
      1915.0   0.000002780
      1916.0   0.000005386
      1917.0   0.000003958
      1918.0   0.000000416
      1919.0   0.000000851
      1920.0   0.000001295
      1921.0   0.000000616
      1922.0   0.000000563
      1923.0   0.000000053
      1924.0   0.000000120
      1925.0   0.000000160
      1926.0   0.000000000
      1927.0   0.000001099
      1928.0   0.000001456
      1929.0   0.000003632
      1930.0   0.000004814
      1931.0   0.000000671
      1932.0   0.000000890
      1933.0   0.000000000
      1934.0   0.000000000
      1935.0   0.000001825
      1936.0   0.000004911
      1937.0   0.000003437
      1938.0   0.000000356
      1939.0   0.000000297
      1940.0   0.000002197
      1941.0   0.000006105
      1942.0   0.000007568
      1943.0   0.000004940
      1944.0   0.000000931
      1945.0   0.000001717
      1946.0   0.000003301
      1947.0   0.000005852
      1948.0   0.000006473
      1949.0   0.000000687
      1950.0   0.000003971
      1951.0   0.000007772
      1952.0   0.000006496
      1953.0   0.000004201
      1954.0   0.000000000
      1955.0   0.000003432
      1956.0   0.000009961
      1957.0   0.000007174
      1958.0   0.000000914
      1959.0   0.000002561
      1960.0   0.000001789
      1961.0   0.000001007
      1962.0   0.000003081
      1963.0   0.000002314
      1964.0   0.000000291
      1965.0   0.000003174
      1966.0   0.000003696
      1967.0   0.000004052
      1968.0   0.000005370
      1969.0   0.000000842
      1970.0   0.000001116
      1971.0   0.000000000
      1972.0   0.000003601
      1973.0   0.000006504
      1974.0   0.000002295
      1975.0   0.000002473
      1976.0   0.000004975
      1977.0   0.000002250
      1978.0   0.000000534
      1979.0   0.000003510
      1980.0   0.000003714
      1981.0   0.000000000
      1982.0   0.000000000
      1983.0   0.000000000
      1984.0   0.000001149
      1985.0   0.000001522
      1986.0   0.000000000
      1987.0   0.000000000
      1988.0   0.000000000
      1989.0   0.000000567
      1990.0   0.000000752
      1991.0   0.000000000
      1992.0   0.000000000
      1993.0   0.000000000
      1994.0   0.000001474
      1995.0   0.000001954
      1996.0   0.000000000
      1997.0   0.000000000
      1998.0   0.000000000
      1999.0   0.000000000
      2000.0   0.000000000
      2001.0   0.000002383
      2002.0   0.000004554
      2003.0   0.000001850
      2004.0   0.000002512
      2005.0   0.000003329
      2006.0   0.000000000
      2007.0   0.000003516
      2008.0   0.000006874
      2009.0   0.000003504
      2010.0   0.000000755
      2011.0   0.000001669
      2012.0   0.000002884
      2013.0   0.000004547
      2014.0   0.000004846
      2015.0   0.000000000
      2016.0   0.000000000
      2017.0   0.000000000
      2018.0   0.000002796
      2019.0   0.000003746
      2020.0   0.000000053
      2021.0   0.000000000
      2022.0   0.000000000
      2023.0   0.000006259
      2024.0   0.000008295
      2025.0   0.000002500
      2026.0   0.000007872
      2027.0   0.000006042
      2028.0   0.000000197
      2029.0   0.000000261
      2030.0   0.000000000
      2031.0   0.000000000
      2032.0   0.000000000
      2033.0   0.000000000
      2034.0   0.000000000
      2035.0   0.000001270
      2036.0   0.000001683
      2037.0   0.000000000
      2038.0   0.000000000
      2039.0   0.000000548
      2040.0   0.000001690
      2041.0   0.000004490
      2042.0   0.000004260
      2043.0   0.000000801
      2044.0   0.000002879
      2045.0   0.000003373
      2046.0   0.000001279
      2047.0   0.000000000
      2048.0   0.000000684
      2049.0   0.000000906
      2050.0   0.000001172
      2051.0   0.000005830
      2052.0   0.000005670
      2053.0   0.000001605
      2054.0   0.000008345
      2055.0   0.000008243
      2056.0   0.000005932
      2057.0   0.000007865
      2058.0   0.000000000
      2059.0   0.000000000
      2060.0   0.000000000
      2061.0   0.000004108
      2062.0   0.000007019
      2063.0   0.000002085
      2064.0   0.000000299
      2065.0   0.000000397
      2066.0   0.000000000
      2067.0   0.000000000
      2068.0   0.000000000
      2069.0   0.000000953
      2070.0   0.000001264
      2071.0   0.000003728
      2072.0   0.000004943
      2073.0   0.000000000
      2074.0   0.000000000
      2075.0   0.000003109
      2076.0   0.000008721
      2077.0   0.000007643
      2078.0   0.000004238
      2079.0   0.000002980
      2080.0   0.000000104
      2081.0   0.000005404
      2082.0   0.000009857
      2083.0   0.000004445
      2084.0   0.000001338
      2085.0   0.000002322
      2086.0   0.000007084
      2087.0   0.000009902
      2088.0   0.000011267
      2089.0   0.000014342
      2090.0   0.000016026
      2091.0   0.000018598
      2092.0   0.000015867
      2093.0   0.000015367
      2094.0   0.000023382
      2095.0   0.000021004
      2096.0   0.000021203
      2097.0   0.000024411
      2098.0   0.000030138
      2099.0   0.000036171
      2100.0   0.000047282
      2101.0   0.000054761
      2102.0   0.000054160
      2103.0   0.000063763
      2104.0   0.000071646
      2105.0   0.000085673
      2106.0   0.000095384
      2107.0   0.000099338
      2108.0   0.000109167
      2109.0   0.000129267
      2110.0   0.000146643
      2111.0   0.000165678
      2112.0   0.000187996
      2113.0   0.000213563
      2114.0   0.000245840
      2115.0   0.000275653
      2116.0   0.000317089
      2117.0   0.000359503
      2118.0   0.000414224
      2119.0   0.000476811
      2120.0   0.000547958
      2121.0   0.000630353
      2122.0   0.000722030
      2123.0   0.000837843
      2124.0   0.000976120
      2125.0   0.001136400
      2126.0   0.001330960
      2127.0   0.001558730
      2128.0   0.001830140
      2129.0   0.002160740
      2130.0   0.002552050
      2131.0   0.003035610
      2132.0   0.003647560
      2133.0   0.004410400
      2134.0   0.005330670
      2135.0   0.006462990
      2136.0   0.007924430
      2137.0   0.009784040
      2138.0   0.012138200
      2139.0   0.015178300
      2140.0   0.019059600
      2141.0   0.024009399
      2142.0   0.030358899
      2143.0   0.038348898
      2144.0   0.046753399
      2145.0   0.054700602
      2146.0   0.063859500
      2147.0   0.075795703
      2148.0   0.091289900
      2149.0   0.109982997
      2150.0   0.132999003
      2151.0   0.162553996
      2152.0   0.198005006
      2153.0   0.239041999
      2154.0   0.285066009
      2155.0   0.334744006
      2156.0   0.385654002
      2157.0   0.434188008
      2158.0   0.475667000
      2159.0   0.507396996
      2160.0   0.530377984
      2161.0   0.546398997
      2162.0   0.556985974
      2163.0   0.563748002
      2164.0   0.568490028
      2165.0   0.571646988
      2166.0   0.574169993
      2167.0   0.575738013
      2168.0   0.576992989
      2169.0   0.577436984
      2170.0   0.577039003
      2171.0   0.576142013
      2172.0   0.574576020
      2173.0   0.573176026
      2174.0   0.571541011
      2175.0   0.570357978
      2176.0   0.569001019
      2177.0   0.567148983
      2178.0   0.563601971
      2179.0   0.556333005
      2180.0   0.543179989
      2181.0   0.521848023
      2182.0   0.490770012
      2183.0   0.448475003
      2184.0   0.398804992
      2185.0   0.344877005
      2186.0   0.290924996
      2187.0   0.242809996
      2188.0   0.199812993
      2189.0   0.163011998
      2190.0   0.133908004
      2191.0   0.110767998
      2192.0   0.091987200
      2193.0   0.076491900
      2194.0   0.064028703
      2195.0   0.054723401
      2196.0   0.046350800
      2197.0   0.036857501
      2198.0   0.029344199
      2199.0   0.023383601
      2200.0   0.018726001
      2201.0   0.015029700
      2202.0   0.012157500
      2203.0   0.009939040
      2204.0   0.008166060
      2205.0   0.006732820
      2206.0   0.005629190
      2207.0   0.004713260
      2208.0   0.003945490
      2209.0   0.003318730
      2210.0   0.002826450
      2211.0   0.002417390
      2212.0   0.002074830
      2213.0   0.001795060
      2214.0   0.001548850
      2215.0   0.001335150
      2216.0   0.001162090
      2217.0   0.001015280
      2218.0   0.000891581
      2219.0   0.000784626
      2220.0   0.000686794
      2221.0   0.000604895
      2222.0   0.000532527
      2223.0   0.000476340
      2224.0   0.000425740
      2225.0   0.000378600
      2226.0   0.000340299
      2227.0   0.000304635
      2228.0   0.000265637
      2229.0   0.000234364
      2230.0   0.000209508
      2231.0   0.000189767
      2232.0   0.000170909
      2233.0   0.000153210
      2234.0   0.000138967
      2235.0   0.000124875
      2236.0   0.000112906
      2237.0   0.000102291
      2238.0   0.000091533
      2239.0   0.000084584
      2240.0   0.000080307
      2241.0   0.000070980
      2242.0   0.000063940
      2243.0   0.000056712
      2244.0   0.000052573
      2245.0   0.000050508
      2246.0   0.000042615
      2247.0   0.000037771
      2248.0   0.000037996
      2249.0   0.000038285
      2250.0   0.000033914
      2251.0   0.000027861
      2252.0   0.000032724
      2253.0   0.000033467
      2254.0   0.000020158
      2255.0   0.000017514
      2256.0   0.000027137
      2257.0   0.000020020
      2258.0   0.000011879
      2259.0   0.000011532
      2260.0   0.000011835
      2261.0   0.000012736
      2262.0   0.000011969
      2263.0   0.000012246
      2264.0   0.000008125
      2265.0   0.000010262
      2266.0   0.000007573
      2267.0   0.000009393
      2268.0   0.000008034
      2269.0   0.000008200
      2270.0   0.000012868
      2271.0   0.000008061
      2272.0   0.000006225
      2273.0   0.000009724
      2274.0   0.000009603
      2275.0   0.000006868
      2276.0   0.000002907
      2277.0   0.000002282
      2278.0   0.000004196
      2279.0   0.000008270
      2280.0   0.000009081
      2281.0   0.000009437
      2282.0   0.000010387
      2283.0   0.000004659
      2284.0   0.000004792
      2285.0   0.000006618
      2286.0   0.000006052
      2287.0   0.000002444
      2288.0   0.000003437
      2289.0   0.000003790
      2290.0   0.000008852
      2291.0   0.000007894
      2292.0   0.000006916
      2293.0   0.000007251
      2294.0   0.000005240
      2295.0   0.000005216
      2296.0   0.000002903
      2297.0   0.000000000
      2298.0   0.000000000
      2299.0   0.000000000
      2300.0   0.000002465
      2301.0   0.000004698
      2302.0   0.000001894
      2303.0   0.000000000
      2304.0   0.000006808
      2305.0   0.000010200
      2306.0   0.000001598
      2307.0   0.000000055
      2308.0   0.000000000
      2309.0   0.000002967
      2310.0   0.000006003
      2311.0   0.000004808
      2312.0   0.000002738
      2313.0   0.000002940
      2314.0   0.000004997
      2315.0   0.000001457
      2316.0   0.000001183
      2317.0   0.000001569
      2318.0   0.000000000
      2319.0   0.000000000
      2320.0   0.000000000
      2321.0   0.000000000
      2322.0   0.000000061
      2323.0   0.000002461
      2324.0   0.000004236
      2325.0   0.000001442
      2326.0   0.000001352
      2327.0   0.000005843
      2328.0   0.000005391
      2329.0   0.000000000
      2330.0   0.000004311
      2331.0   0.000006871
      2332.0   0.000003973
      2333.0   0.000003237
      2334.0   0.000000000
      2335.0   0.000001322
      2336.0   0.000001752
      2337.0   0.000000000
      2338.0   0.000001297
      2339.0   0.000005153
      2340.0   0.000005532
      2341.0   0.000001297
      2342.0   0.000003754
      2343.0   0.000004977
      2344.0   0.000000000
      2345.0   0.000000000
      2346.0   0.000000626
      2347.0   0.000000830
      2348.0   0.000002860
      2349.0   0.000006930
      2350.0   0.000004161
      2351.0   0.000000000
      2352.0   0.000000518
      2353.0   0.000001633
      2354.0   0.000001255
      2355.0   0.000003935
      2356.0   0.000007514
      2357.0   0.000003747
      2358.0   0.000002453
      2359.0   0.000004326
      2360.0   0.000004233
      2361.0   0.000001562
      2362.0   0.000002302
      2363.0   0.000003052
      2364.0   0.000002091
      2365.0   0.000003926
      2366.0   0.000001530
      2367.0   0.000000000
      2368.0   0.000002199
      2369.0   0.000002915
      2370.0   0.000004383
      2371.0   0.000005811
      2372.0   0.000000000
      2373.0   0.000000000
      2374.0   0.000000000
      2375.0   0.000004378
      2376.0   0.000010984
      2377.0   0.000006867
      2378.0   0.000000000
      2379.0   0.000000978
      2380.0   0.000003256
      2381.0   0.000002598
      2382.0   0.000000000
      2383.0   0.000001724
      2384.0   0.000004246
      2385.0   0.000002599
      2386.0   0.000000335
      2387.0   0.000000444
      2388.0   0.000000583
      2389.0   0.000000773
      2390.0   0.000001081
      2391.0   0.000001434
      2392.0   0.000000000
      2393.0   0.000002244
      2394.0   0.000002975
      2395.0   0.000000000
      2396.0   0.000000000
      2397.0   0.000000000
      2398.0   0.000000000
      2399.0   0.000000000
      2400.0   0.000000000
      2401.0   0.000000625
      2402.0   0.000000828
      2403.0   0.000000817
      2404.0   0.000003688
      2405.0   0.000005881
      2406.0   0.000003269
      2407.0   0.000000834
      2408.0   0.000001599
      2409.0   0.000000773
      2410.0   0.000000745
      2411.0   0.000003887
      2412.0   0.000003844
      2413.0   0.000000000
      2414.0   0.000002507
      2415.0   0.000006335
      2416.0   0.000003993
      2417.0   0.000001567
      2418.0   0.000002078
      2419.0   0.000002002
      2420.0   0.000002654
      2421.0   0.000000000
      2422.0   0.000001406
      2423.0   0.000001864
      2424.0   0.000000000
      2425.0   0.000000000
      2426.0   0.000001149
      2427.0   0.000002814
      2428.0   0.000001711
      2429.0   0.000000701
      2430.0   0.000000929
      2431.0   0.000000000
      2432.0   0.000000000
      2433.0   0.000000000
      2434.0   0.000001511
      2435.0   0.000006471
      2436.0   0.000005924
      2437.0   0.000001950
      2438.0   0.000002585
      2439.0   0.000000000
      2440.0   0.000001045
      2441.0   0.000002015
      2442.0   0.000002630
      2443.0   0.000002379
      2444.0   0.000000000
      2445.0   0.000002001
      2446.0   0.000002653
      2447.0   0.000000000
      2448.0   0.000000000
      2449.0   0.000000954
      2450.0   0.000001872
      2451.0   0.000000804
      2452.0   0.000001825
      2453.0   0.000002420
      2454.0   0.000000000
      2455.0   0.000000000
      2456.0   0.000000000
      2457.0   0.000000000
      2458.0   0.000000654
      2459.0   0.000003110
      2460.0   0.000002974
      2461.0   0.000000000
      2462.0   0.000000000
      2463.0   0.000000000
      2464.0   0.000001613
      2465.0   0.000004027
      2466.0   0.000002546
      2467.0   0.000000056
      2468.0   0.000000000
      2469.0   0.000000000
      2470.0   0.000002332
      2471.0   0.000005663
      2472.0   0.000006951
      2473.0   0.000004695
      2474.0   0.000000000
      2475.0   0.000000000
      2476.0   0.000000000
      2477.0   0.000000000
      2478.0   0.000000000
      2479.0   0.000000000
      2480.0   0.000000000
      2481.0   0.000000000
      2482.0   0.000000050
      2483.0   0.000001932
      2484.0   0.000003383
      2485.0   0.000001207
      2486.0   0.000000000
      2487.0   0.000003542
      2488.0   0.000011434
      2489.0   0.000011432
      2490.0   0.000004236
      2491.0   0.000006139
      2492.0   0.000008698
      2493.0   0.000004342
      2494.0   0.000002056
      2495.0   0.000002752
      2496.0   0.000003418
      2497.0   0.000000000
      2498.0   0.000002727
      2499.0   0.000003615
      2500.0   0.000000000
      2501.0   0.000000000
      2502.0   0.000005496
      2503.0   0.000007288
      2504.0   0.000001825
      2505.0   0.000005188
      2506.0   0.000003671
      2507.0   0.000001419
      2508.0   0.000005712
      2509.0   0.000005137
      2510.0   0.000000077
      2511.0   0.000000238
      2512.0   0.000001722
      2513.0   0.000007990
      2514.0   0.000008123
      2515.0   0.000002431
      2516.0   0.000003223
      2517.0   0.000000000
      2518.0   0.000002368
      2519.0   0.000003139
      2520.0   0.000000000
      2521.0   0.000000000
      2522.0   0.000000711
      2523.0   0.000000942
      2524.0   0.000000000
      2525.0   0.000001945
      2526.0   0.000007185
      2527.0   0.000006107
      2528.0   0.000002026
      2529.0   0.000005191
      2530.0   0.000006248
      2531.0   0.000004791
      2532.0   0.000001405
      2533.0   0.000000260
      2534.0   0.000000000
      2535.0   0.000000584
      2536.0   0.000000775
      2537.0   0.000000000
      2538.0   0.000000000
      2539.0   0.000002158
      2540.0   0.000004624
      2541.0   0.000007678
      2542.0   0.000008626
      2543.0   0.000002046
      2544.0   0.000000192
      2545.0   0.000000554
      2546.0   0.000000397
      2547.0   0.000004881
      2548.0   0.000009946
      2549.0   0.000006550
      2550.0   0.000002576
      2551.0   0.000000000
      2552.0   0.000000000
      2553.0   0.000000000
      2554.0   0.000001307
      2555.0   0.000001734
      2556.0   0.000000000
      2557.0   0.000007320
      2558.0   0.000016723
      2559.0   0.000009641
      2560.0   0.000000446
      2561.0   0.000000000
      2562.0   0.000000000
      2563.0   0.000001044
      2564.0   0.000001385
      2565.0   0.000000597
      2566.0   0.000005833
      2567.0   0.000014308
      2568.0   0.000014060
      2569.0   0.000005239
      2570.0   0.000008271
      2571.0   0.000012421
      2572.0   0.000001928
      2573.0   0.000002111
      2574.0   0.000002799
      2575.0   0.000002342
      2576.0   0.000008246
      2577.0   0.000009944
      2578.0   0.000014662
      2579.0   0.000014017
      2580.0   0.000009683
      2581.0   0.000014524
      2582.0   0.000003324
      2583.0   0.000001212
      2584.0   0.000003100
      2585.0   0.000004110
      2586.0   0.000000000
      2587.0   0.000000000
      2588.0   0.000000000
      2589.0   0.000000000
      2590.0   0.000006181
      2591.0   0.000008764
      2592.0   0.000000754
      2593.0   0.000000000
      2594.0   0.000000000
      2595.0   0.000001474
      2596.0   0.000009458
      2597.0   0.000009949
      2598.0   0.000001633
      2599.0   0.000006674
      2600.0   0.000005979
      2601.0   0.000000000
      2602.0   0.000000000
      2603.0   0.000000000
      2604.0   0.000000000
      2605.0   0.000000000
      2606.0   0.000000000
      2607.0   0.000009744
      2608.0   0.000014627
      2609.0   0.000002263
      2610.0   0.000000000
      2611.0   0.000002157
      2612.0   0.000002860
      2613.0   0.000000712
      2614.0   0.000012063
      2615.0   0.000020591
      2616.0   0.000014077
      2617.0   0.000011202
      2618.0   0.000003738
      2619.0   0.000000000
      2620.0   0.000001231
      2621.0   0.000001633
      2622.0   0.000000000
      2623.0   0.000003645
      2624.0   0.000004834
      2625.0   0.000002498
      2626.0   0.000007945
      2627.0   0.000008946
      2628.0   0.000006523
      2629.0   0.000003722
      2630.0   0.000000000
      2631.0   0.000008673
      2632.0   0.000017488
      2633.0   0.000007941
      2634.0   0.000000092
      2635.0   0.000000122
      2636.0   0.000000000
      2637.0   0.000003385
      2638.0   0.000004488
      2639.0   0.000000000
      2640.0   0.000010928
      2641.0   0.000014490
      2642.0   0.000009567
      2643.0   0.000012685
      2644.0   0.000012902
      2645.0   0.000017108
      2646.0   0.000000000
      2647.0   0.000000000
      2648.0   0.000000000
      2649.0   0.000000574
      2650.0   0.000000761
      2651.0   0.000011135
      2652.0   0.000014764
      2653.0   0.000000000
      2654.0   0.000000000
      2655.0   0.000000000
      2656.0   0.000000000
      2657.0   0.000000000
      2658.0   0.000000000
      2659.0   0.000000000
      2660.0   0.000000000
      2661.0   0.000000000
      2662.0   0.000000000
      2663.0   0.000000000
      2664.0   0.000000000
      2665.0   0.000000000
      2666.0   0.000000000
      2667.0   0.000000000
      2668.0   0.000000000
      2669.0   0.000000000
      2670.0   0.000000000
      2671.0   0.000000000
      2672.0   0.000000000
      2673.0   0.000000000
      2674.0   0.000000000
      2675.0   0.000000000
      2676.0   0.000000000
      2677.0   0.000000000
      2678.0   0.000000000
      2679.0   0.000000000
      2680.0   0.000000000
      2681.0   0.000000000
      2682.0   0.000000000
      2683.0   0.000000000
      2684.0   0.000000000
      2685.0   0.000000000
      2686.0   0.000000000
      2687.0   0.000000000
      2688.0   0.000000000
      2689.0   0.000000000
      2690.0   0.000000000
      2691.0   0.000000000
      2692.0   0.000000000
      2693.0   0.000000000
      2694.0   0.000000000
      2695.0   0.000000000
      2696.0   0.000000000
      2697.0   0.000000000
      2698.0   0.000000000
      2699.0   0.000000000
      2700.0   0.000000000
