#                                                          
# SPHERE/IRDIS NB N_CO filter transmission                 
#                                                          
# Updated with final values on 2015-04-16 by Arthur Vigan  
# For any information, please contact <arthur.vigan@lam.fr>
#                                                          
# wavelength   N_CO                                        
#                                                          
       400.0   0.000000001
       401.0   0.000000010
       402.0   0.000000019
       403.0   0.000000000
       404.0   0.000000011
       405.0   0.000000052
       406.0   0.000000015
       407.0   0.000000105
       408.0   0.000000229
       409.0   0.000000547
       410.0   0.000001009
       411.0   0.000001485
       412.0   0.000001637
       413.0   0.000001261
       414.0   0.000000843
       415.0   0.000000599
       416.0   0.000000592
       417.0   0.000001624
       418.0   0.000002969
       419.0   0.000003015
       420.0   0.000001671
       421.0   0.000001382
       422.0   0.000002704
       423.0   0.000005373
       424.0   0.000006953
       425.0   0.000006376
       426.0   0.000005370
       427.0   0.000003641
       428.0   0.000001397
       429.0   0.000000562
       430.0   0.000000738
       431.0   0.000001285
       432.0   0.000002033
       433.0   0.000002259
       434.0   0.000002195
       435.0   0.000001813
       436.0   0.000001073
       437.0   0.000000656
       438.0   0.000000260
       439.0   0.000000086
       440.0   0.000000000
       441.0   0.000000000
       442.0   0.000000001
       443.0   0.000000005
       444.0   0.000000000
       445.0   0.000000000
       446.0   0.000000000
       447.0   0.000000001
       448.0   0.000000005
       449.0   0.000000000
       450.0   0.000000000
       451.0   0.000000000
       452.0   0.000000000
       453.0   0.000000001
       454.0   0.000000003
       455.0   0.000000000
       456.0   0.000000008
       457.0   0.000000037
       458.0   0.000000000
       459.0   0.000000016
       460.0   0.000000076
       461.0   0.000000000
       462.0   0.000000002
       463.0   0.000000010
       464.0   0.000000000
       465.0   0.000000000
       466.0   0.000000000
       467.0   0.000000003
       468.0   0.000000026
       469.0   0.000000049
       470.0   0.000000003
       471.0   0.000000012
       472.0   0.000000000
       473.0   0.000000000
       474.0   0.000000000
       475.0   0.000000000
       476.0   0.000000000
       477.0   0.000000063
       478.0   0.000000468
       479.0   0.000000889
       480.0   0.000000568
       481.0   0.000000062
       482.0   0.000000000
       483.0   0.000000004
       484.0   0.000000019
       485.0   0.000000000
       486.0   0.000000000
       487.0   0.000000007
       488.0   0.000000035
       489.0   0.000000000
       490.0   0.000000000
       491.0   0.000000006
       492.0   0.000000027
       493.0   0.000000001
       494.0   0.000000004
       495.0   0.000000000
       496.0   0.000000000
       497.0   0.000000008
       498.0   0.000000037
       499.0   0.000000017
       500.0   0.000000171
       501.0   0.000000579
       502.0   0.000000825
       503.0   0.000000495
       504.0   0.000000145
       505.0   0.000000075
       506.0   0.000000000
       507.0   0.000000029
       508.0   0.000000158
       509.0   0.000000100
       510.0   0.000000040
       511.0   0.000000010
       512.0   0.000000000
       513.0   0.000000000
       514.0   0.000000000
       515.0   0.000000000
       516.0   0.000000000
       517.0   0.000000000
       518.0   0.000000000
       519.0   0.000000001
       520.0   0.000000005
       521.0   0.000000000
       522.0   0.000000000
       523.0   0.000000000
       524.0   0.000000000
       525.0   0.000000000
       526.0   0.000000000
       527.0   0.000000000
       528.0   0.000000000
       529.0   0.000000000
       530.0   0.000000000
       531.0   0.000000002
       532.0   0.000000009
       533.0   0.000000000
       534.0   0.000000000
       535.0   0.000000000
       536.0   0.000000006
       537.0   0.000000029
       538.0   0.000000000
       539.0   0.000000002
       540.0   0.000000002
       541.0   0.000000007
       542.0   0.000000005
       543.0   0.000000022
       544.0   0.000000000
       545.0   0.000000000
       546.0   0.000000000
       547.0   0.000000002
       548.0   0.000000008
       549.0   0.000000000
       550.0   0.000000000
       551.0   0.000000000
       552.0   0.000000000
       553.0   0.000000009
       554.0   0.000000043
       555.0   0.000000026
       556.0   0.000000127
       557.0   0.000000000
       558.0   0.000000000
       559.0   0.000000000
       560.0   0.000000000
       561.0   0.000000000
       562.0   0.000000000
       563.0   0.000000002
       564.0   0.000000008
       565.0   0.000000014
       566.0   0.000000066
       567.0   0.000000000
       568.0   0.000000000
       569.0   0.000000000
       570.0   0.000000000
       571.0   0.000000010
       572.0   0.000000085
       573.0   0.000000179
       574.0   0.000000000
       575.0   0.000000000
       576.0   0.000000000
       577.0   0.000000004
       578.0   0.000000021
       579.0   0.000000000
       580.0   0.000000000
       581.0   0.000000000
       582.0   0.000000000
       583.0   0.000000000
       584.0   0.000000000
       585.0   0.000000000
       586.0   0.000000009
       587.0   0.000000042
       588.0   0.000000000
       589.0   0.000000000
       590.0   0.000000001
       591.0   0.000000000
       592.0   0.000000000
       593.0   0.000000000
       594.0   0.000000007
       595.0   0.000000032
       596.0   0.000000000
       597.0   0.000000000
       598.0   0.000000000
       599.0   0.000000000
       600.0   0.000000000
       601.0   0.000000000
       602.0   0.000000000
       603.0   0.000000000
       604.0   0.000000000
       605.0   0.000000000
       606.0   0.000000000
       607.0   0.000000000
       608.0   0.000000000
       609.0   0.000000000
       610.0   0.000000000
       611.0   0.000000000
       612.0   0.000000000
       613.0   0.000000000
       614.0   0.000000000
       615.0   0.000000000
       616.0   0.000000000
       617.0   0.000000000
       618.0   0.000000000
       619.0   0.000000000
       620.0   0.000000000
       621.0   0.000000000
       622.0   0.000000000
       623.0   0.000000000
       624.0   0.000000000
       625.0   0.000000000
       626.0   0.000000000
       627.0   0.000000000
       628.0   0.000000007
       629.0   0.000000039
       630.0   0.000000022
       631.0   0.000000030
       632.0   0.000000028
       633.0   0.000000000
       634.0   0.000000000
       635.0   0.000000000
       636.0   0.000000010
       637.0   0.000000064
       638.0   0.000000220
       639.0   0.000001108
       640.0   0.000002921
       641.0   0.000004145
       642.0   0.000003450
       643.0   0.000002140
       644.0   0.000001809
       645.0   0.000002100
       646.0   0.000002892
       647.0   0.000004207
       648.0   0.000005985
       649.0   0.000006656
       650.0   0.000005734
       651.0   0.000004114
       652.0   0.000003202
       653.0   0.000003072
       654.0   0.000002911
       655.0   0.000003376
       656.0   0.000004231
       657.0   0.000005355
       658.0   0.000006571
       659.0   0.000006785
       660.0   0.000006274
       661.0   0.000005464
       662.0   0.000004279
       663.0   0.000003395
       664.0   0.000002815
       665.0   0.000002822
       666.0   0.000002835
       667.0   0.000003057
       668.0   0.000003367
       669.0   0.000003969
       670.0   0.000005049
       671.0   0.000006593
       672.0   0.000008511
       673.0   0.000010357
       674.0   0.000010683
       675.0   0.000009331
       676.0   0.000007233
       677.0   0.000005336
       678.0   0.000003704
       679.0   0.000002599
       680.0   0.000001285
       681.0   0.000000503
       682.0   0.000000252
       683.0   0.000000182
       684.0   0.000000059
       685.0   0.000000143
       686.0   0.000000000
       687.0   0.000000000
       688.0   0.000000000
       689.0   0.000000010
       690.0   0.000000051
       691.0   0.000000028
       692.0   0.000000195
       693.0   0.000000331
       694.0   0.000000295
       695.0   0.000000296
       696.0   0.000000281
       697.0   0.000000252
       698.0   0.000000009
       699.0   0.000000042
       700.0   0.000000000
       701.0   0.000000021
       702.0   0.000000102
       703.0   0.000000000
       704.0   0.000000004
       705.0   0.000000017
       706.0   0.000000000
       707.0   0.000000000
       708.0   0.000000000
       709.0   0.000000000
       710.0   0.000000009
       711.0   0.000000042
       712.0   0.000000000
       713.0   0.000000000
       714.0   0.000000005
       715.0   0.000000027
       716.0   0.000000021
       717.0   0.000000001
       718.0   0.000000007
       719.0   0.000000000
       720.0   0.000000000
       721.0   0.000000008
       722.0   0.000000039
       723.0   0.000000000
       724.0   0.000000000
       725.0   0.000000010
       726.0   0.000000048
       727.0   0.000000000
       728.0   0.000000000
       729.0   0.000000000
       730.0   0.000000000
       731.0   0.000000000
       732.0   0.000000000
       733.0   0.000000003
       734.0   0.000000024
       735.0   0.000000055
       736.0   0.000000067
       737.0   0.000000078
       738.0   0.000000059
       739.0   0.000000000
       740.0   0.000000000
       741.0   0.000000000
       742.0   0.000000000
       743.0   0.000000000
       744.0   0.000000000
       745.0   0.000000000
       746.0   0.000000001
       747.0   0.000000004
       748.0   0.000000010
       749.0   0.000000027
       750.0   0.000000024
       751.0   0.000000024
       752.0   0.000000036
       753.0   0.000000000
       754.0   0.000000000
       755.0   0.000000000
       756.0   0.000000000
       757.0   0.000000000
       758.0   0.000000000
       759.0   0.000000000
       760.0   0.000000000
       761.0   0.000000000
       762.0   0.000000000
       763.0   0.000000000
       764.0   0.000000000
       765.0   0.000000000
       766.0   0.000000000
       767.0   0.000000002
       768.0   0.000000102
       769.0   0.000000787
       770.0   0.000002365
       771.0   0.000004921
       772.0   0.000006693
       773.0   0.000006303
       774.0   0.000004220
       775.0   0.000002014
       776.0   0.000000593
       777.0   0.000000250
       778.0   0.000000040
       779.0   0.000000000
       780.0   0.000000000
       781.0   0.000000000
       782.0   0.000000000
       783.0   0.000000000
       784.0   0.000000000
       785.0   0.000000017
       786.0   0.000000088
       787.0   0.000000035
       788.0   0.000000000
       789.0   0.000000032
       790.0   0.000000156
       791.0   0.000000000
       792.0   0.000000000
       793.0   0.000000000
       794.0   0.000000023
       795.0   0.000000113
       796.0   0.000000000
       797.0   0.000000015
       798.0   0.000000073
       799.0   0.000000000
       800.0   0.000000000
       801.0   0.000000000
       802.0   0.000000000
       803.0   0.000000000
       804.0   0.000000000
       805.0   0.000000000
       806.0   0.000000026
       807.0   0.000000129
       808.0   0.000000000
       809.0   0.000000000
       810.0   0.000000000
       811.0   0.000000000
       812.0   0.000000024
       813.0   0.000000134
       814.0   0.000000074
       815.0   0.000000000
       816.0   0.000000000
       817.0   0.000000000
       818.0   0.000000004
       819.0   0.000000019
       820.0   0.000000006
       821.0   0.000000027
       822.0   0.000000025
       823.0   0.000000155
       824.0   0.000000181
       825.0   0.000000140
       826.0   0.000000092
       827.0   0.000000312
       828.0   0.000000430
       829.0   0.000000314
       830.0   0.000000311
       831.0   0.000000474
       832.0   0.000000635
       833.0   0.000000337
       834.0   0.000000496
       835.0   0.000000891
       836.0   0.000000871
       837.0   0.000001671
       838.0   0.000003433
       839.0   0.000005464
       840.0   0.000005826
       841.0   0.000003971
       842.0   0.000002525
       843.0   0.000001458
       844.0   0.000000886
       845.0   0.000000586
       846.0   0.000000111
       847.0   0.000000608
       848.0   0.000000318
       849.0   0.000000000
       850.0   0.000000015
       851.0   0.000000237
       852.0   0.000000791
       853.0   0.000000000
       854.0   0.000000077
       855.0   0.000000437
       856.0   0.000000313
       857.0   0.000000047
       858.0   0.000000245
       859.0   0.000000088
       860.0   0.000000301
       861.0   0.000001221
       862.0   0.000000098
       863.0   0.000000635
       864.0   0.000001000
       865.0   0.000001170
       866.0   0.000000352
       867.0   0.000000636
       868.0   0.000000000
       869.0   0.000000034
       870.0   0.000000272
       871.0   0.000000697
       872.0   0.000000953
       873.0   0.000000739
       874.0   0.000000488
       875.0   0.000000213
       876.0   0.000001042
       877.0   0.000000000
       878.0   0.000000443
       879.0   0.000002935
       880.0   0.000003767
       881.0   0.000000049
       882.0   0.000000239
       883.0   0.000000190
       884.0   0.000001029
       885.0   0.000001062
       886.0   0.000002719
       887.0   0.000000000
       888.0   0.000000468
       889.0   0.000002909
       890.0   0.000003059
       891.0   0.000000000
       892.0   0.000001757
       893.0   0.000010332
       894.0   0.000009835
       895.0   0.000006274
       896.0   0.000002212
       897.0   0.000012757
       898.0   0.000010592
       899.0   0.000007304
       900.0   0.000012313
       901.0   0.000005905
       902.0   0.000001681
       903.0   0.000008824
       904.0   0.000006166
       905.0   0.000017387
       906.0   0.000009773
       907.0   0.000000680
       908.0   0.000004092
       909.0   0.000006328
       910.0   0.000013945
       911.0   0.000008376
       912.0   0.000008161
       913.0   0.000002664
       914.0   0.000000473
       915.0   0.000003054
       916.0   0.000005166
       917.0   0.000009130
       918.0   0.000009137
       919.0   0.000007878
       920.0   0.000013656
       921.0   0.000007279
       922.0   0.000010196
       923.0   0.000006084
       924.0   0.000014218
       925.0   0.000009519
       926.0   0.000002864
       927.0   0.000005710
       928.0   0.000014372
       929.0   0.000022989
       930.0   0.000004148
       931.0   0.000011479
       932.0   0.000008531
       933.0   0.000011389
       934.0   0.000015131
       935.0   0.000015289
       936.0   0.000008678
       937.0   0.000013632
       938.0   0.000011804
       939.0   0.000011595
       940.0   0.000006638
       941.0   0.000014869
       942.0   0.000023088
       943.0   0.000007829
       944.0   0.000007533
       945.0   0.000007981
       946.0   0.000007399
       947.0   0.000004589
       948.0   0.000012115
       949.0   0.000020726
       950.0   0.000022511
       951.0   0.000008569
       952.0   0.000014509
       953.0   0.000013769
       954.0   0.000018055
       955.0   0.000014430
       956.0   0.000012470
       957.0   0.000018795
       958.0   0.000009577
       959.0   0.000014267
       960.0   0.000018865
       961.0   0.000018811
       962.0   0.000013856
       963.0   0.000008775
       964.0   0.000003358
       965.0   0.000010400
       966.0   0.000009983
       967.0   0.000011565
       968.0   0.000007194
       969.0   0.000004900
       970.0   0.000006490
       971.0   0.000015153
       972.0   0.000010612
       973.0   0.000012482
       974.0   0.000008706
       975.0   0.000020644
       976.0   0.000014360
       977.0   0.000019125
       978.0   0.000004029
       979.0   0.000011035
       980.0   0.000012128
       981.0   0.000014807
       982.0   0.000013436
       983.0   0.000012590
       984.0   0.000002304
       985.0   0.000014562
       986.0   0.000018153
       987.0   0.000010671
       988.0   0.000010293
       989.0   0.000014809
       990.0   0.000008873
       991.0   0.000018372
       992.0   0.000008077
       993.0   0.000006764
       994.0   0.000008340
       995.0   0.000012360
       996.0   0.000010119
       997.0   0.000014074
       998.0   0.000007515
       999.0   0.000007620
      1000.0   0.000010556
      1001.0   0.000016387
      1002.0   0.000006022
      1003.0   0.000011661
      1004.0   0.000006648
      1005.0   0.000006639
      1006.0   0.000013200
      1007.0   0.000005861
      1008.0   0.000007477
      1009.0   0.000011399
      1010.0   0.000014126
      1011.0   0.000010354
      1012.0   0.000008434
      1013.0   0.000009103
      1014.0   0.000004479
      1015.0   0.000001759
      1016.0   0.000009777
      1017.0   0.000007525
      1018.0   0.000008465
      1019.0   0.000002184
      1020.0   0.000009659
      1021.0   0.000011545
      1022.0   0.000017547
      1023.0   0.000023167
      1024.0   0.000018837
      1025.0   0.000006443
      1026.0   0.000022524
      1027.0   0.000018504
      1028.0   0.000009618
      1029.0   0.000019286
      1030.0   0.000024896
      1031.0   0.000021783
      1032.0   0.000017842
      1033.0   0.000018272
      1034.0   0.000017212
      1035.0   0.000025608
      1036.0   0.000025369
      1037.0   0.000013898
      1038.0   0.000015235
      1039.0   0.000014381
      1040.0   0.000011654
      1041.0   0.000015831
      1042.0   0.000012770
      1043.0   0.000017024
      1044.0   0.000024885
      1045.0   0.000013663
      1046.0   0.000010687
      1047.0   0.000009208
      1048.0   0.000003014
      1049.0   0.000018001
      1050.0   0.000019929
      1051.0   0.000020134
      1052.0   0.000007902
      1053.0   0.000011768
      1054.0   0.000014332
      1055.0   0.000016350
      1056.0   0.000007936
      1057.0   0.000002614
      1058.0   0.000014991
      1059.0   0.000013357
      1060.0   0.000013770
      1061.0   0.000010443
      1062.0   0.000011304
      1063.0   0.000014160
      1064.0   0.000014596
      1065.0   0.000015348
      1066.0   0.000015552
      1067.0   0.000010464
      1068.0   0.000007000
      1069.0   0.000010427
      1070.0   0.000016745
      1071.0   0.000024678
      1072.0   0.000010069
      1073.0   0.000007518
      1074.0   0.000009405
      1075.0   0.000007474
      1076.0   0.000016431
      1077.0   0.000003271
      1078.0   0.000010988
      1079.0   0.000018748
      1080.0   0.000007028
      1081.0   0.000010569
      1082.0   0.000003614
      1083.0   0.000009381
      1084.0   0.000006758
      1085.0   0.000009191
      1086.0   0.000011394
      1087.0   0.000011570
      1088.0   0.000012715
      1089.0   0.000010392
      1090.0   0.000006394
      1091.0   0.000016657
      1092.0   0.000008324
      1093.0   0.000008808
      1094.0   0.000005331
      1095.0   0.000004359
      1096.0   0.000005029
      1097.0   0.000009660
      1098.0   0.000003649
      1099.0   0.000008366
      1100.0   0.000000561
      1101.0   0.000004486
      1102.0   0.000010614
      1103.0   0.000010639
      1104.0   0.000004274
      1105.0   0.000010444
      1106.0   0.000014553
      1107.0   0.000009803
      1108.0   0.000011200
      1109.0   0.000008530
      1110.0   0.000006423
      1111.0   0.000010203
      1112.0   0.000015828
      1113.0   0.000011648
      1114.0   0.000013028
      1115.0   0.000007946
      1116.0   0.000016335
      1117.0   0.000014207
      1118.0   0.000021473
      1119.0   0.000019751
      1120.0   0.000017533
      1121.0   0.000016225
      1122.0   0.000013833
      1123.0   0.000013531
      1124.0   0.000017224
      1125.0   0.000019764
      1126.0   0.000016422
      1127.0   0.000011473
      1128.0   0.000011654
      1129.0   0.000006496
      1130.0   0.000008443
      1131.0   0.000009279
      1132.0   0.000007822
      1133.0   0.000003836
      1134.0   0.000013379
      1135.0   0.000003452
      1136.0   0.000010479
      1137.0   0.000015798
      1138.0   0.000010598
      1139.0   0.000001061
      1140.0   0.000004778
      1141.0   0.000004030
      1142.0   0.000004074
      1143.0   0.000003394
      1144.0   0.000010674
      1145.0   0.000013872
      1146.0   0.000005816
      1147.0   0.000006830
      1148.0   0.000003820
      1149.0   0.000006155
      1150.0   0.000008094
      1151.0   0.000006247
      1152.0   0.000006874
      1153.0   0.000009489
      1154.0   0.000004820
      1155.0   0.000005800
      1156.0   0.000005993
      1157.0   0.000002649
      1158.0   0.000001680
      1159.0   0.000009134
      1160.0   0.000005842
      1161.0   0.000007824
      1162.0   0.000009184
      1163.0   0.000009723
      1164.0   0.000008276
      1165.0   0.000005022
      1166.0   0.000008904
      1167.0   0.000011653
      1168.0   0.000011700
      1169.0   0.000008515
      1170.0   0.000009724
      1171.0   0.000009039
      1172.0   0.000004919
      1173.0   0.000004315
      1174.0   0.000016154
      1175.0   0.000013881
      1176.0   0.000012655
      1177.0   0.000013702
      1178.0   0.000008709
      1179.0   0.000008592
      1180.0   0.000003509
      1181.0   0.000011666
      1182.0   0.000011731
      1183.0   0.000017343
      1184.0   0.000009578
      1185.0   0.000021025
      1186.0   0.000012465
      1187.0   0.000008828
      1188.0   0.000002880
      1189.0   0.000000904
      1190.0   0.000004414
      1191.0   0.000001842
      1192.0   0.000008988
      1193.0   0.000001036
      1194.0   0.000006470
      1195.0   0.000008382
      1196.0   0.000008114
      1197.0   0.000005087
      1198.0   0.000005207
      1199.0   0.000008542
      1200.0   0.000000558
      1201.0   0.000002993
      1202.0   0.000002154
      1203.0   0.000005508
      1204.0   0.000008004
      1205.0   0.000004902
      1206.0   0.000001329
      1207.0   0.000006484
      1208.0   0.000000285
      1209.0   0.000002234
      1210.0   0.000005073
      1211.0   0.000006385
      1212.0   0.000008491
      1213.0   0.000003140
      1214.0   0.000014636
      1215.0   0.000000000
      1216.0   0.000001451
      1217.0   0.000008438
      1218.0   0.000006985
      1219.0   0.000002633
      1220.0   0.000006126
      1221.0   0.000010614
      1222.0   0.000008115
      1223.0   0.000004627
      1224.0   0.000005232
      1225.0   0.000012122
      1226.0   0.000007125
      1227.0   0.000014418
      1228.0   0.000007453
      1229.0   0.000014786
      1230.0   0.000008189
      1231.0   0.000005459
      1232.0   0.000012213
      1233.0   0.000014869
      1234.0   0.000013180
      1235.0   0.000010462
      1236.0   0.000013693
      1237.0   0.000011717
      1238.0   0.000016366
      1239.0   0.000013870
      1240.0   0.000011316
      1241.0   0.000014797
      1242.0   0.000016815
      1243.0   0.000014319
      1244.0   0.000005931
      1245.0   0.000003919
      1246.0   0.000009074
      1247.0   0.000010760
      1248.0   0.000010591
      1249.0   0.000012365
      1250.0   0.000002638
      1251.0   0.000002139
      1252.0   0.000010399
      1253.0   0.000011624
      1254.0   0.000004230
      1255.0   0.000001126
      1256.0   0.000006065
      1257.0   0.000002790
      1258.0   0.000001337
      1259.0   0.000006523
      1260.0   0.000000800
      1261.0   0.000005347
      1262.0   0.000008064
      1263.0   0.000007243
      1264.0   0.000011825
      1265.0   0.000004409
      1266.0   0.000009395
      1267.0   0.000010935
      1268.0   0.000007804
      1269.0   0.000011219
      1270.0   0.000009534
      1271.0   0.000005575
      1272.0   0.000010243
      1273.0   0.000008178
      1274.0   0.000013749
      1275.0   0.000007462
      1276.0   0.000007401
      1277.0   0.000006403
      1278.0   0.000007494
      1279.0   0.000011434
      1280.0   0.000011019
      1281.0   0.000009380
      1282.0   0.000016162
      1283.0   0.000017407
      1284.0   0.000009415
      1285.0   0.000006899
      1286.0   0.000007733
      1287.0   0.000005076
      1288.0   0.000000000
      1289.0   0.000000384
      1290.0   0.000004056
      1291.0   0.000012680
      1292.0   0.000012020
      1293.0   0.000012172
      1294.0   0.000010382
      1295.0   0.000011785
      1296.0   0.000012871
      1297.0   0.000004895
      1298.0   0.000017960
      1299.0   0.000010409
      1300.0   0.000008499
      1301.0   0.000015819
      1302.0   0.000012232
      1303.0   0.000009856
      1304.0   0.000016506
      1305.0   0.000010198
      1306.0   0.000007423
      1307.0   0.000011921
      1308.0   0.000006081
      1309.0   0.000003514
      1310.0   0.000000853
      1311.0   0.000006042
      1312.0   0.000009183
      1313.0   0.000001181
      1314.0   0.000007420
      1315.0   0.000008839
      1316.0   0.000004859
      1317.0   0.000007648
      1318.0   0.000009550
      1319.0   0.000000222
      1320.0   0.000001083
      1321.0   0.000000000
      1322.0   0.000001654
      1323.0   0.000008070
      1324.0   0.000000000
      1325.0   0.000000553
      1326.0   0.000002697
      1327.0   0.000000000
      1328.0   0.000000000
      1329.0   0.000001266
      1330.0   0.000006321
      1331.0   0.000001929
      1332.0   0.000007325
      1333.0   0.000007527
      1334.0   0.000007388
      1335.0   0.000007954
      1336.0   0.000004103
      1337.0   0.000006264
      1338.0   0.000007052
      1339.0   0.000017942
      1340.0   0.000014228
      1341.0   0.000023164
      1342.0   0.000025732
      1343.0   0.000022225
      1344.0   0.000026597
      1345.0   0.000026020
      1346.0   0.000023563
      1347.0   0.000028368
      1348.0   0.000010178
      1349.0   0.000014571
      1350.0   0.000016529
      1351.0   0.000004119
      1352.0   0.000005681
      1353.0   0.000007131
      1354.0   0.000005456
      1355.0   0.000006629
      1356.0   0.000003302
      1357.0   0.000000855
      1358.0   0.000000000
      1359.0   0.000000004
      1360.0   0.000000101
      1361.0   0.000001981
      1362.0   0.000008679
      1363.0   0.000004693
      1364.0   0.000000000
      1365.0   0.000000099
      1366.0   0.000000482
      1367.0   0.000000000
      1368.0   0.000000978
      1369.0   0.000004775
      1370.0   0.000000442
      1371.0   0.000002635
      1372.0   0.000003645
      1373.0   0.000007385
      1374.0   0.000005013
      1375.0   0.000000000
      1376.0   0.000000000
      1377.0   0.000000000
      1378.0   0.000000000
      1379.0   0.000001132
      1380.0   0.000005524
      1381.0   0.000000000
      1382.0   0.000000707
      1383.0   0.000004427
      1384.0   0.000006866
      1385.0   0.000011863
      1386.0   0.000008318
      1387.0   0.000001102
      1388.0   0.000000000
      1389.0   0.000000266
      1390.0   0.000001304
      1391.0   0.000000277
      1392.0   0.000001200
      1393.0   0.000000000
      1394.0   0.000000554
      1395.0   0.000004450
      1396.0   0.000008532
      1397.0   0.000000006
      1398.0   0.000000029
      1399.0   0.000000000
      1400.0   0.000001077
      1401.0   0.000005259
      1402.0   0.000000248
      1403.0   0.000001211
      1404.0   0.000000000
      1405.0   0.000000392
      1406.0   0.000002236
      1407.0   0.000002077
      1408.0   0.000002418
      1409.0   0.000000000
      1410.0   0.000000000
      1411.0   0.000000000
      1412.0   0.000000389
      1413.0   0.000001900
      1414.0   0.000000000
      1415.0   0.000000000
      1416.0   0.000000158
      1417.0   0.000002043
      1418.0   0.000006204
      1419.0   0.000000000
      1420.0   0.000000000
      1421.0   0.000000000
      1422.0   0.000000000
      1423.0   0.000000000
      1424.0   0.000000000
      1425.0   0.000000000
      1426.0   0.000000382
      1427.0   0.000001863
      1428.0   0.000000000
      1429.0   0.000000653
      1430.0   0.000003530
      1431.0   0.000001878
      1432.0   0.000001016
      1433.0   0.000000000
      1434.0   0.000000000
      1435.0   0.000000406
      1436.0   0.000002173
      1437.0   0.000001303
      1438.0   0.000002009
      1439.0   0.000001061
      1440.0   0.000000143
      1441.0   0.000000697
      1442.0   0.000001805
      1443.0   0.000008812
      1444.0   0.000000000
      1445.0   0.000000623
      1446.0   0.000003039
      1447.0   0.000000000
      1448.0   0.000000429
      1449.0   0.000002649
      1450.0   0.000003597
      1451.0   0.000004696
      1452.0   0.000002465
      1453.0   0.000003623
      1454.0   0.000006506
      1455.0   0.000006665
      1456.0   0.000005179
      1457.0   0.000001129
      1458.0   0.000000000
      1459.0   0.000000000
      1460.0   0.000000955
      1461.0   0.000004660
      1462.0   0.000000000
      1463.0   0.000000436
      1464.0   0.000002863
      1465.0   0.000003588
      1466.0   0.000000472
      1467.0   0.000002301
      1468.0   0.000000000
      1469.0   0.000000000
      1470.0   0.000000180
      1471.0   0.000002593
      1472.0   0.000008365
      1473.0   0.000000000
      1474.0   0.000000000
      1475.0   0.000000000
      1476.0   0.000000000
      1477.0   0.000000000
      1478.0   0.000000107
      1479.0   0.000001269
      1480.0   0.000003645
      1481.0   0.000000000
      1482.0   0.000000753
      1483.0   0.000003674
      1484.0   0.000000698
      1485.0   0.000003406
      1486.0   0.000000000
      1487.0   0.000000007
      1488.0   0.000000032
      1489.0   0.000000000
      1490.0   0.000000000
      1491.0   0.000000000
      1492.0   0.000000702
      1493.0   0.000003427
      1494.0   0.000000356
      1495.0   0.000002039
      1496.0   0.000001480
      1497.0   0.000000000
      1498.0   0.000000000
      1499.0   0.000000159
      1500.0   0.000001405
      1501.0   0.000003210
      1502.0   0.000000658
      1503.0   0.000000036
      1504.0   0.000000482
      1505.0   0.000001502
      1506.0   0.000000000
      1507.0   0.000000171
      1508.0   0.000000834
      1509.0   0.000000599
      1510.0   0.000002925
      1511.0   0.000000000
      1512.0   0.000000940
      1513.0   0.000004587
      1514.0   0.000000000
      1515.0   0.000000000
      1516.0   0.000000157
      1517.0   0.000001334
      1518.0   0.000002768
      1519.0   0.000000000
      1520.0   0.000001139
      1521.0   0.000005557
      1522.0   0.000000000
      1523.0   0.000000574
      1524.0   0.000002802
      1525.0   0.000000000
      1526.0   0.000000902
      1527.0   0.000004747
      1528.0   0.000001691
      1529.0   0.000000000
      1530.0   0.000000076
      1531.0   0.000000502
      1532.0   0.000000985
      1533.0   0.000001696
      1534.0   0.000000841
      1535.0   0.000003238
      1536.0   0.000000000
      1537.0   0.000000448
      1538.0   0.000002188
      1539.0   0.000000246
      1540.0   0.000001420
      1541.0   0.000001062
      1542.0   0.000001600
      1543.0   0.000008646
      1544.0   0.000004090
      1545.0   0.000000694
      1546.0   0.000003385
      1547.0   0.000000000
      1548.0   0.000000331
      1549.0   0.000001616
      1550.0   0.000000043
      1551.0   0.000000209
      1552.0   0.000000000
      1553.0   0.000000000
      1554.0   0.000001164
      1555.0   0.000006425
      1556.0   0.000003801
      1557.0   0.000001278
      1558.0   0.000002326
      1559.0   0.000000932
      1560.0   0.000001937
      1561.0   0.000009454
      1562.0   0.000000000
      1563.0   0.000000000
      1564.0   0.000000000
      1565.0   0.000000266
      1566.0   0.000001429
      1567.0   0.000000954
      1568.0   0.000002071
      1569.0   0.000003050
      1570.0   0.000003696
      1571.0   0.000003717
      1572.0   0.000000303
      1573.0   0.000001478
      1574.0   0.000001114
      1575.0   0.000005981
      1576.0   0.000002663
      1577.0   0.000000000
      1578.0   0.000000000
      1579.0   0.000000000
      1580.0   0.000000000
      1581.0   0.000001290
      1582.0   0.000006297
      1583.0   0.000000000
      1584.0   0.000000167
      1585.0   0.000001753
      1586.0   0.000006186
      1587.0   0.000007788
      1588.0   0.000000000
      1589.0   0.000000033
      1590.0   0.000000161
      1591.0   0.000000523
      1592.0   0.000002551
      1593.0   0.000000000
      1594.0   0.000000926
      1595.0   0.000004521
      1596.0   0.000000000
      1597.0   0.000000000
      1598.0   0.000000638
      1599.0   0.000004595
      1600.0   0.000007226
      1601.0   0.000000000
      1602.0   0.000000136
      1603.0   0.000000661
      1604.0   0.000000000
      1605.0   0.000000429
      1606.0   0.000002093
      1607.0   0.000000924
      1608.0   0.000004511
      1609.0   0.000000000
      1610.0   0.000000000
      1611.0   0.000000723
      1612.0   0.000003528
      1613.0   0.000000000
      1614.0   0.000000000
      1615.0   0.000000000
      1616.0   0.000000000
      1617.0   0.000000896
      1618.0   0.000004374
      1619.0   0.000000104
      1620.0   0.000000505
      1621.0   0.000001210
      1622.0   0.000007661
      1623.0   0.000009076
      1624.0   0.000002863
      1625.0   0.000001975
      1626.0   0.000000413
      1627.0   0.000002015
      1628.0   0.000000030
      1629.0   0.000000146
      1630.0   0.000001418
      1631.0   0.000008005
      1632.0   0.000005690
      1633.0   0.000001976
      1634.0   0.000000461
      1635.0   0.000000000
      1636.0   0.000000000
      1637.0   0.000002238
      1638.0   0.000010924
      1639.0   0.000000528
      1640.0   0.000003730
      1641.0   0.000005940
      1642.0   0.000001482
      1643.0   0.000000000
      1644.0   0.000000175
      1645.0   0.000000855
      1646.0   0.000001005
      1647.0   0.000004989
      1648.0   0.000000402
      1649.0   0.000000000
      1650.0   0.000000000
      1651.0   0.000000683
      1652.0   0.000003332
      1653.0   0.000000000
      1654.0   0.000000000
      1655.0   0.000000000
      1656.0   0.000001511
      1657.0   0.000007700
      1658.0   0.000001581
      1659.0   0.000000000
      1660.0   0.000000000
      1661.0   0.000000000
      1662.0   0.000000075
      1663.0   0.000000367
      1664.0   0.000000671
      1665.0   0.000003275
      1666.0   0.000000446
      1667.0   0.000002176
      1668.0   0.000000000
      1669.0   0.000000923
      1670.0   0.000004504
      1671.0   0.000000000
      1672.0   0.000000128
      1673.0   0.000001019
      1674.0   0.000001920
      1675.0   0.000000000
      1676.0   0.000000000
      1677.0   0.000000364
      1678.0   0.000002598
      1679.0   0.000004334
      1680.0   0.000001800
      1681.0   0.000001460
      1682.0   0.000001450
      1683.0   0.000002319
      1684.0   0.000004892
      1685.0   0.000006851
      1686.0   0.000000000
      1687.0   0.000000000
      1688.0   0.000000000
      1689.0   0.000000811
      1690.0   0.000003957
      1691.0   0.000000621
      1692.0   0.000003029
      1693.0   0.000000000
      1694.0   0.000001108
      1695.0   0.000006211
      1696.0   0.000003972
      1697.0   0.000001163
      1698.0   0.000004154
      1699.0   0.000001109
      1700.0   0.000006899
      1701.0   0.000007545
      1702.0   0.000001449
      1703.0   0.000000882
      1704.0   0.000005847
      1705.0   0.000007729
      1706.0   0.000000962
      1707.0   0.000000129
      1708.0   0.000000627
      1709.0   0.000002008
      1710.0   0.000009799
      1711.0   0.000000116
      1712.0   0.000000726
      1713.0   0.000000787
      1714.0   0.000000000
      1715.0   0.000000000
      1716.0   0.000000287
      1717.0   0.000002029
      1718.0   0.000003558
      1719.0   0.000002593
      1720.0   0.000001081
      1721.0   0.000000982
      1722.0   0.000005363
      1723.0   0.000002898
      1724.0   0.000000495
      1725.0   0.000000000
      1726.0   0.000000028
      1727.0   0.000000136
      1728.0   0.000000000
      1729.0   0.000000839
      1730.0   0.000004096
      1731.0   0.000000164
      1732.0   0.000000800
      1733.0   0.000000000
      1734.0   0.000000634
      1735.0   0.000003111
      1736.0   0.000000085
      1737.0   0.000000621
      1738.0   0.000003456
      1739.0   0.000002072
      1740.0   0.000000433
      1741.0   0.000002114
      1742.0   0.000000179
      1743.0   0.000000876
      1744.0   0.000000000
      1745.0   0.000000598
      1746.0   0.000003170
      1747.0   0.000001295
      1748.0   0.000000762
      1749.0   0.000003156
      1750.0   0.000004919
      1751.0   0.000000550
      1752.0   0.000002686
      1753.0   0.000000000
      1754.0   0.000000000
      1755.0   0.000000286
      1756.0   0.000001566
      1757.0   0.000000839
      1758.0   0.000000912
      1759.0   0.000004451
      1760.0   0.000000790
      1761.0   0.000004735
      1762.0   0.000004985
      1763.0   0.000004267
      1764.0   0.000004442
      1765.0   0.000000507
      1766.0   0.000002473
      1767.0   0.000001323
      1768.0   0.000007592
      1769.0   0.000005529
      1770.0   0.000000000
      1771.0   0.000000000
      1772.0   0.000000499
      1773.0   0.000002437
      1774.0   0.000000000
      1775.0   0.000000000
      1776.0   0.000000000
      1777.0   0.000000000
      1778.0   0.000000987
      1779.0   0.000004816
      1780.0   0.000000231
      1781.0   0.000001756
      1782.0   0.000003285
      1783.0   0.000001106
      1784.0   0.000000000
      1785.0   0.000001071
      1786.0   0.000005227
      1787.0   0.000000000
      1788.0   0.000000000
      1789.0   0.000000259
      1790.0   0.000001322
      1791.0   0.000001328
      1792.0   0.000005044
      1793.0   0.000000251
      1794.0   0.000001587
      1795.0   0.000001771
      1796.0   0.000000057
      1797.0   0.000001187
      1798.0   0.000004445
      1799.0   0.000000469
      1800.0   0.000003251
      1801.0   0.000004701
      1802.0   0.000000028
      1803.0   0.000000653
      1804.0   0.000003470
      1805.0   0.000002538
      1806.0   0.000005637
      1807.0   0.000000376
      1808.0   0.000001739
      1809.0   0.000000980
      1810.0   0.000000365
      1811.0   0.000002268
      1812.0   0.000002381
      1813.0   0.000000889
      1814.0   0.000004339
      1815.0   0.000002204
      1816.0   0.000011866
      1817.0   0.000005483
      1818.0   0.000000302
      1819.0   0.000000000
      1820.0   0.000000000
      1821.0   0.000000055
      1822.0   0.000000776
      1823.0   0.000002851
      1824.0   0.000001804
      1825.0   0.000001041
      1826.0   0.000005083
      1827.0   0.000000000
      1828.0   0.000000000
      1829.0   0.000000000
      1830.0   0.000000000
      1831.0   0.000000278
      1832.0   0.000002124
      1833.0   0.000003733
      1834.0   0.000000023
      1835.0   0.000000608
      1836.0   0.000004192
      1837.0   0.000008995
      1838.0   0.000003240
      1839.0   0.000008240
      1840.0   0.000000801
      1841.0   0.000000268
      1842.0   0.000001551
      1843.0   0.000001806
      1844.0   0.000003537
      1845.0   0.000002752
      1846.0   0.000000367
      1847.0   0.000001388
      1848.0   0.000006985
      1849.0   0.000001027
      1850.0   0.000000789
      1851.0   0.000003852
      1852.0   0.000000881
      1853.0   0.000004300
      1854.0   0.000000000
      1855.0   0.000000393
      1856.0   0.000001957
      1857.0   0.000000197
      1858.0   0.000001332
      1859.0   0.000006501
      1860.0   0.000001078
      1861.0   0.000005262
      1862.0   0.000002106
      1863.0   0.000011005
      1864.0   0.000004210
      1865.0   0.000003219
      1866.0   0.000000325
      1867.0   0.000001587
      1868.0   0.000000033
      1869.0   0.000000364
      1870.0   0.000000994
      1871.0   0.000000000
      1872.0   0.000000475
      1873.0   0.000002623
      1874.0   0.000001500
      1875.0   0.000001060
      1876.0   0.000005712
      1877.0   0.000002624
      1878.0   0.000000309
      1879.0   0.000002069
      1880.0   0.000002731
      1881.0   0.000000000
      1882.0   0.000000614
      1883.0   0.000002998
      1884.0   0.000000000
      1885.0   0.000001214
      1886.0   0.000006464
      1887.0   0.000003688
      1888.0   0.000005109
      1889.0   0.000000924
      1890.0   0.000004511
      1891.0   0.000002121
      1892.0   0.000010352
      1893.0   0.000000000
      1894.0   0.000000223
      1895.0   0.000001258
      1896.0   0.000000823
      1897.0   0.000000510
      1898.0   0.000002818
      1899.0   0.000001603
      1900.0   0.000000475
      1901.0   0.000002319
      1902.0   0.000000254
      1903.0   0.000001238
      1904.0   0.000000674
      1905.0   0.000003287
      1906.0   0.000000000
      1907.0   0.000000638
      1908.0   0.000003114
      1909.0   0.000000000
      1910.0   0.000000233
      1911.0   0.000001138
      1912.0   0.000000273
      1913.0   0.000001330
      1914.0   0.000002307
      1915.0   0.000011319
      1916.0   0.000000281
      1917.0   0.000000000
      1918.0   0.000000689
      1919.0   0.000003365
      1920.0   0.000000380
      1921.0   0.000002320
      1922.0   0.000003112
      1923.0   0.000004702
      1924.0   0.000003156
      1925.0   0.000002126
      1926.0   0.000000000
      1927.0   0.000000308
      1928.0   0.000001502
      1929.0   0.000000000
      1930.0   0.000000000
      1931.0   0.000000622
      1932.0   0.000003038
      1933.0   0.000002030
      1934.0   0.000009909
      1935.0   0.000000499
      1936.0   0.000002433
      1937.0   0.000000887
      1938.0   0.000004679
      1939.0   0.000001714
      1940.0   0.000000431
      1941.0   0.000002102
      1942.0   0.000000511
      1943.0   0.000002708
      1944.0   0.000001033
      1945.0   0.000000000
      1946.0   0.000000000
      1947.0   0.000000000
      1948.0   0.000000646
      1949.0   0.000003904
      1950.0   0.000003959
      1951.0   0.000001422
      1952.0   0.000000691
      1953.0   0.000003372
      1954.0   0.000000432
      1955.0   0.000002110
      1956.0   0.000000333
      1957.0   0.000001625
      1958.0   0.000001103
      1959.0   0.000006010
      1960.0   0.000003583
      1961.0   0.000003598
      1962.0   0.000004908
      1963.0   0.000000769
      1964.0   0.000003814
      1965.0   0.000000304
      1966.0   0.000000556
      1967.0   0.000002715
      1968.0   0.000000028
      1969.0   0.000000230
      1970.0   0.000001731
      1971.0   0.000006186
      1972.0   0.000001054
      1973.0   0.000005146
      1974.0   0.000000000
      1975.0   0.000001737
      1976.0   0.000008479
      1977.0   0.000000313
      1978.0   0.000001526
      1979.0   0.000000847
      1980.0   0.000004135
      1981.0   0.000001499
      1982.0   0.000008161
      1983.0   0.000005830
      1984.0   0.000008532
      1985.0   0.000001370
      1986.0   0.000002530
      1987.0   0.000000000
      1988.0   0.000000077
      1989.0   0.000000374
      1990.0   0.000000143
      1991.0   0.000000700
      1992.0   0.000000000
      1993.0   0.000000972
      1994.0   0.000005350
      1995.0   0.000002956
      1996.0   0.000000411
      1997.0   0.000002006
      1998.0   0.000000796
      1999.0   0.000003884
      2000.0   0.000001185
      2001.0   0.000006157
      2002.0   0.000001817
      2003.0   0.000000000
      2004.0   0.000000000
      2005.0   0.000000000
      2006.0   0.000000000
      2007.0   0.000001327
      2008.0   0.000007491
      2009.0   0.000005473
      2010.0   0.000002507
      2011.0   0.000000000
      2012.0   0.000000716
      2013.0   0.000004088
      2014.0   0.000002887
      2015.0   0.000000000
      2016.0   0.000000000
      2017.0   0.000000000
      2018.0   0.000000440
      2019.0   0.000003127
      2020.0   0.000004790
      2021.0   0.000001899
      2022.0   0.000009839
      2023.0   0.000003859
      2024.0   0.000005235
      2025.0   0.000000000
      2026.0   0.000000000
      2027.0   0.000000684
      2028.0   0.000003336
      2029.0   0.000000000
      2030.0   0.000000000
      2031.0   0.000001022
      2032.0   0.000004987
      2033.0   0.000000851
      2034.0   0.000004154
      2035.0   0.000000393
      2036.0   0.000003039
      2037.0   0.000005506
      2038.0   0.000000286
      2039.0   0.000002251
      2040.0   0.000009004
      2041.0   0.000000060
      2042.0   0.000000291
      2043.0   0.000000000
      2044.0   0.000000000
      2045.0   0.000000608
      2046.0   0.000002968
      2047.0   0.000000000
      2048.0   0.000000000
      2049.0   0.000000000
      2050.0   0.000001022
      2051.0   0.000004992
      2052.0   0.000001340
      2053.0   0.000006546
      2054.0   0.000000313
      2055.0   0.000001528
      2056.0   0.000001056
      2057.0   0.000005159
      2058.0   0.000000000
      2059.0   0.000001717
      2060.0   0.000008389
      2061.0   0.000000000
      2062.0   0.000000104
      2063.0   0.000000739
      2064.0   0.000001140
      2065.0   0.000000735
      2066.0   0.000003593
      2067.0   0.000000000
      2068.0   0.000000689
      2069.0   0.000003365
      2070.0   0.000000000
      2071.0   0.000000000
      2072.0   0.000000000
      2073.0   0.000000224
      2074.0   0.000001592
      2075.0   0.000002421
      2076.0   0.000000000
      2077.0   0.000000103
      2078.0   0.000000502
      2079.0   0.000001381
      2080.0   0.000006755
      2081.0   0.000000043
      2082.0   0.000001438
      2083.0   0.000007027
      2084.0   0.000000202
      2085.0   0.000000984
      2086.0   0.000000000
      2087.0   0.000000000
      2088.0   0.000000526
      2089.0   0.000002570
      2090.0   0.000000000
      2091.0   0.000000489
      2092.0   0.000002390
      2093.0   0.000000000
      2094.0   0.000000000
      2095.0   0.000000494
      2096.0   0.000003125
      2097.0   0.000003481
      2098.0   0.000000140
      2099.0   0.000001274
      2100.0   0.000003996
      2101.0   0.000006364
      2102.0   0.000004426
      2103.0   0.000000000
      2104.0   0.000000878
      2105.0   0.000004286
      2106.0   0.000000000
      2107.0   0.000001223
      2108.0   0.000005976
      2109.0   0.000000599
      2110.0   0.000002927
      2111.0   0.000000000
      2112.0   0.000000448
      2113.0   0.000002774
      2114.0   0.000002857
      2115.0   0.000000000
      2116.0   0.000000000
      2117.0   0.000000035
      2118.0   0.000000171
      2119.0   0.000000000
      2120.0   0.000000000
      2121.0   0.000000000
      2122.0   0.000000000
      2123.0   0.000000396
      2124.0   0.000004296
      2125.0   0.000011545
      2126.0   0.000000607
      2127.0   0.000003054
      2128.0   0.000000428
      2129.0   0.000000000
      2130.0   0.000000000
      2131.0   0.000000000
      2132.0   0.000000000
      2133.0   0.000000262
      2134.0   0.000001280
      2135.0   0.000000473
      2136.0   0.000002313
      2137.0   0.000000434
      2138.0   0.000002230
      2139.0   0.000000528
      2140.0   0.000000000
      2141.0   0.000000000
      2142.0   0.000000000
      2143.0   0.000000000
      2144.0   0.000000000
      2145.0   0.000000000
      2146.0   0.000000000
      2147.0   0.000000000
      2148.0   0.000000560
      2149.0   0.000003590
      2150.0   0.000004167
      2151.0   0.000000213
      2152.0   0.000002038
      2153.0   0.000007114
      2154.0   0.000011315
      2155.0   0.000002157
      2156.0   0.000000970
      2157.0   0.000000157
      2158.0   0.000000987
      2159.0   0.000001586
      2160.0   0.000002622
      2161.0   0.000000466
      2162.0   0.000000000
      2163.0   0.000000996
      2164.0   0.000004865
      2165.0   0.000002990
      2166.0   0.000014867
      2167.0   0.000002391
      2168.0   0.000005801
      2169.0   0.000002316
      2170.0   0.000003457
      2171.0   0.000006262
      2172.0   0.000005997
      2173.0   0.000009668
      2174.0   0.000012372
      2175.0   0.000006224
      2176.0   0.000001667
      2177.0   0.000001192
      2178.0   0.000001051
      2179.0   0.000007344
      2180.0   0.000011574
      2181.0   0.000004266
      2182.0   0.000003563
      2183.0   0.000007879
      2184.0   0.000008307
      2185.0   0.000004745
      2186.0   0.000001287
      2187.0   0.000007428
      2188.0   0.000007652
      2189.0   0.000012153
      2190.0   0.000009984
      2191.0   0.000001806
      2192.0   0.000005634
      2193.0   0.000005835
      2194.0   0.000012258
      2195.0   0.000018062
      2196.0   0.000015715
      2197.0   0.000009308
      2198.0   0.000010626
      2199.0   0.000013237
      2200.0   0.000012113
      2201.0   0.000014066
      2202.0   0.000030050
      2203.0   0.000021799
      2204.0   0.000013084
      2205.0   0.000016059
      2206.0   0.000016746
      2207.0   0.000029548
      2208.0   0.000033000
      2209.0   0.000028008
      2210.0   0.000028120
      2211.0   0.000033976
      2212.0   0.000030433
      2213.0   0.000032279
      2214.0   0.000041296
      2215.0   0.000044040
      2216.0   0.000058318
      2217.0   0.000065766
      2218.0   0.000071164
      2219.0   0.000078272
      2220.0   0.000084667
      2221.0   0.000085147
      2222.0   0.000103793
      2223.0   0.000102333
      2224.0   0.000115851
      2225.0   0.000124343
      2226.0   0.000140653
      2227.0   0.000155041
      2228.0   0.000180850
      2229.0   0.000206134
      2230.0   0.000225671
      2231.0   0.000241632
      2232.0   0.000273406
      2233.0   0.000294907
      2234.0   0.000326337
      2235.0   0.000361009
      2236.0   0.000410269
      2237.0   0.000461500
      2238.0   0.000515363
      2239.0   0.000573411
      2240.0   0.000647738
      2241.0   0.000730597
      2242.0   0.000831362
      2243.0   0.000948288
      2244.0   0.001085050
      2245.0   0.001229050
      2246.0   0.001423850
      2247.0   0.001644120
      2248.0   0.001920500
      2249.0   0.002277630
      2250.0   0.002712490
      2251.0   0.003244410
      2252.0   0.003950680
      2253.0   0.004852360
      2254.0   0.006021980
      2255.0   0.007582680
      2256.0   0.009565910
      2257.0   0.011998100
      2258.0   0.015152800
      2259.0   0.019205401
      2260.0   0.024141200
      2261.0   0.030608701
      2262.0   0.038060602
      2263.0   0.045964200
      2264.0   0.051601801
      2265.0   0.057249799
      2266.0   0.064981997
      2267.0   0.074605398
      2268.0   0.085890204
      2269.0   0.100111000
      2270.0   0.116159000
      2271.0   0.134937003
      2272.0   0.157566994
      2273.0   0.183091000
      2274.0   0.213476002
      2275.0   0.244655997
      2276.0   0.275110006
      2277.0   0.304067999
      2278.0   0.328795999
      2279.0   0.347247005
      2280.0   0.359786004
      2281.0   0.367143005
      2282.0   0.370182991
      2283.0   0.370662004
      2284.0   0.369675010
      2285.0   0.367956996
      2286.0   0.366268009
      2287.0   0.364253014
      2288.0   0.362572998
      2289.0   0.361144006
      2290.0   0.359376997
      2291.0   0.358061999
      2292.0   0.356393009
      2293.0   0.354781985
      2294.0   0.353011012
      2295.0   0.351148993
      2296.0   0.349130988
      2297.0   0.346673012
      2298.0   0.343901008
      2299.0   0.340200990
      2300.0   0.334987998
      2301.0   0.327915013
      2302.0   0.317932993
      2303.0   0.303979009
      2304.0   0.285560012
      2305.0   0.262281001
      2306.0   0.234603003
      2307.0   0.205250993
      2308.0   0.175791994
      2309.0   0.148888007
      2310.0   0.125220001
      2311.0   0.103883997
      2312.0   0.086361699
      2313.0   0.071934998
      2314.0   0.060385801
      2315.0   0.051091298
      2316.0   0.041783299
      2317.0   0.033937801
      2318.0   0.027212800
      2319.0   0.021843100
      2320.0   0.017842900
      2321.0   0.014536200
      2322.0   0.011959200
      2323.0   0.009867810
      2324.0   0.008163790
      2325.0   0.006793750
      2326.0   0.005677860
      2327.0   0.004815840
      2328.0   0.004084360
      2329.0   0.003461160
      2330.0   0.002957280
      2331.0   0.002540320
      2332.0   0.002178860
      2333.0   0.001865130
      2334.0   0.001635540
      2335.0   0.001415760
      2336.0   0.001241410
      2337.0   0.001091780
      2338.0   0.000949587
      2339.0   0.000840777
      2340.0   0.000732542
      2341.0   0.000645140
      2342.0   0.000574295
      2343.0   0.000515732
      2344.0   0.000462339
      2345.0   0.000407730
      2346.0   0.000362399
      2347.0   0.000323317
      2348.0   0.000289972
      2349.0   0.000251307
      2350.0   0.000234817
      2351.0   0.000199364
      2352.0   0.000180148
      2353.0   0.000169283
      2354.0   0.000148672
      2355.0   0.000138108
      2356.0   0.000111514
      2357.0   0.000103651
      2358.0   0.000097600
      2359.0   0.000087063
      2360.0   0.000068936
      2361.0   0.000070211
      2362.0   0.000058348
      2363.0   0.000050659
      2364.0   0.000053324
      2365.0   0.000040538
      2366.0   0.000033980
      2367.0   0.000029662
      2368.0   0.000037608
      2369.0   0.000027173
      2370.0   0.000015887
      2371.0   0.000019911
      2372.0   0.000016942
      2373.0   0.000016878
      2374.0   0.000016370
      2375.0   0.000022666
      2376.0   0.000019517
      2377.0   0.000011510
      2378.0   0.000003762
      2379.0   0.000005244
      2380.0   0.000011321
      2381.0   0.000012223
      2382.0   0.000008028
      2383.0   0.000006599
      2384.0   0.000000973
      2385.0   0.000002533
      2386.0   0.000001953
      2387.0   0.000003419
      2388.0   0.000002188
      2389.0   0.000000611
      2390.0   0.000004274
      2391.0   0.000006652
      2392.0   0.000001894
      2393.0   0.000001003
      2394.0   0.000000086
      2395.0   0.000000419
      2396.0   0.000000638
      2397.0   0.000005264
      2398.0   0.000010498
      2399.0   0.000000000
      2400.0   0.000000527
      2401.0   0.000002647
      2402.0   0.000000825
      2403.0   0.000003600
      2404.0   0.000006308
      2405.0   0.000000000
      2406.0   0.000000000
      2407.0   0.000000000
      2408.0   0.000000000
      2409.0   0.000000000
      2410.0   0.000000313
      2411.0   0.000001549
      2412.0   0.000000774
      2413.0   0.000003856
      2414.0   0.000002503
      2415.0   0.000001215
      2416.0   0.000005933
      2417.0   0.000000000
      2418.0   0.000000000
      2419.0   0.000000289
      2420.0   0.000002224
      2421.0   0.000003968
      2422.0   0.000000000
      2423.0   0.000000264
      2424.0   0.000002003
      2425.0   0.000003488
      2426.0   0.000000000
      2427.0   0.000001844
      2428.0   0.000009007
      2429.0   0.000002200
      2430.0   0.000011247
      2431.0   0.000002448
      2432.0   0.000000852
      2433.0   0.000004164
      2434.0   0.000000000
      2435.0   0.000000000
      2436.0   0.000000132
      2437.0   0.000001255
      2438.0   0.000003891
      2439.0   0.000004466
      2440.0   0.000000177
      2441.0   0.000001648
      2442.0   0.000009078
      2443.0   0.000005668
      2444.0   0.000004356
      2445.0   0.000006042
      2446.0   0.000001163
      2447.0   0.000006371
      2448.0   0.000003371
      2449.0   0.000000000
      2450.0   0.000000000
      2451.0   0.000000000
      2452.0   0.000000504
      2453.0   0.000002464
      2454.0   0.000000000
      2455.0   0.000000344
      2456.0   0.000001880
      2457.0   0.000000987
      2458.0   0.000000238
      2459.0   0.000001164
      2460.0   0.000000000
      2461.0   0.000000365
      2462.0   0.000001794
      2463.0   0.000000053
      2464.0   0.000000578
      2465.0   0.000002825
      2466.0   0.000000000
      2467.0   0.000000970
      2468.0   0.000004740
      2469.0   0.000000714
      2470.0   0.000003590
      2471.0   0.000000509
      2472.0   0.000001174
      2473.0   0.000005735
      2474.0   0.000000000
      2475.0   0.000000160
      2476.0   0.000001007
      2477.0   0.000001605
      2478.0   0.000002686
      2479.0   0.000001461
      2480.0   0.000000000
      2481.0   0.000000000
      2482.0   0.000000083
      2483.0   0.000000407
      2484.0   0.000000000
      2485.0   0.000000000
      2486.0   0.000000490
      2487.0   0.000002392
      2488.0   0.000000000
      2489.0   0.000000000
      2490.0   0.000000000
      2491.0   0.000000000
      2492.0   0.000000000
      2493.0   0.000000000
      2494.0   0.000000232
      2495.0   0.000002057
      2496.0   0.000005008
      2497.0   0.000003116
      2498.0   0.000003625
      2499.0   0.000000000
      2500.0   0.000000094
      2501.0   0.000000881
      2502.0   0.000002067
      2503.0   0.000000000
      2504.0   0.000000000
      2505.0   0.000000000
      2506.0   0.000000000
      2507.0   0.000001411
      2508.0   0.000007835
      2509.0   0.000004600
      2510.0   0.000000209
      2511.0   0.000001020
      2512.0   0.000000000
      2513.0   0.000001008
      2514.0   0.000005905
      2515.0   0.000004782
      2516.0   0.000000000
      2517.0   0.000000445
      2518.0   0.000002172
      2519.0   0.000001001
      2520.0   0.000004948
      2521.0   0.000000296
      2522.0   0.000000185
      2523.0   0.000000904
      2524.0   0.000000143
      2525.0   0.000000699
      2526.0   0.000000000
      2527.0   0.000001274
      2528.0   0.000006222
      2529.0   0.000001895
      2530.0   0.000009428
      2531.0   0.000000847
      2532.0   0.000000000
      2533.0   0.000000335
      2534.0   0.000003305
      2535.0   0.000008153
      2536.0   0.000000000
      2537.0   0.000000000
      2538.0   0.000000764
      2539.0   0.000003730
      2540.0   0.000001383
      2541.0   0.000006759
      2542.0   0.000000127
      2543.0   0.000000766
      2544.0   0.000001665
      2545.0   0.000002704
      2546.0   0.000001469
      2547.0   0.000004255
      2548.0   0.000000128
      2549.0   0.000000000
      2550.0   0.000000656
      2551.0   0.000003253
      2552.0   0.000001540
      2553.0   0.000006410
      2554.0   0.000003233
      2555.0   0.000016022
      2556.0   0.000001110
      2557.0   0.000001174
      2558.0   0.000005735
      2559.0   0.000000038
      2560.0   0.000000183
      2561.0   0.000002759
      2562.0   0.000014091
      2563.0   0.000002993
      2564.0   0.000000000
      2565.0   0.000001800
      2566.0   0.000008794
      2567.0   0.000002181
      2568.0   0.000010652
      2569.0   0.000000000
      2570.0   0.000000000
      2571.0   0.000003756
      2572.0   0.000021878
      2573.0   0.000018713
      2574.0   0.000007186
      2575.0   0.000000000
      2576.0   0.000000325
      2577.0   0.000002993
      2578.0   0.000006862
      2579.0   0.000000853
      2580.0   0.000004674
      2581.0   0.000002477
      2582.0   0.000001771
      2583.0   0.000009176
      2584.0   0.000002554
      2585.0   0.000000099
      2586.0   0.000000481
      2587.0   0.000000000
      2588.0   0.000000000
      2589.0   0.000000000
      2590.0   0.000001117
      2591.0   0.000005457
      2592.0   0.000000000
      2593.0   0.000000000
      2594.0   0.000000175
      2595.0   0.000000853
      2596.0   0.000001677
      2597.0   0.000009377
      2598.0   0.000007612
      2599.0   0.000011798
      2600.0   0.000016646
      2601.0   0.000015265
      2602.0   0.000015255
      2603.0   0.000000000
      2604.0   0.000000349
      2605.0   0.000006237
      2606.0   0.000022133
      2607.0   0.000000000
      2608.0   0.000000342
      2609.0   0.000005081
      2610.0   0.000016691
      2611.0   0.000000186
      2612.0   0.000003755
      2613.0   0.000018344
      2614.0   0.000000000
      2615.0   0.000000000
      2616.0   0.000000000
      2617.0   0.000000000
      2618.0   0.000000000
      2619.0   0.000000000
      2620.0   0.000000000
      2621.0   0.000001640
      2622.0   0.000008012
      2623.0   0.000000437
      2624.0   0.000002133
      2625.0   0.000000000
      2626.0   0.000000881
      2627.0   0.000004302
      2628.0   0.000000000
      2629.0   0.000001304
      2630.0   0.000006628
      2631.0   0.000001267
      2632.0   0.000001450
      2633.0   0.000007084
      2634.0   0.000000000
      2635.0   0.000000000
      2636.0   0.000001200
      2637.0   0.000005860
      2638.0   0.000000000
      2639.0   0.000001673
      2640.0   0.000008171
      2641.0   0.000000000
      2642.0   0.000000000
      2643.0   0.000000000
      2644.0   0.000000000
      2645.0   0.000000365
      2646.0   0.000001783
      2647.0   0.000000000
      2648.0   0.000000000
      2649.0   0.000000649
      2650.0   0.000006252
      2651.0   0.000018857
      2652.0   0.000018527
      2653.0   0.000000000
      2654.0   0.000000000
      2655.0   0.000000000
      2656.0   0.000000000
      2657.0   0.000000000
      2658.0   0.000000000
      2659.0   0.000000000
      2660.0   0.000000000
      2661.0   0.000000000
      2662.0   0.000000000
      2663.0   0.000000000
      2664.0   0.000000000
      2665.0   0.000000000
      2666.0   0.000000000
      2667.0   0.000000000
      2668.0   0.000000000
      2669.0   0.000000000
      2670.0   0.000000000
      2671.0   0.000000000
      2672.0   0.000000000
      2673.0   0.000000000
      2674.0   0.000000000
      2675.0   0.000000000
      2676.0   0.000000000
      2677.0   0.000000000
      2678.0   0.000000000
      2679.0   0.000000000
      2680.0   0.000000000
      2681.0   0.000000000
      2682.0   0.000000000
      2683.0   0.000000000
      2684.0   0.000000000
      2685.0   0.000000000
      2686.0   0.000000000
      2687.0   0.000000000
      2688.0   0.000000000
      2689.0   0.000000000
      2690.0   0.000000000
      2691.0   0.000000000
      2692.0   0.000000000
      2693.0   0.000000000
      2694.0   0.000000000
      2695.0   0.000000000
      2696.0   0.000000000
      2697.0   0.000000000
      2698.0   0.000000000
      2699.0   0.000000000
      2700.0   0.000000000
