#                                                          
# SPHERE/IRDIS BB B_J filter transmission                  
#                                                          
# Updated with final values on 2015-04-16 by Arthur Vigan  
# For any information, please contact <arthur.vigan@lam.fr>
#                                                          
# wavelength   B_J                                         
#                                                          
       400.0   0.000000000
       401.0   0.000000000
       402.0   0.000000000
       403.0   0.000000000
       404.0   0.000000000
       405.0   0.000000000
       406.0   0.000000000
       407.0   0.000000000
       408.0   0.000000000
       409.0   0.000000000
       410.0   0.000000000
       411.0   0.000000000
       412.0   0.000000000
       413.0   0.000000000
       414.0   0.000000000
       415.0   0.000000000
       416.0   0.000000000
       417.0   0.000000000
       418.0   0.000000000
       419.0   0.000000000
       420.0   0.000000000
       421.0   0.000000000
       422.0   0.000000000
       423.0   0.000000000
       424.0   0.000000000
       425.0   0.000000000
       426.0   0.000000000
       427.0   0.000000000
       428.0   0.000000000
       429.0   0.000000000
       430.0   0.000000000
       431.0   0.000000000
       432.0   0.000000000
       433.0   0.000000000
       434.0   0.000000000
       435.0   0.000000000
       436.0   0.000000000
       437.0   0.000000000
       438.0   0.000000000
       439.0   0.000000000
       440.0   0.000000000
       441.0   0.000000000
       442.0   0.000000000
       443.0   0.000000000
       444.0   0.000000000
       445.0   0.000000000
       446.0   0.000000000
       447.0   0.000000000
       448.0   0.000000000
       449.0   0.000000000
       450.0   0.000000000
       451.0   0.000000000
       452.0   0.000000000
       453.0   0.000000000
       454.0   0.000000000
       455.0   0.000000000
       456.0   0.000000000
       457.0   0.000000000
       458.0   0.000000000
       459.0   0.000000000
       460.0   0.000000000
       461.0   0.000000000
       462.0   0.000000000
       463.0   0.000000000
       464.0   0.000000000
       465.0   0.000000000
       466.0   0.000000000
       467.0   0.000000000
       468.0   0.000000000
       469.0   0.000000000
       470.0   0.000000000
       471.0   0.000000000
       472.0   0.000000000
       473.0   0.000000000
       474.0   0.000000000
       475.0   0.000000000
       476.0   0.000000000
       477.0   0.000000000
       478.0   0.000000000
       479.0   0.000000000
       480.0   0.000000000
       481.0   0.000000000
       482.0   0.000000000
       483.0   0.000000000
       484.0   0.000000000
       485.0   0.000000000
       486.0   0.000000000
       487.0   0.000000000
       488.0   0.000000000
       489.0   0.000000000
       490.0   0.000000000
       491.0   0.000000000
       492.0   0.000000000
       493.0   0.000000000
       494.0   0.000000000
       495.0   0.000000000
       496.0   0.000000000
       497.0   0.000000000
       498.0   0.000000000
       499.0   0.000000000
       500.0   0.000000000
       501.0   0.000000000
       502.0   0.000000000
       503.0   0.000000000
       504.0   0.000000000
       505.0   0.000000000
       506.0   0.000000000
       507.0   0.000000000
       508.0   0.000000000
       509.0   0.000000000
       510.0   0.000000000
       511.0   0.000000000
       512.0   0.000000000
       513.0   0.000000000
       514.0   0.000000000
       515.0   0.000000000
       516.0   0.000000000
       517.0   0.000000000
       518.0   0.000000000
       519.0   0.000000000
       520.0   0.000000000
       521.0   0.000000000
       522.0   0.000000000
       523.0   0.000000000
       524.0   0.000000000
       525.0   0.000000000
       526.0   0.000000000
       527.0   0.000000000
       528.0   0.000000000
       529.0   0.000000000
       530.0   0.000000000
       531.0   0.000000000
       532.0   0.000000000
       533.0   0.000000000
       534.0   0.000000000
       535.0   0.000000000
       536.0   0.000000000
       537.0   0.000000000
       538.0   0.000000000
       539.0   0.000000000
       540.0   0.000000000
       541.0   0.000000000
       542.0   0.000000000
       543.0   0.000000000
       544.0   0.000000000
       545.0   0.000000000
       546.0   0.000000000
       547.0   0.000000000
       548.0   0.000000000
       549.0   0.000000000
       550.0   0.000000000
       551.0   0.000000000
       552.0   0.000000000
       553.0   0.000000000
       554.0   0.000000000
       555.0   0.000000000
       556.0   0.000000000
       557.0   0.000000000
       558.0   0.000000000
       559.0   0.000000000
       560.0   0.000000000
       561.0   0.000000000
       562.0   0.000000000
       563.0   0.000000000
       564.0   0.000000000
       565.0   0.000000000
       566.0   0.000000000
       567.0   0.000000000
       568.0   0.000000000
       569.0   0.000000000
       570.0   0.000000000
       571.0   0.000000000
       572.0   0.000000000
       573.0   0.000000000
       574.0   0.000000000
       575.0   0.000000000
       576.0   0.000000000
       577.0   0.000000000
       578.0   0.000000000
       579.0   0.000000000
       580.0   0.000000000
       581.0   0.000000000
       582.0   0.000000000
       583.0   0.000000000
       584.0   0.000000000
       585.0   0.000000000
       586.0   0.000000000
       587.0   0.000000000
       588.0   0.000000000
       589.0   0.000000000
       590.0   0.000000000
       591.0   0.000000000
       592.0   0.000000000
       593.0   0.000000000
       594.0   0.000000000
       595.0   0.000000000
       596.0   0.000000000
       597.0   0.000000000
       598.0   0.000000000
       599.0   0.000000000
       600.0   0.000000000
       601.0   0.000000000
       602.0   0.000000000
       603.0   0.000000000
       604.0   0.000000000
       605.0   0.000000000
       606.0   0.000000000
       607.0   0.000000000
       608.0   0.000000000
       609.0   0.000000000
       610.0   0.000000000
       611.0   0.000000000
       612.0   0.000000000
       613.0   0.000000000
       614.0   0.000000000
       615.0   0.000000000
       616.0   0.000000000
       617.0   0.000000000
       618.0   0.000000000
       619.0   0.000000000
       620.0   0.000000000
       621.0   0.000000000
       622.0   0.000000000
       623.0   0.000000000
       624.0   0.000000000
       625.0   0.000000000
       626.0   0.000000000
       627.0   0.000000000
       628.0   0.000000000
       629.0   0.000000000
       630.0   0.000000000
       631.0   0.000000000
       632.0   0.000000000
       633.0   0.000000000
       634.0   0.000000000
       635.0   0.000000000
       636.0   0.000000000
       637.0   0.000000000
       638.0   0.000000000
       639.0   0.000000000
       640.0   0.000000000
       641.0   0.000000000
       642.0   0.000000000
       643.0   0.000000000
       644.0   0.000000000
       645.0   0.000000000
       646.0   0.000000000
       647.0   0.000000000
       648.0   0.000000000
       649.0   0.000000000
       650.0   0.000000000
       651.0   0.000000000
       652.0   0.000000000
       653.0   0.000000000
       654.0   0.000000000
       655.0   0.000000000
       656.0   0.000000000
       657.0   0.000000000
       658.0   0.000000000
       659.0   0.000000000
       660.0   0.000000000
       661.0   0.000000000
       662.0   0.000000000
       663.0   0.000000000
       664.0   0.000000000
       665.0   0.000000000
       666.0   0.000000000
       667.0   0.000000000
       668.0   0.000000000
       669.0   0.000000000
       670.0   0.000000000
       671.0   0.000000000
       672.0   0.000000000
       673.0   0.000000000
       674.0   0.000000000
       675.0   0.000000000
       676.0   0.000000000
       677.0   0.000000000
       678.0   0.000000000
       679.0   0.000000000
       680.0   0.000000000
       681.0   0.000000000
       682.0   0.000000000
       683.0   0.000000000
       684.0   0.000000000
       685.0   0.000000000
       686.0   0.000000000
       687.0   0.000000000
       688.0   0.000000000
       689.0   0.000000000
       690.0   0.000000000
       691.0   0.000000000
       692.0   0.000000000
       693.0   0.000000000
       694.0   0.000000000
       695.0   0.000000000
       696.0   0.000000000
       697.0   0.000000000
       698.0   0.000000000
       699.0   0.000000000
       700.0   0.000000000
       701.0   0.000000000
       702.0   0.000000000
       703.0   0.000000000
       704.0   0.000000000
       705.0   0.000000000
       706.0   0.000000000
       707.0   0.000000000
       708.0   0.000000000
       709.0   0.000000000
       710.0   0.000000000
       711.0   0.000000000
       712.0   0.000000000
       713.0   0.000000000
       714.0   0.000000000
       715.0   0.000000000
       716.0   0.000000000
       717.0   0.000000000
       718.0   0.000000000
       719.0   0.000000000
       720.0   0.000000000
       721.0   0.000000000
       722.0   0.000000000
       723.0   0.000000000
       724.0   0.000000000
       725.0   0.000000000
       726.0   0.000000000
       727.0   0.000000000
       728.0   0.000000000
       729.0   0.000000000
       730.0   0.000000000
       731.0   0.000000000
       732.0   0.000000000
       733.0   0.000000000
       734.0   0.000000000
       735.0   0.000000000
       736.0   0.000000000
       737.0   0.000000000
       738.0   0.000000000
       739.0   0.000000000
       740.0   0.000000000
       741.0   0.000000000
       742.0   0.000000000
       743.0   0.000000000
       744.0   0.000000000
       745.0   0.000000000
       746.0   0.000000000
       747.0   0.000000000
       748.0   0.000000000
       749.0   0.000000000
       750.0   0.000000000
       751.0   0.000000000
       752.0   0.000000000
       753.0   0.000000000
       754.0   0.000000000
       755.0   0.000000000
       756.0   0.000000000
       757.0   0.000000000
       758.0   0.000000000
       759.0   0.000000000
       760.0   0.000000000
       761.0   0.000000000
       762.0   0.000000000
       763.0   0.000000000
       764.0   0.000000000
       765.0   0.000000000
       766.0   0.000000000
       767.0   0.000000000
       768.0   0.000000000
       769.0   0.000000000
       770.0   0.000000000
       771.0   0.000000000
       772.0   0.000000000
       773.0   0.000000000
       774.0   0.000000000
       775.0   0.000000000
       776.0   0.000000000
       777.0   0.000000000
       778.0   0.000000000
       779.0   0.000000000
       780.0   0.000000000
       781.0   0.000000000
       782.0   0.000000000
       783.0   0.000000000
       784.0   0.000000000
       785.0   0.000000000
       786.0   0.000000000
       787.0   0.000000000
       788.0   0.000000000
       789.0   0.000000000
       790.0   0.000000000
       791.0   0.000000000
       792.0   0.000000000
       793.0   0.000000000
       794.0   0.000000000
       795.0   0.000000000
       796.0   0.000000000
       797.0   0.000000000
       798.0   0.000000000
       799.0   0.000000000
       800.0   0.000000000
       801.0   0.000000000
       802.0   0.000000000
       803.0   0.000000000
       804.0   0.000000000
       805.0   0.000000000
       806.0   0.000000000
       807.0   0.000000000
       808.0   0.000000000
       809.0   0.000000000
       810.0   0.000000000
       811.0   0.000000000
       812.0   0.000000000
       813.0   0.000000000
       814.0   0.000000000
       815.0   0.000000000
       816.0   0.000000000
       817.0   0.000000000
       818.0   0.000000000
       819.0   0.000000000
       820.0   0.000000000
       821.0   0.000000000
       822.0   0.000000000
       823.0   0.000000000
       824.0   0.000000001
       825.0   0.000000001
       826.0   0.000000002
       827.0   0.000000002
       828.0   0.000000002
       829.0   0.000000001
       830.0   0.000000001
       831.0   0.000000001
       832.0   0.000000002
       833.0   0.000000006
       834.0   0.000000014
       835.0   0.000000021
       836.0   0.000000041
       837.0   0.000000045
       838.0   0.000000014
       839.0   0.000000035
       840.0   0.000000021
       841.0   0.000000037
       842.0   0.000000025
       843.0   0.000000025
       844.0   0.000000035
       845.0   0.000000043
       846.0   0.000000075
       847.0   0.000000106
       848.0   0.000000154
       849.0   0.000000239
       850.0   0.000000501
       851.0   0.000001308
       852.0   0.000002865
       853.0   0.000003163
       854.0   0.000001408
       855.0   0.000000505
       856.0   0.000000292
       857.0   0.000000197
       858.0   0.000000189
       859.0   0.000000223
       860.0   0.000000795
       861.0   0.000001994
       862.0   0.000001555
       863.0   0.000000325
       864.0   0.000000000
       865.0   0.000000000
       866.0   0.000000000
       867.0   0.000000000
       868.0   0.000000511
       869.0   0.000000343
       870.0   0.000000000
       871.0   0.000003011
       872.0   0.000002323
       873.0   0.000000000
       874.0   0.000000000
       875.0   0.000000400
       876.0   0.000000519
       877.0   0.000000000
       878.0   0.000000664
       879.0   0.000000508
       880.0   0.000000328
       881.0   0.000002812
       882.0   0.000000000
       883.0   0.000000000
       884.0   0.000000003
       885.0   0.000002396
       886.0   0.000000000
       887.0   0.000000000
       888.0   0.000000000
       889.0   0.000001623
       890.0   0.000000789
       891.0   0.000001682
       892.0   0.000000126
       893.0   0.000000390
       894.0   0.000000247
       895.0   0.000000505
       896.0   0.000000203
       897.0   0.000000000
       898.0   0.000000156
       899.0   0.000000476
       900.0   0.000000000
       901.0   0.000000203
       902.0   0.000000187
       903.0   0.000000012
       904.0   0.000000000
       905.0   0.000000096
       906.0   0.000000000
       907.0   0.000000000
       908.0   0.000000143
       909.0   0.000000290
       910.0   0.000000000
       911.0   0.000000000
       912.0   0.000000205
       913.0   0.000000000
       914.0   0.000000000
       915.0   0.000000062
       916.0   0.000000459
       917.0   0.000000295
       918.0   0.000000075
       919.0   0.000000000
       920.0   0.000000000
       921.0   0.000000000
       922.0   0.000000197
       923.0   0.000000192
       924.0   0.000000000
       925.0   0.000000000
       926.0   0.000000000
       927.0   0.000000000
       928.0   0.000000038
       929.0   0.000000000
       930.0   0.000000095
       931.0   0.000000256
       932.0   0.000000258
       933.0   0.000000000
       934.0   0.000000000
       935.0   0.000000187
       936.0   0.000000332
       937.0   0.000000120
       938.0   0.000000162
       939.0   0.000000000
       940.0   0.000000000
       941.0   0.000000208
       942.0   0.000000000
       943.0   0.000000077
       944.0   0.000000000
       945.0   0.000000007
       946.0   0.000000087
       947.0   0.000000140
       948.0   0.000000080
       949.0   0.000000000
       950.0   0.000000000
       951.0   0.000000008
       952.0   0.000000039
       953.0   0.000000059
       954.0   0.000000009
       955.0   0.000000000
       956.0   0.000000014
       957.0   0.000000000
       958.0   0.000000000
       959.0   0.000000099
       960.0   0.000000253
       961.0   0.000000130
       962.0   0.000000023
       963.0   0.000000142
       964.0   0.000000134
       965.0   0.000000083
       966.0   0.000000091
       967.0   0.000000000
       968.0   0.000000000
       969.0   0.000000000
       970.0   0.000000000
       971.0   0.000000000
       972.0   0.000000000
       973.0   0.000000032
       974.0   0.000000187
       975.0   0.000000225
       976.0   0.000000120
       977.0   0.000000000
       978.0   0.000000000
       979.0   0.000000181
       980.0   0.000000595
       981.0   0.000000602
       982.0   0.000000000
       983.0   0.000000000
       984.0   0.000000418
       985.0   0.000000364
       986.0   0.000000000
       987.0   0.000000000
       988.0   0.000000000
       989.0   0.000001000
       990.0   0.000000000
       991.0   0.000000000
       992.0   0.000001113
       993.0   0.000000789
       994.0   0.000000527
       995.0   0.000001115
       996.0   0.000002046
       997.0   0.000001148
       998.0   0.000001408
       999.0   0.000003805
      1000.0   0.000004694
      1001.0   0.000006227
      1002.0   0.000007453
      1003.0   0.000004552
      1004.0   0.000014015
      1005.0   0.000010645
      1006.0   0.000007261
      1007.0   0.000008854
      1008.0   0.000007185
      1009.0   0.000009148
      1010.0   0.000010894
      1011.0   0.000009376
      1012.0   0.000008432
      1013.0   0.000010915
      1014.0   0.000014435
      1015.0   0.000010438
      1016.0   0.000012992
      1017.0   0.000014357
      1018.0   0.000015473
      1019.0   0.000014721
      1020.0   0.000009867
      1021.0   0.000010970
      1022.0   0.000015229
      1023.0   0.000013251
      1024.0   0.000009749
      1025.0   0.000011392
      1026.0   0.000010344
      1027.0   0.000007180
      1028.0   0.000010972
      1029.0   0.000010138
      1030.0   0.000008295
      1031.0   0.000009402
      1032.0   0.000011044
      1033.0   0.000011560
      1034.0   0.000013300
      1035.0   0.000019657
      1036.0   0.000019896
      1037.0   0.000019324
      1038.0   0.000024032
      1039.0   0.000027626
      1040.0   0.000036684
      1041.0   0.000037544
      1042.0   0.000042836
      1043.0   0.000046157
      1044.0   0.000049024
      1045.0   0.000057161
      1046.0   0.000054436
      1047.0   0.000066724
      1048.0   0.000071355
      1049.0   0.000069967
      1050.0   0.000081964
      1051.0   0.000097993
      1052.0   0.000119436
      1053.0   0.000136649
      1054.0   0.000150464
      1055.0   0.000175435
      1056.0   0.000217392
      1057.0   0.000262961
      1058.0   0.000302907
      1059.0   0.000353596
      1060.0   0.000367432
      1061.0   0.000440553
      1062.0   0.000480725
      1063.0   0.000543970
      1064.0   0.000530049
      1065.0   0.000540330
      1066.0   0.000561364
      1067.0   0.000590535
      1068.0   0.000580072
      1069.0   0.000614393
      1070.0   0.000637742
      1071.0   0.000671746
      1072.0   0.000681884
      1073.0   0.000731461
      1074.0   0.000855575
      1075.0   0.000964966
      1076.0   0.001038150
      1077.0   0.001218450
      1078.0   0.001293540
      1079.0   0.001515170
      1080.0   0.001638890
      1081.0   0.002129830
      1082.0   0.002077510
      1083.0   0.002166940
      1084.0   0.002355300
      1085.0   0.002113080
      1086.0   0.002749680
      1087.0   0.003067890
      1088.0   0.003679890
      1089.0   0.003690820
      1090.0   0.003798740
      1091.0   0.003829770
      1092.0   0.004091480
      1093.0   0.004805820
      1094.0   0.005396410
      1095.0   0.006448300
      1096.0   0.007771610
      1097.0   0.009245990
      1098.0   0.010261300
      1099.0   0.011773600
      1100.0   0.014293500
      1101.0   0.016212000
      1102.0   0.018886801
      1103.0   0.022980200
      1104.0   0.027289599
      1105.0   0.032101002
      1106.0   0.036480300
      1107.0   0.041697901
      1108.0   0.047658201
      1109.0   0.054545999
      1110.0   0.061900701
      1111.0   0.070994698
      1112.0   0.082356602
      1113.0   0.096137799
      1114.0   0.113093004
      1115.0   0.133745998
      1116.0   0.160037994
      1117.0   0.191979006
      1118.0   0.230886996
      1119.0   0.277114987
      1120.0   0.332414001
      1121.0   0.394591987
      1122.0   0.463874012
      1123.0   0.536998987
      1124.0   0.609933972
      1125.0   0.678470016
      1126.0   0.739601016
      1127.0   0.788694978
      1128.0   0.823790014
      1129.0   0.845447004
      1130.0   0.854219019
      1131.0   0.852172017
      1132.0   0.841686010
      1133.0   0.827054977
      1134.0   0.810338020
      1135.0   0.791357994
      1136.0   0.774230003
      1137.0   0.760111988
      1138.0   0.749280989
      1139.0   0.742474973
      1140.0   0.738967001
      1141.0   0.739144981
      1142.0   0.742402017
      1143.0   0.749175012
      1144.0   0.757915020
      1145.0   0.768876016
      1146.0   0.781440973
      1147.0   0.795076013
      1148.0   0.808606982
      1149.0   0.821094990
      1150.0   0.832971990
      1151.0   0.843590975
      1152.0   0.851904988
      1153.0   0.858282030
      1154.0   0.862820029
      1155.0   0.866070986
      1156.0   0.867208004
      1157.0   0.867837012
      1158.0   0.868327022
      1159.0   0.868489981
      1160.0   0.869114995
      1161.0   0.870274007
      1162.0   0.871940970
      1163.0   0.874602973
      1164.0   0.877889991
      1165.0   0.881898999
      1166.0   0.886058986
      1167.0   0.890235007
      1168.0   0.894724011
      1169.0   0.898227990
      1170.0   0.902037978
      1171.0   0.905035973
      1172.0   0.907067001
      1173.0   0.908502996
      1174.0   0.909169972
      1175.0   0.909246981
      1176.0   0.908245027
      1177.0   0.906763017
      1178.0   0.905321002
      1179.0   0.903560996
      1180.0   0.901813984
      1181.0   0.900424004
      1182.0   0.899017990
      1183.0   0.897947013
      1184.0   0.897927999
      1185.0   0.898069024
      1186.0   0.898699999
      1187.0   0.900097013
      1188.0   0.902011991
      1189.0   0.904302001
      1190.0   0.906875014
      1191.0   0.908978999
      1192.0   0.910848022
      1193.0   0.912452996
      1194.0   0.913664997
      1195.0   0.914655030
      1196.0   0.914915979
      1197.0   0.914632976
      1198.0   0.913694978
      1199.0   0.912311971
      1200.0   0.910840988
      1201.0   0.909102976
      1202.0   0.907118976
      1203.0   0.904893994
      1204.0   0.902692974
      1205.0   0.900649011
      1206.0   0.898918986
      1207.0   0.897638023
      1208.0   0.896712005
      1209.0   0.896377027
      1210.0   0.896526992
      1211.0   0.897099972
      1212.0   0.898151994
      1213.0   0.899688005
      1214.0   0.901637971
      1215.0   0.904044986
      1216.0   0.906162024
      1217.0   0.908095002
      1218.0   0.910758018
      1219.0   0.913520992
      1220.0   0.915787995
      1221.0   0.917997003
      1222.0   0.920233011
      1223.0   0.921837986
      1224.0   0.923648000
      1225.0   0.925289989
      1226.0   0.926527977
      1227.0   0.927546024
      1228.0   0.928272009
      1229.0   0.928964019
      1230.0   0.928766012
      1231.0   0.928204000
      1232.0   0.927807987
      1233.0   0.927102029
      1234.0   0.926213026
      1235.0   0.925177991
      1236.0   0.924076021
      1237.0   0.922801018
      1238.0   0.921805978
      1239.0   0.921003997
      1240.0   0.919997990
      1241.0   0.918784976
      1242.0   0.917908013
      1243.0   0.916827023
      1244.0   0.915946007
      1245.0   0.915413976
      1246.0   0.914604008
      1247.0   0.913917005
      1248.0   0.913185000
      1249.0   0.912540019
      1250.0   0.912204981
      1251.0   0.911816001
      1252.0   0.911306977
      1253.0   0.910604000
      1254.0   0.910534978
      1255.0   0.910574019
      1256.0   0.910126984
      1257.0   0.909934998
      1258.0   0.910130024
      1259.0   0.910040975
      1260.0   0.909443021
      1261.0   0.909291983
      1262.0   0.909524024
      1263.0   0.910238981
      1264.0   0.910817981
      1265.0   0.911832988
      1266.0   0.913096011
      1267.0   0.914083004
      1268.0   0.915768981
      1269.0   0.916948020
      1270.0   0.918422997
      1271.0   0.920237005
      1272.0   0.921750009
      1273.0   0.923658013
      1274.0   0.925067008
      1275.0   0.925980985
      1276.0   0.927513003
      1277.0   0.929032981
      1278.0   0.930334985
      1279.0   0.931318998
      1280.0   0.932488024
      1281.0   0.933597982
      1282.0   0.934576988
      1283.0   0.934836984
      1284.0   0.935054004
      1285.0   0.935365021
      1286.0   0.935465991
      1287.0   0.935432017
      1288.0   0.935333014
      1289.0   0.935356021
      1290.0   0.935038984
      1291.0   0.934135020
      1292.0   0.933856010
      1293.0   0.932752013
      1294.0   0.932358027
      1295.0   0.931096971
      1296.0   0.929979980
      1297.0   0.928605974
      1298.0   0.927043974
      1299.0   0.925249994
      1300.0   0.923991024
      1301.0   0.922354996
      1302.0   0.921276987
      1303.0   0.920350015
      1304.0   0.919395983
      1305.0   0.918386996
      1306.0   0.918560028
      1307.0   0.918385029
      1308.0   0.918920994
      1309.0   0.919655979
      1310.0   0.920669019
      1311.0   0.921289980
      1312.0   0.921634018
      1313.0   0.921612978
      1314.0   0.921214998
      1315.0   0.920295000
      1316.0   0.918412030
      1317.0   0.915087998
      1318.0   0.911463976
      1319.0   0.906655014
      1320.0   0.900569975
      1321.0   0.893589020
      1322.0   0.885478973
      1323.0   0.876221001
      1324.0   0.866267979
      1325.0   0.856639981
      1326.0   0.846619010
      1327.0   0.837098002
      1328.0   0.829126000
      1329.0   0.821735978
      1330.0   0.815473974
      1331.0   0.810871005
      1332.0   0.808588982
      1333.0   0.807621002
      1334.0   0.809544981
      1335.0   0.813156009
      1336.0   0.818247020
      1337.0   0.825966001
      1338.0   0.834685981
      1339.0   0.844461977
      1340.0   0.855727971
      1341.0   0.866530001
      1342.0   0.877503991
      1343.0   0.886973977
      1344.0   0.895883977
      1345.0   0.903644979
      1346.0   0.909305990
      1347.0   0.912549019
      1348.0   0.915028989
      1349.0   0.916131020
      1350.0   0.915991008
      1351.0   0.915476978
      1352.0   0.915432990
      1353.0   0.914745986
      1354.0   0.914264023
      1355.0   0.913307011
      1356.0   0.909700990
      1357.0   0.902341008
      1358.0   0.888417006
      1359.0   0.864533007
      1360.0   0.830254972
      1361.0   0.781818986
      1362.0   0.722769976
      1363.0   0.651247025
      1364.0   0.576933980
      1365.0   0.500202000
      1366.0   0.428281993
      1367.0   0.359800994
      1368.0   0.298918009
      1369.0   0.246456996
      1370.0   0.199233994
      1371.0   0.162036002
      1372.0   0.133001000
      1373.0   0.109545998
      1374.0   0.091370299
      1375.0   0.077491298
      1376.0   0.066188499
      1377.0   0.056426998
      1378.0   0.049371000
      1379.0   0.043029200
      1380.0   0.037902702
      1381.0   0.033785399
      1382.0   0.029742099
      1383.0   0.027642000
      1384.0   0.025418200
      1385.0   0.022576701
      1386.0   0.021222301
      1387.0   0.019703699
      1388.0   0.020071900
      1389.0   0.020308901
      1390.0   0.016511001
      1391.0   0.016670700
      1392.0   0.014246800
      1393.0   0.012479900
      1394.0   0.011838300
      1395.0   0.012323900
      1396.0   0.011973200
      1397.0   0.010281400
      1398.0   0.009721500
      1399.0   0.009659490
      1400.0   0.009334600
      1401.0   0.008732990
      1402.0   0.008321640
      1403.0   0.007050010
      1404.0   0.006700490
      1405.0   0.005764040
      1406.0   0.005263690
      1407.0   0.004391010
      1408.0   0.004184030
      1409.0   0.004069690
      1410.0   0.003518370
      1411.0   0.002979970
      1412.0   0.002640380
      1413.0   0.002188190
      1414.0   0.002003390
      1415.0   0.001650000
      1416.0   0.001397820
      1417.0   0.001173840
      1418.0   0.000962808
      1419.0   0.000906293
      1420.0   0.000785664
      1421.0   0.000676536
      1422.0   0.000607918
      1423.0   0.000515461
      1424.0   0.000484121
      1425.0   0.000427963
      1426.0   0.000393777
      1427.0   0.000355759
      1428.0   0.000351747
      1429.0   0.000318349
      1430.0   0.000284070
      1431.0   0.000258032
      1432.0   0.000259312
      1433.0   0.000257510
      1434.0   0.000253768
      1435.0   0.000246482
      1436.0   0.000242713
      1437.0   0.000240681
      1438.0   0.000257573
      1439.0   0.000264156
      1440.0   0.000261182
      1441.0   0.000263500
      1442.0   0.000280608
      1443.0   0.000284767
      1444.0   0.000305226
      1445.0   0.000327141
      1446.0   0.000300205
      1447.0   0.000333701
      1448.0   0.000343965
      1449.0   0.000335508
      1450.0   0.000350933
      1451.0   0.000331532
      1452.0   0.000331415
      1453.0   0.000327946
      1454.0   0.000339514
      1455.0   0.000311511
      1456.0   0.000307409
      1457.0   0.000269417
      1458.0   0.000246577
      1459.0   0.000232137
      1460.0   0.000241192
      1461.0   0.000225668
      1462.0   0.000187910
      1463.0   0.000156020
      1464.0   0.000152744
      1465.0   0.000145275
      1466.0   0.000111756
      1467.0   0.000110813
      1468.0   0.000087618
      1469.0   0.000078634
      1470.0   0.000083274
      1471.0   0.000059520
      1472.0   0.000052283
      1473.0   0.000050335
      1474.0   0.000043464
      1475.0   0.000036120
      1476.0   0.000035714
      1477.0   0.000034116
      1478.0   0.000023487
      1479.0   0.000033914
      1480.0   0.000029816
      1481.0   0.000022529
      1482.0   0.000026411
      1483.0   0.000026354
      1484.0   0.000024600
      1485.0   0.000022015
      1486.0   0.000029249
      1487.0   0.000034036
      1488.0   0.000027006
      1489.0   0.000030830
      1490.0   0.000025680
      1491.0   0.000031666
      1492.0   0.000038338
      1493.0   0.000034325
      1494.0   0.000045824
      1495.0   0.000048637
      1496.0   0.000045772
      1497.0   0.000052568
      1498.0   0.000053273
      1499.0   0.000054849
      1500.0   0.000053969
      1501.0   0.000063607
      1502.0   0.000058322
      1503.0   0.000054813
      1504.0   0.000062071
      1505.0   0.000058604
      1506.0   0.000065758
      1507.0   0.000061996
      1508.0   0.000058960
      1509.0   0.000059191
      1510.0   0.000059865
      1511.0   0.000053952
      1512.0   0.000030176
      1513.0   0.000035131
      1514.0   0.000039442
      1515.0   0.000028562
      1516.0   0.000018212
      1517.0   0.000014815
      1518.0   0.000019273
      1519.0   0.000014939
      1520.0   0.000006080
      1521.0   0.000018412
      1522.0   0.000019223
      1523.0   0.000000000
      1524.0   0.000007980
      1525.0   0.000012570
      1526.0   0.000004706
      1527.0   0.000000000
      1528.0   0.000000000
      1529.0   0.000004462
      1530.0   0.000008944
      1531.0   0.000000837
      1532.0   0.000001947
      1533.0   0.000003890
      1534.0   0.000003934
      1535.0   0.000004430
      1536.0   0.000008536
      1537.0   0.000000538
      1538.0   0.000000000
      1539.0   0.000004710
      1540.0   0.000000000
      1541.0   0.000000000
      1542.0   0.000001324
      1543.0   0.000004625
      1544.0   0.000002006
      1545.0   0.000006761
      1546.0   0.000001394
      1547.0   0.000000000
      1548.0   0.000002168
      1549.0   0.000000411
      1550.0   0.000000000
      1551.0   0.000005461
      1552.0   0.000004833
      1553.0   0.000000000
      1554.0   0.000000000
      1555.0   0.000000000
      1556.0   0.000003600
      1557.0   0.000017862
      1558.0   0.000020027
      1559.0   0.000008131
      1560.0   0.000005257
      1561.0   0.000007698
      1562.0   0.000000000
      1563.0   0.000000000
      1564.0   0.000010898
      1565.0   0.000010468
      1566.0   0.000020343
      1567.0   0.000031493
      1568.0   0.000016424
      1569.0   0.000017250
      1570.0   0.000012686
      1571.0   0.000015451
      1572.0   0.000014227
      1573.0   0.000003246
      1574.0   0.000001653
      1575.0   0.000011255
      1576.0   0.000018386
      1577.0   0.000014235
      1578.0   0.000000398
      1579.0   0.000008069
      1580.0   0.000007050
      1581.0   0.000000000
      1582.0   0.000009166
      1583.0   0.000010876
      1584.0   0.000000000
      1585.0   0.000003224
      1586.0   0.000012883
      1587.0   0.000000000
      1588.0   0.000000000
      1589.0   0.000005899
      1590.0   0.000012303
      1591.0   0.000008597
      1592.0   0.000000000
      1593.0   0.000000000
      1594.0   0.000001335
      1595.0   0.000000000
      1596.0   0.000000000
      1597.0   0.000002501
      1598.0   0.000004180
      1599.0   0.000004052
      1600.0   0.000009128
      1601.0   0.000010837
      1602.0   0.000006813
      1603.0   0.000007456
      1604.0   0.000000000
      1605.0   0.000000244
      1606.0   0.000000000
      1607.0   0.000000000
      1608.0   0.000000000
      1609.0   0.000000000
      1610.0   0.000000000
      1611.0   0.000007127
      1612.0   0.000000000
      1613.0   0.000000000
      1614.0   0.000007320
      1615.0   0.000000000
      1616.0   0.000000000
      1617.0   0.000003013
      1618.0   0.000032867
      1619.0   0.000012166
      1620.0   0.000010798
      1621.0   0.000000000
      1622.0   0.000000000
      1623.0   0.000004864
      1624.0   0.000013576
      1625.0   0.000004026
      1626.0   0.000000000
      1627.0   0.000005948
      1628.0   0.000003044
      1629.0   0.000012195
      1630.0   0.000006952
      1631.0   0.000000834
      1632.0   0.000012839
      1633.0   0.000001695
      1634.0   0.000000000
      1635.0   0.000012439
      1636.0   0.000003333
      1637.0   0.000012437
      1638.0   0.000011402
      1639.0   0.000000000
      1640.0   0.000005842
      1641.0   0.000006279
      1642.0   0.000007438
      1643.0   0.000001733
      1644.0   0.000012074
      1645.0   0.000000000
      1646.0   0.000008266
      1647.0   0.000000000
      1648.0   0.000000000
      1649.0   0.000005952
      1650.0   0.000005115
      1651.0   0.000000000
      1652.0   0.000010058
      1653.0   0.000011075
      1654.0   0.000000512
      1655.0   0.000004935
      1656.0   0.000000000
      1657.0   0.000007640
      1658.0   0.000000000
      1659.0   0.000006897
      1660.0   0.000005148
      1661.0   0.000000000
      1662.0   0.000008692
      1663.0   0.000000000
      1664.0   0.000008792
      1665.0   0.000000949
      1666.0   0.000000000
      1667.0   0.000000000
      1668.0   0.000000000
      1669.0   0.000015341
      1670.0   0.000009837
      1671.0   0.000005010
      1672.0   0.000000480
      1673.0   0.000000000
      1674.0   0.000003641
      1675.0   0.000000000
      1676.0   0.000001093
      1677.0   0.000000000
      1678.0   0.000001301
      1679.0   0.000011376
      1680.0   0.000001539
      1681.0   0.000000000
      1682.0   0.000000000
      1683.0   0.000000000
      1684.0   0.000015267
      1685.0   0.000000000
      1686.0   0.000000000
      1687.0   0.000000000
      1688.0   0.000001285
      1689.0   0.000008349
      1690.0   0.000000000
      1691.0   0.000002986
      1692.0   0.000000000
      1693.0   0.000003985
      1694.0   0.000005402
      1695.0   0.000004889
      1696.0   0.000000000
      1697.0   0.000000000
      1698.0   0.000006456
      1699.0   0.000002674
      1700.0   0.000000000
      1701.0   0.000010780
      1702.0   0.000000000
      1703.0   0.000003474
      1704.0   0.000000742
      1705.0   0.000008273
      1706.0   0.000000000
      1707.0   0.000000000
      1708.0   0.000011445
      1709.0   0.000003986
      1710.0   0.000000000
      1711.0   0.000004034
      1712.0   0.000004042
      1713.0   0.000000000
      1714.0   0.000000000
      1715.0   0.000000000
      1716.0   0.000015552
      1717.0   0.000000000
      1718.0   0.000000843
      1719.0   0.000005157
      1720.0   0.000004480
      1721.0   0.000000000
      1722.0   0.000001219
      1723.0   0.000006530
      1724.0   0.000000000
      1725.0   0.000002595
      1726.0   0.000012386
      1727.0   0.000001074
      1728.0   0.000012430
      1729.0   0.000015017
      1730.0   0.000010961
      1731.0   0.000000000
      1732.0   0.000019650
      1733.0   0.000013271
      1734.0   0.000022666
      1735.0   0.000006107
      1736.0   0.000024102
      1737.0   0.000036309
      1738.0   0.000008967
      1739.0   0.000024696
      1740.0   0.000003942
      1741.0   0.000004998
      1742.0   0.000015610
      1743.0   0.000032961
      1744.0   0.000000000
      1745.0   0.000012228
      1746.0   0.000022552
      1747.0   0.000016795
      1748.0   0.000000000
      1749.0   0.000000000
      1750.0   0.000000000
      1751.0   0.000005142
      1752.0   0.000026873
      1753.0   0.000000851
      1754.0   0.000000000
      1755.0   0.000000000
      1756.0   0.000000000
      1757.0   0.000006779
      1758.0   0.000000000
      1759.0   0.000012722
      1760.0   0.000000000
      1761.0   0.000009864
      1762.0   0.000000000
      1763.0   0.000010017
      1764.0   0.000000000
      1765.0   0.000021293
      1766.0   0.000000000
      1767.0   0.000001711
      1768.0   0.000018869
      1769.0   0.000000000
      1770.0   0.000000000
      1771.0   0.000004301
      1772.0   0.000005788
      1773.0   0.000000000
      1774.0   0.000000000
      1775.0   0.000009728
      1776.0   0.000001958
      1777.0   0.000000000
      1778.0   0.000000000
      1779.0   0.000000000
      1780.0   0.000008492
      1781.0   0.000000000
      1782.0   0.000001631
      1783.0   0.000015131
      1784.0   0.000015792
      1785.0   0.000000000
      1786.0   0.000010584
      1787.0   0.000000000
      1788.0   0.000021063
      1789.0   0.000005852
      1790.0   0.000000000
      1791.0   0.000018193
      1792.0   0.000011544
      1793.0   0.000022048
      1794.0   0.000023676
      1795.0   0.000014573
      1796.0   0.000007686
      1797.0   0.000037139
      1798.0   0.000023702
      1799.0   0.000021063
      1800.0   0.000030186
      1801.0   0.000019980
      1802.0   0.000037199
      1803.0   0.000030469
      1804.0   0.000044252
      1805.0   0.000038726
      1806.0   0.000039164
      1807.0   0.000031297
      1808.0   0.000027080
      1809.0   0.000000000
      1810.0   0.000008528
      1811.0   0.000023277
      1812.0   0.000034101
      1813.0   0.000026231
      1814.0   0.000005382
      1815.0   0.000000000
      1816.0   0.000005636
      1817.0   0.000020423
      1818.0   0.000009658
      1819.0   0.000000000
      1820.0   0.000024535
      1821.0   0.000016411
      1822.0   0.000000000
      1823.0   0.000000000
      1824.0   0.000000000
      1825.0   0.000000000
      1826.0   0.000015461
      1827.0   0.000000000
      1828.0   0.000000000
      1829.0   0.000000000
      1830.0   0.000006930
      1831.0   0.000026134
      1832.0   0.000000000
      1833.0   0.000000220
      1834.0   0.000013165
      1835.0   0.000014738
      1836.0   0.000007190
      1837.0   0.000011307
      1838.0   0.000012212
      1839.0   0.000000000
      1840.0   0.000000000
      1841.0   0.000002424
      1842.0   0.000000000
      1843.0   0.000000000
      1844.0   0.000000000
      1845.0   0.000004771
      1846.0   0.000005972
      1847.0   0.000014792
      1848.0   0.000001634
      1849.0   0.000000000
      1850.0   0.000000000
      1851.0   0.000007900
      1852.0   0.000007414
      1853.0   0.000013110
      1854.0   0.000003374
      1855.0   0.000000656
      1856.0   0.000000000
      1857.0   0.000000981
      1858.0   0.000020785
      1859.0   0.000016545
      1860.0   0.000009541
      1861.0   0.000000000
      1862.0   0.000000306
      1863.0   0.000002934
      1864.0   0.000006522
      1865.0   0.000000000
      1866.0   0.000000000
      1867.0   0.000000000
      1868.0   0.000000000
      1869.0   0.000017862
      1870.0   0.000021318
      1871.0   0.000014229
      1872.0   0.000016319
      1873.0   0.000011427
      1874.0   0.000000000
      1875.0   0.000000000
      1876.0   0.000015959
      1877.0   0.000022580
      1878.0   0.000006811
      1879.0   0.000014793
      1880.0   0.000039510
      1881.0   0.000033752
      1882.0   0.000027313
      1883.0   0.000000000
      1884.0   0.000000000
      1885.0   0.000018659
      1886.0   0.000008829
      1887.0   0.000018478
      1888.0   0.000020787
      1889.0   0.000000000
      1890.0   0.000000000
      1891.0   0.000044139
      1892.0   0.000001523
      1893.0   0.000000000
      1894.0   0.000013793
      1895.0   0.000013662
      1896.0   0.000041918
      1897.0   0.000028275
      1898.0   0.000059910
      1899.0   0.000000000
      1900.0   0.000000000
      1901.0   0.000024706
      1902.0   0.000019924
      1903.0   0.000006193
      1904.0   0.000000000
      1905.0   0.000000000
      1906.0   0.000000000
      1907.0   0.000010599
      1908.0   0.000017902
      1909.0   0.000000000
      1910.0   0.000012028
      1911.0   0.000040186
      1912.0   0.000002216
      1913.0   0.000001629
      1914.0   0.000011663
      1915.0   0.000000000
      1916.0   0.000008342
      1917.0   0.000021084
      1918.0   0.000010778
      1919.0   0.000000000
      1920.0   0.000000000
      1921.0   0.000003407
      1922.0   0.000027877
      1923.0   0.000011134
      1924.0   0.000001804
      1925.0   0.000003639
      1926.0   0.000010162
      1927.0   0.000019208
      1928.0   0.000000000
      1929.0   0.000000000
      1930.0   0.000000000
      1931.0   0.000000000
      1932.0   0.000000000
      1933.0   0.000000000
      1934.0   0.000000000
      1935.0   0.000006434
      1936.0   0.000018639
      1937.0   0.000008303
      1938.0   0.000000000
      1939.0   0.000000000
      1940.0   0.000000000
      1941.0   0.000000000
      1942.0   0.000001857
      1943.0   0.000020054
      1944.0   0.000017644
      1945.0   0.000000000
      1946.0   0.000000000
      1947.0   0.000006005
      1948.0   0.000009804
      1949.0   0.000000000
      1950.0   0.000005503
      1951.0   0.000027563
      1952.0   0.000012444
      1953.0   0.000000000
      1954.0   0.000000000
      1955.0   0.000014851
      1956.0   0.000012319
      1957.0   0.000000000
      1958.0   0.000000000
      1959.0   0.000000000
      1960.0   0.000035793
      1961.0   0.000020444
      1962.0   0.000000000
      1963.0   0.000002437
      1964.0   0.000016393
      1965.0   0.000000000
      1966.0   0.000001888
      1967.0   0.000000000
      1968.0   0.000033785
      1969.0   0.000033474
      1970.0   0.000003819
      1971.0   0.000000000
      1972.0   0.000020923
      1973.0   0.000000000
      1974.0   0.000012459
      1975.0   0.000017677
      1976.0   0.000022802
      1977.0   0.000031571
      1978.0   0.000024101
      1979.0   0.000043245
      1980.0   0.000030333
      1981.0   0.000000000
      1982.0   0.000020655
      1983.0   0.000018730
      1984.0   0.000031022
      1985.0   0.000020571
      1986.0   0.000007258
      1987.0   0.000048307
      1988.0   0.000042238
      1989.0   0.000044096
      1990.0   0.000032467
      1991.0   0.000037176
      1992.0   0.000043901
      1993.0   0.000028228
      1994.0   0.000029487
      1995.0   0.000024147
      1996.0   0.000052376
      1997.0   0.000041946
      1998.0   0.000003863
      1999.0   0.000040218
      2000.0   0.000037396
      2001.0   0.000017781
      2002.0   0.000030282
      2003.0   0.000042685
      2004.0   0.000045647
      2005.0   0.000030766
      2006.0   0.000000000
      2007.0   0.000025660
      2008.0   0.000054219
      2009.0   0.000006345
      2010.0   0.000013574
      2011.0   0.000033431
      2012.0   0.000011056
      2013.0   0.000000000
      2014.0   0.000027741
      2015.0   0.000020156
      2016.0   0.000000000
      2017.0   0.000015523
      2018.0   0.000000000
      2019.0   0.000064973
      2020.0   0.000009377
      2021.0   0.000028447
      2022.0   0.000014716
      2023.0   0.000013087
      2024.0   0.000002968
      2025.0   0.000000000
      2026.0   0.000056475
      2027.0   0.000000000
      2028.0   0.000006150
      2029.0   0.000000000
      2030.0   0.000022148
      2031.0   0.000007936
      2032.0   0.000001845
      2033.0   0.000011984
      2034.0   0.000000000
      2035.0   0.000013717
      2036.0   0.000011486
      2037.0   0.000012797
      2038.0   0.000015818
      2039.0   0.000007543
      2040.0   0.000000000
      2041.0   0.000013398
      2042.0   0.000006277
      2043.0   0.000000000
      2044.0   0.000031787
      2045.0   0.000000000
      2046.0   0.000006048
      2047.0   0.000007257
      2048.0   0.000026599
      2049.0   0.000021534
      2050.0   0.000031481
      2051.0   0.000000000
      2052.0   0.000002134
      2053.0   0.000020588
      2054.0   0.000012892
      2055.0   0.000005859
      2056.0   0.000007593
      2057.0   0.000018755
      2058.0   0.000002644
      2059.0   0.000000000
      2060.0   0.000007903
      2061.0   0.000040385
      2062.0   0.000037191
      2063.0   0.000000000
      2064.0   0.000038883
      2065.0   0.000003890
      2066.0   0.000000000
      2067.0   0.000020147
      2068.0   0.000034840
      2069.0   0.000000000
      2070.0   0.000000000
      2071.0   0.000015825
      2072.0   0.000043770
      2073.0   0.000014268
      2074.0   0.000007402
      2075.0   0.000042278
      2076.0   0.000000000
      2077.0   0.000000000
      2078.0   0.000068670
      2079.0   0.000061240
      2080.0   0.000046125
      2081.0   0.000023708
      2082.0   0.000046897
      2083.0   0.000029820
      2084.0   0.000030981
      2085.0   0.000039460
      2086.0   0.000041775
      2087.0   0.000068072
      2088.0   0.000076459
      2089.0   0.000070101
      2090.0   0.000047192
      2091.0   0.000117066
      2092.0   0.000101098
      2093.0   0.000075258
      2094.0   0.000145146
      2095.0   0.000121543
      2096.0   0.000100144
      2097.0   0.000102802
      2098.0   0.000148737
      2099.0   0.000188424
      2100.0   0.000170506
      2101.0   0.000197730
      2102.0   0.000197327
      2103.0   0.000142784
      2104.0   0.000219549
      2105.0   0.000247049
      2106.0   0.000212704
      2107.0   0.000191776
      2108.0   0.000255132
      2109.0   0.000252835
      2110.0   0.000227887
      2111.0   0.000215502
      2112.0   0.000231694
      2113.0   0.000302463
      2114.0   0.000248318
      2115.0   0.000247844
      2116.0   0.000159504
      2117.0   0.000215784
      2118.0   0.000201574
      2119.0   0.000214353
      2120.0   0.000245824
      2121.0   0.000220634
      2122.0   0.000166697
      2123.0   0.000183527
      2124.0   0.000207845
      2125.0   0.000208859
      2126.0   0.000159464
      2127.0   0.000143635
      2128.0   0.000153237
      2129.0   0.000162644
      2130.0   0.000105634
      2131.0   0.000134516
      2132.0   0.000192222
      2133.0   0.000146893
      2134.0   0.000138334
      2135.0   0.000110497
      2136.0   0.000162982
      2137.0   0.000151065
      2138.0   0.000101114
      2139.0   0.000128280
      2140.0   0.000145655
      2141.0   0.000147137
      2142.0   0.000125349
      2143.0   0.000117970
      2144.0   0.000148889
      2145.0   0.000125582
      2146.0   0.000037773
      2147.0   0.000107925
      2148.0   0.000154093
      2149.0   0.000177242
      2150.0   0.000120020
      2151.0   0.000121368
      2152.0   0.000127269
      2153.0   0.000125038
      2154.0   0.000119453
      2155.0   0.000086453
      2156.0   0.000112168
      2157.0   0.000185826
      2158.0   0.000202021
      2159.0   0.000198203
      2160.0   0.000194133
      2161.0   0.000191768
      2162.0   0.000210818
      2163.0   0.000203207
      2164.0   0.000178094
      2165.0   0.000203672
      2166.0   0.000259433
      2167.0   0.000255604
      2168.0   0.000209503
      2169.0   0.000229309
      2170.0   0.000321803
      2171.0   0.000278682
      2172.0   0.000304473
      2173.0   0.000316583
      2174.0   0.000353205
      2175.0   0.000413563
      2176.0   0.000460021
      2177.0   0.000440898
      2178.0   0.000475015
      2179.0   0.000542261
      2180.0   0.000551591
      2181.0   0.000519448
      2182.0   0.000592364
      2183.0   0.000642576
      2184.0   0.000663202
      2185.0   0.000738858
      2186.0   0.000765010
      2187.0   0.000763237
      2188.0   0.000839326
      2189.0   0.000901503
      2190.0   0.000847209
      2191.0   0.000852652
      2192.0   0.000965464
      2193.0   0.000965623
      2194.0   0.000954890
      2195.0   0.001024280
      2196.0   0.000985142
      2197.0   0.000935889
      2198.0   0.000997449
      2199.0   0.001056110
      2200.0   0.001020790
      2201.0   0.000960022
      2202.0   0.000948867
      2203.0   0.000937686
      2204.0   0.000834173
      2205.0   0.000845213
      2206.0   0.000920620
      2207.0   0.000865852
      2208.0   0.000777983
      2209.0   0.000782816
      2210.0   0.000754153
      2211.0   0.000697094
      2212.0   0.000666123
      2213.0   0.000692509
      2214.0   0.000647320
      2215.0   0.000546625
      2216.0   0.000547465
      2217.0   0.000590729
      2218.0   0.000580719
      2219.0   0.000515217
      2220.0   0.000428738
      2221.0   0.000434165
      2222.0   0.000451189
      2223.0   0.000422965
      2224.0   0.000410398
      2225.0   0.000370801
      2226.0   0.000357926
      2227.0   0.000372531
      2228.0   0.000380975
      2229.0   0.000383721
      2230.0   0.000323592
      2231.0   0.000286028
      2232.0   0.000336939
      2233.0   0.000317792
      2234.0   0.000289962
      2235.0   0.000340878
      2236.0   0.000301031
      2237.0   0.000218655
      2238.0   0.000280620
      2239.0   0.000249413
      2240.0   0.000278113
      2241.0   0.000356515
      2242.0   0.000299529
      2243.0   0.000266046
      2244.0   0.000216115
      2245.0   0.000225463
      2246.0   0.000276478
      2247.0   0.000247032
      2248.0   0.000204248
      2249.0   0.000240222
      2250.0   0.000267432
      2251.0   0.000251408
      2252.0   0.000265909
      2253.0   0.000228982
      2254.0   0.000212126
      2255.0   0.000219130
      2256.0   0.000225173
      2257.0   0.000232286
      2258.0   0.000175457
      2259.0   0.000192222
      2260.0   0.000261227
      2261.0   0.000235498
      2262.0   0.000310416
      2263.0   0.000265908
      2264.0   0.000220738
      2265.0   0.000293819
      2266.0   0.000206470
      2267.0   0.000194249
      2268.0   0.000220257
      2269.0   0.000183602
      2270.0   0.000204031
      2271.0   0.000201544
      2272.0   0.000245917
      2273.0   0.000198720
      2274.0   0.000183198
      2275.0   0.000261537
      2276.0   0.000186197
      2277.0   0.000228963
      2278.0   0.000259383
      2279.0   0.000148757
      2280.0   0.000223003
      2281.0   0.000237755
      2282.0   0.000231620
      2283.0   0.000287154
      2284.0   0.000210006
      2285.0   0.000172644
      2286.0   0.000104794
      2287.0   0.000254513
      2288.0   0.000190769
      2289.0   0.000182728
      2290.0   0.000231871
      2291.0   0.000276446
      2292.0   0.000270974
      2293.0   0.000278967
      2294.0   0.000171998
      2295.0   0.000169184
      2296.0   0.000170068
      2297.0   0.000325627
      2298.0   0.000268382
      2299.0   0.000114419
      2300.0   0.000159443
      2301.0   0.000152277
      2302.0   0.000290333
      2303.0   0.000228486
      2304.0   0.000164703
      2305.0   0.000209458
      2306.0   0.000125051
      2307.0   0.000125932
      2308.0   0.000266659
      2309.0   0.000216390
      2310.0   0.000190578
      2311.0   0.000187075
      2312.0   0.000166866
      2313.0   0.000100949
      2314.0   0.000269235
      2315.0   0.000198943
      2316.0   0.000181714
      2317.0   0.000168610
      2318.0   0.000121046
      2319.0   0.000085926
      2320.0   0.000254276
      2321.0   0.000193239
      2322.0   0.000132575
      2323.0   0.000170927
      2324.0   0.000189289
      2325.0   0.000242962
      2326.0   0.000103213
      2327.0   0.000182036
      2328.0   0.000125776
      2329.0   0.000067038
      2330.0   0.000217340
      2331.0   0.000235717
      2332.0   0.000145152
      2333.0   0.000137699
      2334.0   0.000161041
      2335.0   0.000203848
      2336.0   0.000213041
      2337.0   0.000143764
      2338.0   0.000158454
      2339.0   0.000255951
      2340.0   0.000228144
      2341.0   0.000081767
      2342.0   0.000202734
      2343.0   0.000147664
      2344.0   0.000212826
      2345.0   0.000146344
      2346.0   0.000147047
      2347.0   0.000187897
      2348.0   0.000226447
      2349.0   0.000154739
      2350.0   0.000250944
      2351.0   0.000178070
      2352.0   0.000163995
      2353.0   0.000189067
      2354.0   0.000195904
      2355.0   0.000126298
      2356.0   0.000176530
      2357.0   0.000267707
      2358.0   0.000178729
      2359.0   0.000147163
      2360.0   0.000309459
      2361.0   0.000174472
      2362.0   0.000168099
      2363.0   0.000182020
      2364.0   0.000123661
      2365.0   0.000221014
      2366.0   0.000112591
      2367.0   0.000127586
      2368.0   0.000170706
      2369.0   0.000299051
      2370.0   0.000216303
      2371.0   0.000159411
      2372.0   0.000125021
      2373.0   0.000178131
      2374.0   0.000181302
      2375.0   0.000043551
      2376.0   0.000214391
      2377.0   0.000180339
      2378.0   0.000177142
      2379.0   0.000115032
      2380.0   0.000148033
      2381.0   0.000117575
      2382.0   0.000099018
      2383.0   0.000104397
      2384.0   0.000159694
      2385.0   0.000176714
      2386.0   0.000127768
      2387.0   0.000094703
      2388.0   0.000062552
      2389.0   0.000124258
      2390.0   0.000135061
      2391.0   0.000160014
      2392.0   0.000076281
      2393.0   0.000219134
      2394.0   0.000100775
      2395.0   0.000193065
      2396.0   0.000039558
      2397.0   0.000029730
      2398.0   0.000067954
      2399.0   0.000117589
      2400.0   0.000004442
      2401.0   0.000112136
      2402.0   0.000121674
      2403.0   0.000107200
      2404.0   0.000015729
      2405.0   0.000059226
      2406.0   0.000101768
      2407.0   0.000154666
      2408.0   0.000071275
      2409.0   0.000063634
      2410.0   0.000000000
      2411.0   0.000133039
      2412.0   0.000049942
      2413.0   0.000099392
      2414.0   0.000016817
      2415.0   0.000078643
      2416.0   0.000171765
      2417.0   0.000000000
      2418.0   0.000063815
      2419.0   0.000014487
      2420.0   0.000078942
      2421.0   0.000063603
      2422.0   0.000100358
      2423.0   0.000042555
      2424.0   0.000000000
      2425.0   0.000061122
      2426.0   0.000000000
      2427.0   0.000046238
      2428.0   0.000063865
      2429.0   0.000007343
      2430.0   0.000033856
      2431.0   0.000000000
      2432.0   0.000048962
      2433.0   0.000004158
      2434.0   0.000124054
      2435.0   0.000039458
      2436.0   0.000000000
      2437.0   0.000000000
      2438.0   0.000060170
      2439.0   0.000174922
      2440.0   0.000108246
      2441.0   0.000081068
      2442.0   0.000000000
      2443.0   0.000107136
      2444.0   0.000033385
      2445.0   0.000115387
      2446.0   0.000000000
      2447.0   0.000000000
      2448.0   0.000006464
      2449.0   0.000069204
      2450.0   0.000121471
      2451.0   0.000011890
      2452.0   0.000000000
      2453.0   0.000042906
      2454.0   0.000000000
      2455.0   0.000000000
      2456.0   0.000104662
      2457.0   0.000141226
      2458.0   0.000022809
      2459.0   0.000000000
      2460.0   0.000023861
      2461.0   0.000144990
      2462.0   0.000065788
      2463.0   0.000002411
      2464.0   0.000119900
      2465.0   0.000050917
      2466.0   0.000000000
      2467.0   0.000025399
      2468.0   0.000031174
      2469.0   0.000020907
      2470.0   0.000000000
      2471.0   0.000021051
      2472.0   0.000000000
      2473.0   0.000000000
      2474.0   0.000067240
      2475.0   0.000000000
      2476.0   0.000047929
      2477.0   0.000022875
      2478.0   0.000000000
      2479.0   0.000042121
      2480.0   0.000000000
      2481.0   0.000000000
      2482.0   0.000060863
      2483.0   0.000045168
      2484.0   0.000000000
      2485.0   0.000052925
      2486.0   0.000030240
      2487.0   0.000146074
      2488.0   0.000095249
      2489.0   0.000030703
      2490.0   0.000000000
      2491.0   0.000052100
      2492.0   0.000068803
      2493.0   0.000182770
      2494.0   0.000035905
      2495.0   0.000004691
      2496.0   0.000000000
      2497.0   0.000039704
      2498.0   0.000000000
      2499.0   0.000064984
      2500.0   0.000010921
      2501.0   0.000000000
      2502.0   0.000029532
      2503.0   0.000000000
      2504.0   0.000000000
      2505.0   0.000043575
      2506.0   0.000219891
      2507.0   0.000050210
      2508.0   0.000000000
      2509.0   0.000000000
      2510.0   0.000006757
      2511.0   0.000076470
      2512.0   0.000000000
      2513.0   0.000000000
      2514.0   0.000012947
      2515.0   0.000068247
      2516.0   0.000000000
      2517.0   0.000000000
      2518.0   0.000076081
      2519.0   0.000222094
      2520.0   0.000000000
      2521.0   0.000000000
      2522.0   0.000000000
      2523.0   0.000090558
      2524.0   0.000112836
      2525.0   0.000000000
      2526.0   0.000000000
      2527.0   0.000000000
      2528.0   0.000056283
      2529.0   0.000000000
      2530.0   0.000000000
      2531.0   0.000000000
      2532.0   0.000029946
      2533.0   0.000131846
      2534.0   0.000052916
      2535.0   0.000005869
      2536.0   0.000000000
      2537.0   0.000116785
      2538.0   0.000210107
      2539.0   0.000012550
      2540.0   0.000000000
      2541.0   0.000000000
      2542.0   0.000000000
      2543.0   0.000075911
      2544.0   0.000129574
      2545.0   0.000119675
      2546.0   0.000000000
      2547.0   0.000000000
      2548.0   0.000000000
      2549.0   0.000000000
      2550.0   0.000000000
      2551.0   0.000077024
      2552.0   0.000016313
      2553.0   0.000050530
      2554.0   0.000130407
      2555.0   0.000096575
      2556.0   0.000038935
      2557.0   0.000012702
      2558.0   0.000000000
      2559.0   0.000000000
      2560.0   0.000135049
      2561.0   0.000000242
      2562.0   0.000038669
      2563.0   0.000089742
      2564.0   0.000000000
      2565.0   0.000000000
      2566.0   0.000007494
      2567.0   0.000000000
      2568.0   0.000114848
      2569.0   0.000073049
      2570.0   0.000021288
      2571.0   0.000000000
      2572.0   0.000000000
      2573.0   0.000025179
      2574.0   0.000059539
      2575.0   0.000034016
      2576.0   0.000188169
      2577.0   0.000191198
      2578.0   0.000000000
      2579.0   0.000000000
      2580.0   0.000110200
      2581.0   0.000000000
      2582.0   0.000000000
      2583.0   0.000004301
      2584.0   0.000067472
      2585.0   0.000126599
      2586.0   0.000074892
      2587.0   0.000002288
      2588.0   0.000149197
      2589.0   0.000000000
      2590.0   0.000171704
      2591.0   0.000209205
      2592.0   0.000251711
      2593.0   0.000000000
      2594.0   0.000000000
      2595.0   0.000000000
      2596.0   0.000000000
      2597.0   0.000117247
      2598.0   0.000327673
      2599.0   0.000193038
      2600.0   0.000000000
      2601.0   0.000000000
      2602.0   0.000000000
      2603.0   0.000000000
      2604.0   0.000209280
      2605.0   0.000000000
      2606.0   0.000210840
      2607.0   0.000076238
      2608.0   0.000229096
      2609.0   0.000046169
      2610.0   0.000000000
      2611.0   0.000047159
      2612.0   0.000000000
      2613.0   0.000005956
      2614.0   0.000048874
      2615.0   0.000000000
      2616.0   0.000208529
      2617.0   0.000000000
      2618.0   0.000000000
      2619.0   0.000000000
      2620.0   0.000096675
      2621.0   0.000000000
      2622.0   0.000065367
      2623.0   0.000334577
      2624.0   0.000115013
      2625.0   0.000000000
      2626.0   0.000000000
      2627.0   0.000000000
      2628.0   0.000330116
      2629.0   0.000120268
      2630.0   0.000079869
      2631.0   0.000000000
      2632.0   0.000147503
      2633.0   0.000000000
      2634.0   0.000050775
      2635.0   0.000161480
      2636.0   0.000122286
      2637.0   0.000000000
      2638.0   0.000000000
      2639.0   0.000365164
      2640.0   0.000166686
      2641.0   0.000133334
      2642.0   0.000000000
      2643.0   0.000000000
      2644.0   0.000003531
      2645.0   0.000000000
      2646.0   0.000241824
      2647.0   0.000410554
      2648.0   0.000000000
      2649.0   0.000000000
      2650.0   0.000037843
      2651.0   0.000109498
      2652.0   0.000000000
      2653.0   0.000000000
      2654.0   0.000277459
      2655.0   0.000331378
      2656.0   0.000000000
      2657.0   0.000000000
      2658.0   0.000132654
      2659.0   0.000000000
      2660.0   0.000211685
      2661.0   0.000166101
      2662.0   0.000000000
      2663.0   0.000000000
      2664.0   0.000067375
      2665.0   0.000053482
      2666.0   0.000000000
      2667.0   0.034779001
      2668.0   0.000000000
      2669.0   0.000026793
      2670.0   0.000009743
      2671.0   0.014600000
      2672.0   0.000000000
      2673.0   0.000000432
      2674.0   0.004661540
      2675.0   0.000000000
      2676.0   0.007076040
      2677.0   0.007041060
      2678.0   0.007062940
      2679.0   0.007063450
      2680.0   0.007043730
      2681.0   0.007009830
      2682.0   0.006998540
      2683.0   0.006981800
      2684.0   0.006993470
      2685.0   0.006926340
      2686.0   0.006943130
      2687.0   0.006874700
      2688.0   0.006887020
      2689.0   0.006891430
      2690.0   0.006886620
      2691.0   0.006836530
      2692.0   0.006875140
      2693.0   0.006818290
      2694.0   0.006920180
      2695.0   0.006840820
      2696.0   0.006820240
      2697.0   0.006833180
      2698.0   0.006592510
      2699.0   0.006673390
      2700.0   0.006840160
